4
292
3


Average switches per iteration:
499.0
488.5
1.0
750.8
8.9
308.1
1.0
741.5
215.7
426.8


Average run-times per iteration:
5.172614932060242
0.09007368087768555
0.27315688133239746
0.0012191534042358398
0.01045384407043457
0.04029269218444824
4.152343773841858
0.03143031597137451
0.012360882759094239
0.05288543701171875


Average utilities per iteration:
-421.975
-421.19899999999996
-185.265
-627.878
-444.72800000000007
-140.731
-119.46599999999998
-603.589
-107.67600000000002
-199.65


