4
292
3


Average switches per iteration:
475.1
540.1
1.0
752.8
8.9
215.1
1.0
739.8
107.4
235.1


Average run-times per iteration:
19.150079584121706
0.31669983863830564
0.2881728172302246
0.004030776023864746
0.03557405471801758
0.128289794921875
13.40111231803894
0.10588715076446534
0.04083371162414551
0.17590038776397704


Average utilities per iteration:
-859.3400000000001
-852.9459999999999
-338.8
-1075.763
-845.7629999999997
-486.39099999999996
-338.7
-1071.431
-440.36400000000003
-515.005


