4
292
3


Average switches per iteration:
482.1
537.9
1.0
756.1
10.7
176.3
1.0
741.8
132.1
281.9


Average run-times per iteration:
12.381692934036256
0.19805102348327636
0.2753521680831909
0.002543997764587402
0.022623062133789062
0.08067457675933838
8.598435521125793
0.06677982807159424
0.025998806953430174
0.1131481647491455


Average utilities per iteration:
-772.332
-770.626
-259.17600000000004
-999.484
-748.134
-381.31500000000005
-255.40800000000004
-956.3639999999999
-383.96400000000006
-444.98900000000003


