4
292
3


Average switches per iteration:
481.4
491.9
1.0
751.7
7.6
474.3
1.0
745.8
268.7
535.6


Average run-times per iteration:
5.383652186393737
0.09634342193603515
0.2927088737487793
0.0012719869613647462
0.011479949951171875
0.04497470855712891
4.220700693130493
0.03265666961669922
0.012653994560241699
0.05373644828796387


Average utilities per iteration:
-387.06699999999995
-419.55699999999996
0.0
-668.3140000000001
-352.61800000000005
-154.049
0.0
-633.948
-105.08399999999999
-164.89399999999998


