4
292
3


Average switches per iteration:
477.2
535.7
1.0
755.1
9.7
199.6
1.0
736.1
140.3
289.1


Average run-times per iteration:
6.02040798664093
0.09702496528625489
0.2703529119491577
0.001247096061706543
0.011055564880371094
0.039460945129394534
4.257636404037475
0.03263900279998779
0.012687206268310547
0.05567653179168701


Average utilities per iteration:
-740.7059999999999
-751.981
-264.68000000000006
-967.2729999999999
-703.808
-394.504
-266.01200000000006
-943.7759999999998
-398.605
-448.01000000000005


