4
292
3


Average switches per iteration:
485.0
541.1
1.0
753.0
11.1
194.9
1.0
743.3
117.5
248.7


Average run-times per iteration:
12.550705456733704
0.20651819705963134
0.2828972578048706
0.002626180648803711
0.023328113555908202
0.08406457901000977
8.801333999633789
0.06930444240570069
0.026604938507080077
0.1176612138748169


Average utilities per iteration:
-769.1020000000001
-762.348
-262.04800000000006
-995.1169999999998
-747.8129999999999
-392.344
-259.1240000000001
-972.6780000000001
-372.93800000000005
-431.74799999999993


