4
292
3


Average switches per iteration:
488.1
543.3
1.0
749.2
10.2
219.0
1.0
744.0
144.2
276.6


Average run-times per iteration:
6.158017873764038
0.10149025917053223
0.2778148174285889
0.0012840509414672851
0.011399292945861816
0.04129269123077393
4.302132654190063
0.03385019302368164
0.012881159782409668
0.05757551193237305


Average utilities per iteration:
-752.981
-752.3720000000001
-262.54800000000006
-979.2209999999999
-709.7389999999999
-396.886
-262.30000000000007
-950.445
-382.67600000000004
-437.814


