4
292
3


Average switches per iteration:
480.9
541.7
1.0
752.1
9.5
165.0
1.0
751.5
100.0
266.9


Average run-times per iteration:
18.892422199249268
0.30342879295349123
0.2804269313812256
0.003844952583312988
0.034574580192565915
0.12321231365203858
13.145706224441529
0.10207941532135009
0.03967750072479248
0.17035408020019532


Average utilities per iteration:
-858.518
-850.7049999999999
-330.6
-1090.414
-847.3259999999998
-452.56000000000006
-357.12800000000004
-1078.224
-438.74899999999997
-526.617


