18
607
4


Average switches per iteration:
953.5
908.3
967.9
941.9
33.8
833.8
700.6
936.3
421.5
880.7


Average run-times per iteration:
175.91609108448029
3.7905591249465944
2.1896366834640504
0.006807518005371094
0.0654670238494873
0.4049250364303589
166.6316195011139
0.397179102897644
0.1636293649673462
3.6742969274520876


Average utilities per iteration:
-649.708
-660.829
-409.922
-861.9650000000001
-1133.907
-773.226
-842.7790000000001
-856.9349999999998
-695.4469999999999
-865.7959999999999


