18
607
4


Average switches per iteration:
940.5
867.3
967.2
943.2
30.0
666.5
400.9
937.4
269.6
740.0


Average run-times per iteration:
30.756268429756165
0.7275281429290772
2.124899411201477
0.001331019401550293
0.012055253982543946
0.07970688343048096
31.31674015522003
0.06847240924835205
0.03173840045928955
0.7096424579620362


Average utilities per iteration:
-428.08599999999996
-431.0469999999999
-213.839
-657.3309999999999
-924.095
-422.379
-558.3109999999999
-636.1389999999999
-269.507
-557.04


