18
607
4


Average switches per iteration:
955.5
908.0
964.6
946.0
36.4
807.8
501.3
935.8
425.4
887.6


Average run-times per iteration:
139.46693382263183
3.0427526473999023
2.184356927871704
0.005490994453430176
0.05281383991241455
0.32698955535888674
134.13108842372895
0.31964893341064454
0.13174445629119874
2.936006498336792


Average utilities per iteration:
-675.0960000000001
-685.915
-431.696
-877.109
-1102.8509999999999
-783.393
-795.8889999999999
-882.4190000000001
-704.975
-882.5560000000002


