18
607
4


Average switches per iteration:
953.5
922.0
968.4
944.8
38.8
872.4
401.1
936.0
420.6
877.1


Average run-times per iteration:
33.730092549324034
0.7471672058105469
2.17413444519043
0.0013390541076660155
0.012511706352233887
0.07885048389434815
32.28530955314636
0.07879478931427002
0.032498955726623535
0.7067171573638916


Average utilities per iteration:
-736.0989999999999
-765.2969999999999
-505.293
-951.7479999999999
-1245.3670000000002
-901.409
-751.1469999999999
-945.818
-802.722
-953.9130000000001


