18
607
4


Average switches per iteration:
947.3
916.2
968.4
947.1
37.3
875.2
300.8
939.1
431.9
885.0


Average run-times per iteration:
67.16459171772003
1.489141082763672
2.179485821723938
0.002702164649963379
0.025403976440429688
0.15878214836120605
64.21862435340881
0.15838253498077393
0.06513755321502686
1.4465266227722169


Average utilities per iteration:
-705.3149999999999
-735.265
-474.64799999999997
-924.233
-1202.558
-868.875
-631.0350000000001
-924.4029999999999
-768.914
-917.8330000000002


