18
607
4


Average switches per iteration:
949.8
914.5
971.3
944.3
32.7
845.4
301.3
938.1
408.0
884.2


Average run-times per iteration:
101.67646973133087
2.2352514266967773
2.184823727607727
0.004052090644836426
0.038210129737854
0.23873143196105956
96.47968437671662
0.23817873001098633
0.09809286594390869
2.1864080905914305


Average utilities per iteration:
-660.5880000000001
-687.515
-438.4219999999999
-883.9310000000002
-1216.7099999999998
-793.95
-773.54
-896.8950000000001
-696.1780000000001
-874.082


