18
607
4


Average switches per iteration:
949.1
904.8
964.4
944.6
28.7
828.3
400.7
936.2
391.2
876.1


Average run-times per iteration:
29.566626524925233
0.6842025756835938
1.967202401161194
0.0012544155120849609
0.01191728115081787
0.07715771198272706
31.811219143867493
0.06820812225341796
0.030400300025939943
0.6582667827606201


Average utilities per iteration:
-647.061
-676.862
-405.406
-833.7629999999999
-1227.4450000000002
-754.6270000000001
-682.6129999999999
-847.021
-626.419
-911.0840000000001


