18
607
4


Average switches per iteration:
950.7
907.4
964.9
948.1
35.7
858.5
400.6
932.3
428.1
875.2


Average run-times per iteration:
105.27341859340667
2.3006972312927245
2.1790644407272337
0.004192781448364258
0.04005296230316162
0.2487227201461792
101.83419592380524
0.2423008680343628
0.09977514743804931
2.212563729286194


Average utilities per iteration:
-665.9300000000001
-681.611
-443.34499999999997
-893.521
-1211.3120000000001
-826.634
-629.208
-886.3800000000001
-712.7479999999999
-888.5219999999999


