13
620
4


Average switches per iteration:
946.8
894.7
1.0
922.9
28.1
812.0
501.1
916.7
383.3
843.7


Average run-times per iteration:
25.326424717903137
0.43845860958099364
1.4628806114196777
0.001306605339050293
0.01221637725830078
0.06441400051116944
25.560687375068664
0.06311173439025879
0.02504093647003174
0.41280200481414797


Average utilities per iteration:
-799.4150000000001
-833.8100000000001
-503.26000000000005
-1024.856
-1284.238
-968.2969999999999
-1086.86
-1029.446
-894.4330000000002
-1019.6209999999999


