13
620
4


Average switches per iteration:
949.9
919.5
1.0
925.1
19.5
828.8
900.2
915.9
371.5
831.8


Average run-times per iteration:
25.18023464679718
0.426465368270874
1.4414568185806274
0.0013356447219848634
0.011956071853637696
0.06487243175506592
25.101521182060242
0.05301847457885742
0.024202871322631835
0.4390911102294922


Average utilities per iteration:
-333.31600000000003
-343.94
-73.22999999999999
-559.126
-710.0889999999998
-491.709
-435.67999999999995
-547.494
-386.6120000000001
-560.443


