13
620
4


Average switches per iteration:
949.5
902.1
1.0
917.0
26.7
792.1
900.1
916.1
378.9
850.7


Average run-times per iteration:
104.2796361207962
1.8050281286239624
1.436413621902466
0.0052052497863769535
0.04878072738647461
0.2581911563873291
102.20055480003357
0.2527835607528687
0.1015092134475708
1.640873336791992


Average utilities per iteration:
-798.2970000000001
-838.5229999999999
-492.274
-1023.789
-1275.92
-945.6330000000002
-1188.301
-1010.1469999999999
-858.664
-1014.6650000000002


