13
620
4


Average switches per iteration:
945.9
885.3
1.0
923.9
26.4
821.9
600.5
919.2
372.0
852.8


Average run-times per iteration:
130.10592591762543
2.267550897598267
1.4406284093856812
0.006520915031433106
0.06104710102081299
0.32318174839019775
127.73987205028534
0.3162200450897217
0.1269716739654541
2.0551043510437013


Average utilities per iteration:
-844.137
-884.5200000000001
-535.383
-1066.471
-1353.276
-1015.943
-1145.5369999999998
-1067.117
-902.9590000000001
-1063.6979999999999


