13
620
4


Average switches per iteration:
950.4
917.1
1.0
924.3
19.1
825.3
800.3
916.3
385.0
813.3


Average run-times per iteration:
23.99313235282898
0.42110342979431153
1.4046524047851563
0.0012965440750122071
0.011869049072265625
0.0662766933441162
24.86913561820984
0.055788397789001465
0.02447044849395752
0.4313546657562256


Average utilities per iteration:
-642.5319999999999
-785.0409999999999
-369.613
-909.6610000000001
-1094.108
-814.887
-1007.4649999999999
-873.043
-706.934
-870.607


