13
620
4


Average switches per iteration:
946.1
908.0
1.0
920.7
28.4
786.9
800.2
908.9
381.2
846.7


Average run-times per iteration:
126.41904749870301
2.2246636867523195
1.4795008897781372
0.006609201431274414
0.06139228343963623
0.322721266746521
127.24241230487823
0.317396879196167
0.12572576999664306
2.1195024490356444


Average utilities per iteration:
-846.1139999999999
-879.8119999999999
-531.22
-1069.377
-1308.3690000000001
-985.211
-1145.899
-1059.7450000000001
-913.5049999999999
-1062.441


