13
620
4


Average switches per iteration:
943.7
896.7
1.0
924.3
29.2
832.3
700.5
917.6
363.5
848.6


Average run-times per iteration:
50.98058552742005
0.8871684074401855
1.4670382738113403
0.0026381969451904296
0.02465388774871826
0.12963786125183105
50.6091892004013
0.12720026969909667
0.050432348251342775
0.8429158926010132


Average utilities per iteration:
-823.516
-867.8610000000001
-531.6279999999999
-1054.192
-1315.922
-1005.3420000000002
-1124.316
-1055.584
-879.707
-1053.9080000000001


