13
620
4


Average switches per iteration:
948.7
926.1
1.0
923.9
27.2
810.7
600.4
917.2
388.7
845.7


Average run-times per iteration:
101.69125006198882
1.7745752811431885
1.4753654241561889
0.005299019813537598
0.049243736267089847
0.2586826324462891
101.5883849620819
0.25425000190734864
0.10075395107269287
1.693604302406311


Average utilities per iteration:
-793.4959999999999
-833.6900000000002
-493.338
-1025.312
-1315.192
-949.2040000000001
-1170.4689999999998
-1016.07
-861.182
-1021.6709999999999


