13
620
4


Average switches per iteration:
950.4
912.6
1.0
922.8
25.9
810.4
700.4
922.7
382.1
850.9


Average run-times per iteration:
52.39493961334229
0.887038278579712
1.428008460998535
0.00258028507232666
0.02413935661315918
0.12788476943969726
51.18719322681427
0.12516722679138184
0.050315022468566895
0.8148118495941162


Average utilities per iteration:
-825.82
-867.1700000000001
-532.037
-1055.1200000000001
-1343.303
-1001.4970000000001
-1168.016
-1053.3110000000001
-901.6290000000001
-1053.8290000000002


