17
468
3


Average switches per iteration:
971.5
950.2
128.6
943.9
31.7
890.9
900.3
930.6
421.6
879.0


Average run-times per iteration:
19.047674107551575
0.7071865320205688
1.1829668521881103
0.0013649463653564453
0.013056516647338867
0.07924039363861084
18.642364406585692
0.07758796215057373
0.03179020881652832
0.6660838842391967


Average utilities per iteration:
-770.132
-803.5540000000001
-557.129
-1006.442
-1380.9150000000002
-1000.3039999999999
-927.784
-1012.6379999999999
-926.4099999999999
-1018.1879999999999


