17
468
3


Average switches per iteration:
970.8
950.9
123.8
939.0
29.4
882.1
900.1
932.1
422.2
882.3


Average run-times per iteration:
37.30680782794953
1.390311074256897
1.1063651323318482
0.0027480363845825196
0.0259876012802124
0.15859541893005372
36.24718194007873
0.1570140838623047
0.06390197277069092
1.3277919292449951


Average utilities per iteration:
-789.516
-825.0560000000002
-577.253
-1031.608
-1460.125
-1005.5290000000001
-964.854
-1023.8950000000001
-951.1630000000001
-1040.747


