17
468
3


Average switches per iteration:
970.8
946.3
139.1
939.2
30.5
880.5
700.5
933.9
417.6
875.6


Average run-times per iteration:
38.12477421760559
1.4203293085098267
1.1882660865783692
0.002720165252685547
0.026246047019958495
0.15863463878631592
37.688631534576416
0.155780029296875
0.06381523609161377
1.32816641330719


Average utilities per iteration:
-787.096
-816.7610000000001
-575.976
-1031.903
-1404.9360000000001
-1010.1279999999999
-1035.066
-1028.663
-947.8470000000001
-1035.1


