17
468
3


Average switches per iteration:
969.2
960.2
120.7
941.7
30.6
878.3
600.8
935.8
428.2
878.6


Average run-times per iteration:
76.3719143629074
2.8828248262405394
1.1993952751159669
0.005566263198852539
0.05394136905670166
0.3253272533416748
75.97670588493347
0.3164660453796387
0.12948756217956542
2.6849445104599


Average utilities per iteration:
-799.005
-833.6400000000001
-596.403
-1042.4419999999998
-1456.2689999999998
-1006.8849999999999
-1000.399
-1049.9119999999998
-983.711
-1036.986


