17
468
3


Average switches per iteration:
970.0
952.2
120.8
946.0
22.0
881.3
797.5
935.6
398.7
825.0


Average run-times per iteration:
17.321431016922
0.6617566347122192
1.1535462379455566
0.0013210296630859375
0.012894058227539062
0.0796903133392334
17.739717078208923
0.06894068717956543
0.030575108528137208
0.6296572685241699


Average utilities per iteration:
-721.5020000000001
-703.2
-548.507
-924.2729999999999
-1322.7720000000002
-814.701
-859.4010000000001
-977.4370000000001
-762.905
-899.9950000000001


