17
468
3


Average switches per iteration:
971.1
955.3
137.9
940.9
32.7
870.4
900.3
933.8
413.9
878.1


Average run-times per iteration:
93.23058524131775
3.468179440498352
1.1221060037612915
0.00691993236541748
0.06530792713165283
0.39572896957397463
90.45843019485474
0.39256579875946046
0.15967223644256592
3.289822220802307


Average utilities per iteration:
-858.2029999999999
-894.4709999999999
-645.211
-1103.4450000000002
-1486.637
-1084.331
-1043.0720000000001
-1105.394
-1035.131
-1112.0579999999998


