10
504
5


Average switches per iteration:
884.6
894.8
1.0
897.8
24.8
795.8
800.2
895.9
343.8
815.2


Average run-times per iteration:
111.94698641300201
1.6137722730636597
1.1845046043395997
0.006891465187072754
0.063598370552063
0.3072829246520996
114.84927961826324
0.27667338848114015
0.11307253837585449
1.4234479188919067


Average utilities per iteration:
-823.5869999999999
-843.9309999999999
-567.848
-995.733
-1232.5009999999997
-916.0139999999999
-1010.6940000000001
-983.507
-828.3490000000002
-1003.1470000000002


