10
504
5


Average switches per iteration:
886.0
899.5
1.0
905.4
27.4
789.1
700.3
892.1
384.5
805.8


Average run-times per iteration:
44.40252225399017
0.6510924339294434
1.1688979148864747
0.0027693033218383787
0.025202202796936034
0.12208209037780762
45.787531638145445
0.11174187660217286
0.045065450668334964
0.5777895212173462


Average utilities per iteration:
-679.25
-699.1479999999999
-443.729
-850.6990000000002
-1048.9699999999998
-790.777
-847.3299999999999
-867.8549999999999
-691.239
-840.2810000000002


