10
504
5


Average switches per iteration:
887.3
882.8
1.0
897.6
24.4
789.0
600.8
891.6
397.2
794.8


Average run-times per iteration:
107.86132822036743
1.541266679763794
1.1440169095993042
0.006666254997253418
0.060574674606323244
0.28770411014556885
108.14506669044495
0.26526761054992676
0.1088071346282959
1.3974729537963868


Average utilities per iteration:
-818.995
-838.8240000000002
-570.385
-998.5709999999999
-1202.8110000000001
-925.7950000000001
-1068.092
-995.637
-871.5880000000001
-994.845


