10
504
5


Average switches per iteration:
882.1
881.0
1.0
901.5
16.2
816.2
800.2
893.4
397.4
834.6


Average run-times per iteration:
20.567091155052186
0.29826509952545166
1.1679069757461549
0.0012920618057250977
0.011848902702331543
0.05949432849884033
21.18950695991516
0.04581558704376221
0.020918869972229005
0.31408421993255614


Average utilities per iteration:
-259.85
-269.96999999999997
-29.310000000000002
-438.465
-637.34
-358.3
-446.18999999999994
-463.0
-266.435
-485.96000000000004


