10
504
5


Average switches per iteration:
883.2
894.5
1.0
902.8
22.4
791.1
700.3
892.2
371.5
805.8


Average run-times per iteration:
43.03550374507904
0.6168694019317627
1.1298805475234985
0.0026829719543457033
0.024183773994445802
0.11442451477050782
43.203082013130185
0.10718810558319092
0.04340708255767822
0.5699845314025879


Average utilities per iteration:
-669.7950000000001
-699.447
-437.9530000000001
-849.9370000000001
-1086.271
-772.3610000000001
-865.7299999999999
-844.482
-683.0440000000001
-838.034


