4
292
3


Average switches per iteration:
4.0
14.7
502.2
750.6
29.6
484.3
1.0
51.3
229.5
413.1


Average run-times per iteration:
4.285821270942688
0.16504600048065185
0.5105915546417237
0.001978564262390137
0.02563765048980713
0.04960289001464844
4.306634426116943
0.0259033203125
0.012810611724853515
0.051323866844177245


Average utilities per iteration:
-573.9100000000001
-502.22700000000003
-425.14000000000004
-916.6919999999998
-581.6709999999999
-502.64300000000003
-507.1
-431.592
-447.39399999999995
-478.64400000000006


