4
292
3


Average switches per iteration:
9.2
8.3
1.0
746.6
196.2
373.5
1.0
57.5
236.0
369.9


Average run-times per iteration:
107.49543027877807
3.358952522277832
28.50622010231018
0.10240161418914795
0.6179567813873291
0.6618834972381592
444.352640914917
0.5296658039093017
0.3348949670791626
1.194827151298523


Average utilities per iteration:
-65.53999999999999
-174.74499999999998
-58.531000000000006
-634.4350000000001
-175.31400000000002
-182.15200000000002
-93.881
-81.38699999999999
-120.998
-184.494


