17
607
5


Average switches per iteration:
95.6
122.4
60.5
941.6
241.6
865.7
1.0
92.6
450.1
993.1


Average run-times per iteration:
33.47916202545166
0.5103805303573609
6.3041881084442135
0.0020650386810302734
0.02645604610443115
0.07654929161071777
36.098892951011656
0.06245017051696777
0.02945394515991211
0.08740508556365967


Average utilities per iteration:
-549.551
-561.7909999999999
-391.31100000000004
-1023.2860000000001
-656.865
-909.441
-558.4590000000001
-587.138
-746.788
-1023.0260000000001


