17
495
4


Average switches per iteration:
17.0
385.1
1.0
942.9
491.0
889.4
600.7
92.4
445.1
848.4


Average run-times per iteration:
54.40432322025299
2.014381766319275
62.12150228023529
0.004331159591674805
0.04924592971801758
0.19972400665283202
302.5104169845581
0.19378929138183593
0.09125804901123047
1.8706650972366332


Average utilities per iteration:
-490.8789999999999
-469.8259999999999
-448.399
-960.588
-636.741
-844.8109999999999
-509.985
-479.6929999999999
-674.1189999999999
-861.7209999999999


