17
508
4


Average switches per iteration:
18.4
433.9
1000.0
943.7
470.8
898.9
604.2
87.8
450.1
863.7


Average run-times per iteration:
73.62496283054352
2.711099648475647
110.45611863136291
0.00830247402191162
0.0782935619354248
0.2763984680175781
340.45127110481263
0.25480098724365235
0.13125579357147216
2.319005584716797


Average utilities per iteration:
-602.1509999999998
-614.4029999999998
-599.1119999999999
-1058.809
-807.795
-986.2149999999999
-684.5469999999999
-643.0689999999998
-815.0489999999999
-985.9399999999999


