17
637
3


Average switches per iteration:
15.1
390.1
1.0
940.0
454.7
880.6
800.9
93.5
452.4
867.0


Average run-times per iteration:
24.11847343444824
0.8068667650222778
1.5268841505050659
0.002194499969482422
0.024960589408874512
0.09029502868652343
54.03350374698639
0.07154667377471924
0.03349130153656006
0.6126335382461547


Average utilities per iteration:
-597.8219999999999
-611.3939999999999
-594.1579999999998
-1044.972
-778.2379999999999
-981.51
-889.747
-637.0359999999998
-796.0909999999999
-969.548


