12
562
5


Average switches per iteration:
15.2
367.7
1.0
920.1
335.1
772.2
201.5
90.8
428.8
757.4


Average run-times per iteration:
60.49810652732849
1.2156437397003175
61.66311793327331
0.004433369636535645
0.059331631660461424
0.16631746292114258
315.05939545631406
0.13821165561676024
0.07022583484649658
0.9638322353363037


Average utilities per iteration:
-301.83699999999993
-322.76399999999995
-327.3349999999999
-812.859
-428.55600000000004
-555.6809999999999
-326.736
-357.753
-514.007
-589.814


