12
575
5


Average switches per iteration:
6.6
210.4
1.0
915.5
598.3
813.1
579.9
89.0
434.0
830.6


Average run-times per iteration:
68.33243696689605
1.7190041303634644
82.8145827293396
0.005340218544006348
0.056992316246032716
0.20232686996459961
369.15082199573516
0.15402204990386964
0.07068858146667481
1.1044711112976073


Average utilities per iteration:
-597.9039999999999
-617.7239999999999
-595.4039999999999
-1109.96
-938.082
-999.5440000000001
-957.914
-640.4239999999998
-823.204
-1031.484


