12
575
5


Average switches per iteration:
8.6
222.6
1.0
916.9
354.0
762.0
545.2
91.7
431.9
780.3


Average run-times per iteration:
78.02366807460785
1.6424699783325196
82.09342656135559
0.005675292015075684
0.05588173866271973
0.21978068351745605
405.9507784843445
0.20788164138793946
0.08457722663879394
1.2798712730407715


Average utilities per iteration:
-401.032
-468.5589999999999
-396.52599999999995
-927.601
-547.9710000000001
-792.0530000000001
-791.728
-505.026
-644.0719999999999
-823.542


