12
575
5


Average switches per iteration:
7.5
196.5
1.0
917.1
488.6
805.4
796.0
91.1
422.6
814.2


Average run-times per iteration:
78.19623498916626
1.564859104156494
85.86433918476105
0.004253649711608886
0.07350904941558838
0.21534688472747804
394.34444830417635
0.2163226366043091
0.08238525390625
1.24375262260437


Average utilities per iteration:
-590.5899999999999
-608.812
-587.418
-1101.2459999999999
-874.6679999999999
-985.9200000000001
-1042.5079999999998
-638.28
-810.0899999999999
-1001.2859999999998


