17
569
3


Average switches per iteration:
22.1
460.9
1.0
939.3
401.0
890.4
601.2
97.6
454.1
831.9


Average run-times per iteration:
52.75881145000458
2.007619261741638
36.04046700000763
0.005104184150695801
0.06250443458557128
0.24547891616821288
304.15431632995603
0.21921722888946532
0.1129380702972412
2.119356083869934


Average utilities per iteration:
-231.34599999999995
-251.35899999999998
-247.35999999999996
-732.972
-424.26399999999995
-646.51
-579.358
-287.33099999999996
-467.962
-607.356


