17
610
3


Average switches per iteration:
8.1
278.3
1.0
939.8
573.6
871.9
800.4
96.2
450.1
861.9


Average run-times per iteration:
60.03781554698944
2.459460139274597
51.695336961746214
0.00800926685333252
0.06604456901550293
0.2683053731918335
350.08213303089144
0.2292158842086792
0.1016233205795288
2.162587785720825


Average utilities per iteration:
-592.9119999999999
-611.365
-589.7639999999999
-1074.8759999999997
-845.0039999999999
-997.232
-997.1029999999998
-636.216
-807.9720000000001
-1005.7950000000001


