17
610
3


Average switches per iteration:
7.7
299.5
1.0
939.9
403.2
884.9
900.2
95.4
454.8
856.3


Average run-times per iteration:
68.1481883764267
2.5062872886657717
51.726093769073486
0.006166148185729981
0.07472989559173585
0.27968432903289797
382.0387838840485
0.2736769199371338
0.12252426147460938
2.486138105392456


Average utilities per iteration:
-474.933
-482.561
-467.20799999999997
-938.716
-614.385
-822.665
-915.3549999999999
-446.2709999999999
-636.9300000000001
-845.9739999999999


