10
491
3


Average switches per iteration:
5.4
153.3
1.0
902.0
673.5
744.5
684.5
87.5
409.6
758.5


Average run-times per iteration:
45.81087985038757
1.7083940505981445
70.72198870182038
0.004461073875427246
0.08646717071533203
0.23804914951324463
226.66160640716552
0.20039129257202148
0.09293649196624756
1.1304372787475585


Average utilities per iteration:
-602.28
-621.9799999999999
-599.9999999999998
-1059.8700000000001
-957.2
-891.45
-984.4799999999999
-644.6799999999997
-797.6699999999998
-931.7199999999999


