10
491
3


Average switches per iteration:
8.0
171.0
1.0
900.4
672.8
807.3
600.8
87.7
404.1
764.2


Average run-times per iteration:
43.734868836402896
1.5031829833984376
72.17254827022552
0.004295778274536133
0.08203694820404053
0.225850510597229
227.54310867786407
0.19083826541900634
0.08574795722961426
1.1125333547592162


Average utilities per iteration:
-602.0399999999998
-619.0699999999999
-599.3999999999999
-1061.1299999999999
-958.7099999999998
-943.4199999999998
-940.9400000000002
-635.6099999999999
-788.8999999999999
-943.05


