10
491
3


Average switches per iteration:
11.7
219.3
1.0
896.7
321.1
774.9
587.4
87.5
424.5
700.3


Average run-times per iteration:
46.08437745571136
1.8248178243637085
71.15084869861603
0.007375955581665039
0.07341771125793457
0.24630553722381593
228.62610878944398
0.20404934883117676
0.09596908092498779
1.032433843612671


Average utilities per iteration:
-221.539
-240.18200000000002
-230.19399999999996
-692.317
-385.725
-531.0920000000001
-534.7520000000001
-271.294
-419.571
-463.02699999999993


