10
517
3


Average switches per iteration:
10.9
246.3
1.0
902.5
240.0
759.5
567.0
83.9
421.0
759.0


Average run-times per iteration:
39.161328530311586
1.2860652923583984
91.97245008945465
0.004208564758300781
0.053122663497924806
0.16557321548461915
196.8166829586029
0.15164759159088134
0.07479133605957031
0.8361610889434814


Average utilities per iteration:
-478.684
-510.91799999999995
-523.3489999999999
-982.2940000000001
-607.1229999999998
-762.7409999999999
-841.0799999999999
-541.671
-654.723
-750.65


