11
623
4


Average switches per iteration:
37.6
309.0
1.0
911.7
527.9
784.9
600.8
85.3
425.2
809.8


Average run-times per iteration:
63.583031463623044
1.43187415599823
115.90787127017975
0.006567168235778809
0.05597302913665771
0.1914658546447754
290.8916073322296
0.1645299196243286
0.07889654636383056
1.010011076927185


Average utilities per iteration:
-596.7959999999998
-610.4009999999998
-594.4189999999999
-1016.9680000000001
-853.6029999999998
-895.906
-692.934
-629.3839999999998
-789.8299999999999
-939.507


