11
623
4


Average switches per iteration:
18.0
374.3
1.0
909.2
356.2
809.5
301.1
94.2
422.8
757.7


Average run-times per iteration:
71.0791672706604
1.6279517889022828
117.37404611110688
0.008410358428955078
0.07372531890869141
0.22859907150268555
316.47755608558657
0.1987236738204956
0.09194679260253906
1.1311757802963256


Average utilities per iteration:
-294.24299999999994
-314.19699999999995
-320.972
-721.295
-456.549
-610.781
-375.16499999999996
-341.10900000000004
-478.309
-586.3349999999999


