11
623
4


Average switches per iteration:
37.0
298.5
1.0
909.9
501.9
799.2
301.0
96.9
428.8
803.0


Average run-times per iteration:
69.70807566642762
1.7241118669509887
114.69891514778138
0.005576109886169434
0.06331796646118164
0.22926528453826905
308.9098814725876
0.18537986278533936
0.0823894739151001
1.1597865104675293


Average utilities per iteration:
-597.707
-612.2739999999998
-595.0679999999999
-1022.958
-840.4789999999999
-926.8699999999999
-678.4679999999998
-640.1299999999999
-786.2149999999999
-945.0099999999999


