16
705
4


Average switches per iteration:
8.5
273.5
3.0
932.8
654.6
849.3
101.0
93.9
446.3
858.2


Average run-times per iteration:
77.47175722122192
1.9625049591064454
67.28326046466827
0.004120397567749024
0.06430959701538086
0.21525359153747559
412.3983102321625
0.19509656429290773
0.09210450649261474
1.7040985107421875


Average utilities per iteration:
-566.413
-592.2539999999999
-526.8109999999999
-1033.9379999999999
-846.9369999999999
-934.4369999999999
-607.046
-617.6259999999999
-777.503
-961.698


