16
781
4


Average switches per iteration:
124.7
427.5
1.0
940.1
524.4
881.0
301.5
96.1
446.9
864.9


Average run-times per iteration:
87.28226809501648
1.9780601501464843
93.41491875648498
0.01026310920715332
0.05739891529083252
0.20990281105041503
435.67148103713987
0.1892169237136841
0.1040463924407959
1.7282386541366577


Average utilities per iteration:
-403.84399999999994
-410.57399999999996
-458.812
-855.201
-602.1429999999999
-729.8190000000001
-435.19800000000004
-418.062
-550.944
-786.9770000000001


