16
781
4


Average switches per iteration:
21.1
488.4
1.0
934.6
341.9
863.5
400.7
88.8
455.5
822.6


Average run-times per iteration:
87.26715261936188
1.848647451400757
96.49019577503205
0.0050774097442626955
0.060213446617126465
0.221710467338562
430.55281019210815
0.19788939952850343
0.0901641607284546
1.7981638669967652


Average utilities per iteration:
-204.61899999999997
-221.80499999999998
-223.95299999999997
-649.94
-344.14
-538.8509999999999
-242.65199999999996
-255.83999999999997
-397.31899999999996
-508.485


