16
781
4


Average switches per iteration:
12.0
408.8
1.0
941.5
483.1
856.6
401.0
92.4
450.5
866.8


Average run-times per iteration:
77.07190465927124
1.647107195854187
92.04533879756927
0.004580378532409668
0.055207562446594236
0.19011178016662597
387.65557396411896
0.16895182132720948
0.07955870628356934
1.5404579877853393


Average utilities per iteration:
-598.0449999999998
-610.9499999999998
-595.4149999999997
-1037.757
-798.5229999999999
-926.3859999999999
-755.5189999999999
-627.983
-797.1229999999998
-955.762


