19
684
4


Average switches per iteration:
48.3
360.1
1.0
947.0
500.6
884.3
600.9
96.7
455.4
864.2


Average run-times per iteration:
86.34470143318177
2.3310636043548585
66.58358981609345
0.00664987564086914
0.05917880535125732
0.2513864755630493
459.725560259819
0.24083077907562256
0.1010432243347168
2.3753226518630983


Average utilities per iteration:
-398.599
-418.11899999999986
-441.9249999999999
-912.2630000000001
-600.257
-845.9439999999998
-369.56499999999994
-479.038
-637.012
-843.317


