19
684
4


Average switches per iteration:
10.9
323.5
1.0
947.9
587.8
892.8
900.6
91.3
452.8
874.9


Average run-times per iteration:
76.30267341136933
2.004263138771057
67.11440360546112
0.004900789260864258
0.05055880546569824
0.21630434989929198
413.15035264492036
0.19203169345855714
0.10306603908538818
2.1286304712295534


Average utilities per iteration:
-602.1499999999999
-621.3299999999997
-599.3999999999999
-1089.96
-811.6599999999999
-1006.6899999999999
-669.5799999999999
-640.6399999999999
-821.8799999999999
-1010.68


