19
684
4


Average switches per iteration:
14.0
353.5
1.0
948.1
574.1
820.5
201.5
95.1
439.8
828.5


Average run-times per iteration:
86.6381195306778
2.5195210933685304
67.45300843715668
0.005381965637207031
0.059511351585388186
0.25588929653167725
451.88266954422
0.21201763153076172
0.10416698455810547
2.2397790431976317


Average utilities per iteration:
-339.67999999999995
-473.3299999999999
-599.9999999999998
-981.9699999999999
-624.81
-755.62
-347.90999999999997
-484.8299999999999
-626.1499999999999
-765.6600000000001


