19
684
4


Average switches per iteration:
27.6
453.2
1.0
950.9
333.7
862.3
400.9
96.3
460.6
817.7


Average run-times per iteration:
87.0212126493454
2.5836912870407103
69.19723880290985
0.006422710418701172
0.06468243598937988
0.23939957618713378
456.06481702327727
0.23566136360168458
0.11399405002593994
2.3461835861206053


Average utilities per iteration:
-148.764
-170.36999999999998
-170.664
-636.144
-293.947
-494.12199999999996
-154.57
-205.35899999999998
-371.88399999999996
-457.04499999999996


