10
594
3


Average switches per iteration:
7.7
240.4
1.0
897.7
291.6
778.7
401.0
87.7
416.9
774.2


Average run-times per iteration:
59.92924613952637
1.7073862314224244
41.783374309539795
0.0051297426223754885
0.08101181983947754
0.2582200050354004
266.49124321937563
0.22617270946502685
0.10913996696472168
1.2623315095901488


Average utilities per iteration:
-592.8300000000002
-605.6899999999999
-590.0
-983.0
-694.1099999999999
-865.45
-763.3199999999999
-628.8499999999998
-760.7599999999999
-883.49


