10
682
3


Average switches per iteration:
6.6
218.1
1.0
899.1
449.4
724.3
366.3
89.3
404.0
728.0


Average run-times per iteration:
57.0791196346283
1.609436297416687
100.02945094108581
0.005701971054077148
0.061319279670715335
0.20133452415466307
328.37831420898436
0.1826477527618408
0.09625132083892822
1.0140522241592407


Average utilities per iteration:
-408.1929999999999
-507.733
-418.67999999999995
-871.1810000000002
-632.452
-678.356
-569.1600000000001
-486.5
-642.7009999999999
-754.7549999999999


