10
682
3


Average switches per iteration:
10.7
236.8
1.0
896.5
468.5
744.4
358.2
87.4
420.5
726.6


Average run-times per iteration:
58.778681135177614
1.2928202390670775
100.601748919487
0.005658674240112305
0.06406817436218262
0.2240684986114502
335.8776214122772
0.17435219287872314
0.0923816442489624
1.0111712217330933


Average utilities per iteration:
-337.60499999999996
-362.98099999999994
-357.71399999999994
-827.7270000000001
-593.511
-637.8399999999999
-498.2359999999999
-387.753
-548.7610000000001
-633.4219999999999


