10
594
3


Average switches per iteration:
8.9
230.2
1.0
900.2
276.3
762.2
202.1
81.7
416.2
770.8


Average run-times per iteration:
44.29138691425324
1.5010695695877074
40.08599050045014
0.011176633834838866
0.07511429786682129
0.19583454132080078
219.5075561761856
0.15105366706848145
0.07958059310913086
0.9622142553329468


Average utilities per iteration:
-592.3599999999999
-605.446
-589.4820000000001
-980.8979999999999
-691.2679999999998
-856.1359999999999
-644.5919999999999
-623.6449999999999
-762.7259999999999
-883.4099999999999


