10
711
3


Average switches per iteration:
9.7
238.0
1.0
905.0
730.2
764.6
292.2
90.5
407.8
767.9


Average run-times per iteration:
57.36859369277954
1.4160476446151733
132.3179528951645
0.005882954597473145
0.07418310642242432
0.19260337352752685
241.26882994174957
0.16677660942077638
0.07759382724761962
0.984021258354187


Average utilities per iteration:
-601.9399999999999
-616.7199999999999
-599.3999999999999
-1045.44
-950.7399999999998
-920.8699999999999
-696.6499999999999
-636.7299999999999
-785.2199999999999
-913.4399999999999


