10
644
3


Average switches per iteration:
24.7
347.4
1.0
905.0
414.8
742.2
600.9
85.1
413.6
703.2


Average run-times per iteration:
45.22198889255524
1.0969577074050902
71.57924523353577
0.0055049419403076175
0.054274773597717284
0.17277653217315675
227.6348307132721
0.14171183109283447
0.07873966693878173
0.8688756942749023


Average utilities per iteration:
-431.17299999999994
-490.3959999999999
-485.703
-913.4279999999999
-669.343
-728.322
-544.8109999999999
-535.36
-656.0600000000001
-681.111


