10
644
3


Average switches per iteration:
48.8
389.2
1.0
905.4
469.1
735.1
301.1
93.5
413.4
668.5


Average run-times per iteration:
53.672705841064456
1.5722118616104126
69.17028071880341
0.0056533336639404295
0.06509871482849121
0.22290465831756592
264.94158165454866
0.1683577537536621
0.07995250225067138
0.9887700080871582


Average utilities per iteration:
-329.47200000000004
-338.09799999999996
-590.0
-773.165
-528.6220000000001
-551.9929999999999
-387.697
-373.49099999999993
-494.07399999999996
-521.699


