16
578
5


Average switches per iteration:
10.0
37.2
2.0
937.3
234.5
866.4
523.4
91.8
443.4
985.5


Average run-times per iteration:
63.32328224182129
1.0456732511520386
134.83047881126404
0.0038163423538208007
0.058236217498779295
0.16830604076385497
1325.793156862259
0.1635589122772217
0.0667860746383667
0.21970956325531005


Average utilities per iteration:
-439.79200000000003
-421.60300000000007
-426.87199999999996
-937.414
-507.31499999999994
-871.798
-740.6629999999999
-443.59000000000003
-706.0949999999999
-930.441


