16
532
3


Average switches per iteration:
216.0
368.3
22.7
938.3
524.4
816.5
402.1
94.1
447.7
832.4


Average run-times per iteration:
43.453000617027286
1.75021550655365
121.85788254737854
0.004087519645690918
0.053367447853088376
0.1909734010696411
203.08936069011688
0.19758598804473876
0.0893033504486084
1.6038132667541505


Average utilities per iteration:
-357.9789999999999
-372.358
-536.326
-854.825
-597.3210000000001
-727.1690000000001
-520.9200000000001
-399.15299999999996
-568.189
-741.211


