16
578
5


Average switches per iteration:
7.3
21.9
1.0
935.9
235.6
875.3
900.4
92.1
453.9
824.4


Average run-times per iteration:
57.747512102127075
1.1326314210891724
131.38070552349092
0.0034340381622314452
0.0542278528213501
0.14799063205718993
473.51332530975344
0.1414541482925415
0.06573467254638672
1.26825852394104


Average utilities per iteration:
-127.41300000000001
-155.47
-388.168
-655.5730000000001
-260.726
-572.7340000000002
-491.67300000000006
-192.60699999999997
-380.023
-540.454


