16
531
3


Average switches per iteration:
15.5
338.7
1.0
939.0
359.6
864.1
402.2
95.5
448.3
860.1


Average run-times per iteration:
56.06858720779419
2.476803946495056
68.87068374156952
0.008022451400756836
0.07428619861602784
0.24523937702178955
297.72910966873167
0.2614315032958984
0.12414379119873047
2.0363134384155273


Average utilities per iteration:
-592.4799999999999
-610.3399999999999
-589.6980000000001
-1070.298
-740.1139999999999
-977.3699999999999
-698.634
-636.103
-809.95
-985.9399999999999


