16
526
3


Average switches per iteration:
12.8
369.8
2.0
938.9
435.7
867.7
201.1
92.4
452.5
841.2


Average run-times per iteration:
48.25872712135315
1.9806111812591554
48.05116765499115
0.005557465553283692
0.06930592060089111
0.23754591941833497
264.32609996795657
0.21020822525024413
0.10270247459411622
1.7505066871643067


Average utilities per iteration:
-249.80199999999996
-281.60699999999997
-245.541
-760.494
-466.81800000000004
-688.4939999999999
-261.823
-311.318
-492.72800000000007
-661.3320000000001


