16
526
3


Average switches per iteration:
7.3
343.4
2.0
937.2
439.0
844.9
401.2
91.9
454.0
855.3


Average run-times per iteration:
48.9394672870636
1.9494516611099244
43.82028651237488
0.005731987953186035
0.05882816314697266
0.2468595027923584
268.10712060928347
0.2050306797027588
0.09535088539123535
1.8430692195892333


Average utilities per iteration:
-544.7259999999999
-517.539
-474.01000000000005
-977.0690000000001
-695.077
-888.993
-625.0810000000001
-532.882
-733.2459999999999
-939.3220000000001


