18
528
3


Average switches per iteration:
10.3
418.3
1.0
945.6
506.3
893.2
601.3
87.9
455.4
864.3


Average run-times per iteration:
56.82703170776367
2.377970266342163
109.93710479736328
0.007005119323730468
0.06335563659667968
0.2754134893417358
268.64279050827025
0.2537799596786499
0.11497182846069336
2.3929054737091064


Average utilities per iteration:
-593.21
-607.8199999999999
-589.41
-1062.8600000000001
-797.2099999999998
-985.49
-772.8799999999999
-625.418
-809.51
-985.6299999999999


