18
512
3


Average switches per iteration:
63.0
366.2
2.0
945.9
433.8
873.7
201.6
91.1
457.6
866.7


Average run-times per iteration:
50.01874599456787
2.2388898134231567
59.99973254203796
0.00425105094909668
0.058950281143188475
0.22692346572875977
267.7779200315475
0.22362961769104003
0.11715729236602783
2.278789782524109


Average utilities per iteration:
-493.75200000000007
-484.091
-470.01599999999996
-946.4530000000001
-630.3789999999999
-822.7299999999999
-557.8109999999999
-536.455
-701.671
-857.1479999999999


