18
528
3


Average switches per iteration:
27.3
490.0
1.0
942.9
329.9
887.3
302.0
93.9
455.0
853.6


Average run-times per iteration:
65.54042110443115
2.5387271881103515
114.17339296340943
0.0044040679931640625
0.0936553955078125
0.3337036848068237
293.2194300174713
0.28305654525756835
0.1351301670074463
2.7702574729919434


Average utilities per iteration:
-285.20799999999997
-323.11899999999997
-280.8059999999999
-783.898
-434.31499999999994
-677.484
-425.92600000000004
-352.74899999999997
-508.4779999999999
-671.6949999999999


