17
524
5


Average switches per iteration:
22.0
436.3
4.0
941.2
491.3
865.9
101.3
90.1
448.2
827.5


Average run-times per iteration:
82.67987196445465
2.1145157337188722
64.45124833583832
0.005530834197998047
0.060593819618225096
0.24085257053375245
439.85577800273893
0.21721477508544923
0.1055311918258667
2.1563807249069216


Average utilities per iteration:
-394.721
-437.233
-389.32199999999995
-871.0540000000001
-612.5189999999999
-736.7139999999999
-362.94199999999995
-431.619
-614.692
-755.0139999999999


