17
515
5


Average switches per iteration:
11.2
373.1
1.0
941.5
378.7
887.1
401.1
93.9
454.2
856.3


Average run-times per iteration:
62.78630268573761
1.7961989879608153
40.779872965812686
0.0038620948791503905
0.05148401260375977
0.19618723392486573
362.55433387756347
0.16574063301086425
0.0945857048034668
1.7061051845550537


Average utilities per iteration:
-216.60999999999999
-247.93999999999997
-230.435
-686.734
-383.489
-610.8689999999999
-378.03499999999997
-266.95899999999995
-431.828
-615.845


