17
524
5


Average switches per iteration:
7.5
437.5
4.0
936.0
605.5
877.3
101.3
99.0
450.8
867.0


Average run-times per iteration:
73.73805031776428
1.936451244354248
63.18958079814911
0.008160638809204101
0.06648285388946533
0.2172008275985718
399.749545788765
0.2023085355758667
0.08564872741699218
1.8951071500778198


Average utilities per iteration:
-591.4799999999999
-606.621
-589.233
-1024.0010000000002
-858.573
-943.9619999999999
-589.421
-628.799
-793.4269999999999
-955.5899999999999


