17
524
5


Average switches per iteration:
9.6
391.4
4.0
941.9
575.5
895.8
1.3
88.4
448.3
867.0


Average run-times per iteration:
80.96577186584473
2.207034182548523
63.765581130981445
0.007033848762512207
0.06903674602508544
0.24680571556091307
434.5092961072922
0.2418919563293457
0.10755512714385987
2.0830852031707763


Average utilities per iteration:
-593.1499999999999
-607.5899999999999
-590.0
-1027.5
-846.1199999999999
-967.04
-590.1
-631.0899999999999
-782.5799999999999
-969.8399999999999


