18
514
4


Average switches per iteration:
29.8
460.2
1.5
942.8
448.2
894.6
500.7
90.3
451.1
874.7


Average run-times per iteration:
75.20305852890014
2.3970449209213256
108.40544707775116
0.0045493125915527345
0.07130739688873292
0.26087939739227295
361.90018277168275
0.23901994228363038
0.12568421363830568
2.6581784009933473


Average utilities per iteration:
-394.64799999999997
-458.79799999999994
-457.448
-856.967
-649.5699999999999
-819.079
-570.64
-536.838
-611.7209999999999
-841.0849999999998


