18
514
4


Average switches per iteration:
11.2
417.9
1.7
941.4
589.2
896.5
800.3
93.1
456.5
875.7


Average run-times per iteration:
75.5026885509491
2.7657351016998293
109.36406550407409
0.006832599639892578
0.0703963041305542
0.26734840869903564
354.26945939064024
0.25997827053070066
0.12159085273742676
2.5968974590301515


Average utilities per iteration:
-603.4199999999998
-617.2299999999999
-599.9999999999998
-1064.99
-872.3099999999998
-1007.3100000000001
-664.2899999999997
-643.3599999999999
-804.6699999999998
-999.03


