18
514
4


Average switches per iteration:
12.0
415.9
1.4
943.3
622.1
904.6
500.9
93.6
456.6
873.7


Average run-times per iteration:
65.19255349636077
2.3081890821456907
107.73616061210632
0.0053434610366821286
0.06296994686126708
0.2384859323501587
319.71309435367584
0.23453106880187988
0.105517578125
2.1967271327972413


Average utilities per iteration:
-601.7599999999999
-615.7899999999998
-599.3999999999999
-1061.1699999999998
-895.2899999999997
-1006.35
-609.66
-637.1299999999999
-810.3100000000001
-998.6299999999999


