18
493
4


Average switches per iteration:
18.9
435.4
1.0
940.2
480.8
888.5
402.2
90.7
460.2
859.2


Average run-times per iteration:
54.1333003282547
1.7592989444732665
89.21527514457702
0.0038697481155395507
0.05515933036804199
0.2187040328979492
284.4738126516342
0.20243990421295166
0.09569203853607178
1.9772831439971923


Average utilities per iteration:
-278.07
-318.22299999999996
-288.36499999999995
-748.371
-515.6
-690.0229999999999
-452.3929999999999
-343.52599999999995
-509.429
-671.137


