11
566
5


Average switches per iteration:
33.3
324.2
1.0
906.4
576.9
792.1
766.7
86.3
425.9
730.2


Average run-times per iteration:
73.56167533397675
1.5939637184143067
92.51529378890991
0.004372811317443848
0.05966970920562744
0.2004117488861084
390.5703632116318
0.17042605876922606
0.07864198684692383
1.1156219482421874


Average utilities per iteration:
-437.09700000000004
-462.866
-429.0379999999999
-914.818
-680.1299999999999
-785.155
-894.6929999999999
-496.392
-674.7
-722.8950000000001


