11
566
5


Average switches per iteration:
15.3
358.9
1.0
913.9
311.1
752.5
780.6
87.9
418.8
770.2


Average run-times per iteration:
73.65737426280975
1.544293713569641
91.9636904001236
0.0041882991790771484
0.05884740352630615
0.19479687213897706
387.82680637836455
0.18536789417266847
0.09275979995727539
1.1043590307235718


Average utilities per iteration:
-245.51099999999997
-267.816
-267.586
-755.4200000000001
-400.19399999999996
-531.843
-668.0989999999999
-298.22200000000004
-460.633
-584.485


