11
553
5


Average switches per iteration:
14.2
290.7
1.2
909.9
459.1
789.7
500.8
88.7
417.3
805.2


Average run-times per iteration:
68.56792776584625
1.6685479640960694
42.1479576587677
0.00455169677734375
0.06628191471099854
0.21142969131469727
389.39854340553285
0.1802586555480957
0.09307351112365722
1.119516634941101


Average utilities per iteration:
-566.9959999999999
-591.434
-590.0
-993.9159999999999
-752.0269999999999
-859.674
-731.5899999999999
-607.574
-732.3349999999999
-915.4069999999999


