11
566
5


Average switches per iteration:
7.6
255.4
1.0
910.1
678.3
772.1
849.2
91.0
418.2
796.2


Average run-times per iteration:
66.70955693721771
1.5024085521697998
94.23156261444092
0.00401766300201416
0.056809854507446286
0.19478673934936525
356.1717916727066
0.16663851737976074
0.08526387214660644
0.9658370733261108


Average utilities per iteration:
-600.2879999999998
-612.5449999999998
-597.2109999999999
-1086.5849999999998
-906.9259999999998
-925.441
-1109.3239999999998
-637.6959999999999
-809.249
-999.4489999999998


