15
750
5


Average switches per iteration:
45.1
406.5
1.0
930.0
541.3
855.2
600.4
93.7
448.3
836.8


Average run-times per iteration:
66.59722511768341
1.2517224550247192
76.34814434051513
0.00388951301574707
0.040412497520446775
0.13824000358581542
377.2727341413498
0.1274242639541626
0.057930374145507814
1.0815776348114015


Average utilities per iteration:
-474.942
-472.96799999999996
-486.21999999999997
-927.058
-706.307
-785.97
-493.28900000000004
-469.1
-689.9010000000001
-813.6360000000001


