15
750
5


Average switches per iteration:
26.1
505.4
1.0
934.3
323.0
860.5
600.4
93.9
450.5
816.2


Average run-times per iteration:
67.24301903247833
1.277173137664795
77.31773879528046
0.0034121274948120117
0.03709414005279541
0.15314192771911622
374.82815606594085
0.13494377136230468
0.06029930114746094
1.1324475049972533


Average utilities per iteration:
-161.678
-176.34499999999997
-186.26999999999998
-615.4399999999999
-302.62199999999996
-508.08600000000007
-155.57699999999997
-213.88199999999998
-367.259
-489.032


