15
764
5


Average switches per iteration:
11.3
325.3
1.0
932.8
484.5
865.2
200.8
87.9
433.2
841.3


Average run-times per iteration:
92.78525433540344
1.5924657583236694
101.4415885925293
0.00923001766204834
0.049846863746643065
0.17907404899597168
453.1707186937332
0.16414916515350342
0.08030321598052978
1.365333867073059


Average utilities per iteration:
-596.858
-614.1669999999998
-593.731
-1044.8700000000001
-834.0599999999998
-952.7239999999999
-593.6719999999999
-633.8729999999999
-783.9149999999998
-954.833


