15
764
5


Average switches per iteration:
11.2
363.3
1.0
930.8
531.3
852.6
300.8
88.2
438.7
840.8


Average run-times per iteration:
82.82749133110046
1.4085694313049317
102.56852231025695
0.004799866676330566
0.04414210319519043
0.155224609375
417.3174082517624
0.1335761070251465
0.0760383129119873
1.3475992679595947


Average utilities per iteration:
-596.0029999999999
-611.3569999999999
-593.1639999999999
-1031.647
-855.6879999999999
-938.5379999999999
-593.1939999999998
-627.0449999999998
-792.7269999999999
-952.3089999999999


