10
526
5


Average switches per iteration:
22.5
302.3
3.0
903.0
487.9
810.0
741.4
86.7
421.2
746.0


Average run-times per iteration:
66.274689412117
1.3767354011535644
132.89895708560942
0.0069863319396972655
0.06750216484069824
0.20741517543792726
356.85215494632723
0.16128787994384766
0.0801929235458374
0.9409457445144653


Average utilities per iteration:
-461.12699999999995
-456.5849999999999
-427.466
-840.717
-633.9910000000001
-775.549
-759.807
-487.67099999999994
-624.0959999999999
-723.1279999999999


