10
526
5


Average switches per iteration:
56.1
330.0
3.0
896.5
417.3
733.3
879.2
87.2
424.2
742.3


Average run-times per iteration:
65.98298015594483
1.3268194913864135
132.87597885131837
0.005743217468261719
0.06013236045837402
0.20876634120941162
355.35232920646666
0.17376224994659423
0.08415980339050293
0.9863229274749756


Average utilities per iteration:
-295.59299999999996
-314.37600000000003
-288.27699999999993
-717.983
-453.59499999999997
-584.7149999999999
-690.662
-337.568
-481.554
-578.601


