10
526
5


Average switches per iteration:
9.6
283.3
3.0
898.2
690.9
778.5
901.4
86.9
404.5
765.0


Average run-times per iteration:
58.34358003139496
1.3683686256408691
129.70110814571382
0.005371713638305664
0.0533947229385376
0.1755899667739868
329.34124727249144
0.13518121242523193
0.0680349349975586
0.8145733594894409


Average utilities per iteration:
-601.7639999999999
-616.2739999999999
-599.7599999999999
-1016.4199999999998
-829.9099999999999
-904.7099999999998
-949.18
-637.7159999999998
-777.99
-903.3999999999999


