10
526
5


Average switches per iteration:
10.3
242.5
3.0
901.7
675.1
801.6
355.1
87.1
420.1
784.3


Average run-times per iteration:
60.356980895996095
1.2962701797485352
133.5980972766876
0.005574965476989746
0.0631624698638916
0.18548834323883057
344.42452063560484
0.1606776237487793
0.07139873504638672
0.8971212148666382


Average utilities per iteration:
-602.2599999999999
-617.7299999999999
-599.9999999999998
-1019.64
-828.3599999999999
-925.6599999999999
-769.8799999999999
-640.5099999999999
-782.9099999999999
-932.8899999999998


