10
651
3


Average switches per iteration:
6.6
157.3
1.0
899.9
335.1
736.1
401.4
90.6
411.0
736.5


Average run-times per iteration:
45.57543337345123
1.3077061653137207
64.5621442079544
0.008683466911315918
0.05035145282745361
0.1575625419616699
236.1897118330002
0.14228227138519287
0.06933579444885254
0.930799126625061


Average utilities per iteration:
-468.98900000000003
-526.658
-498.93899999999996
-915.1570000000002
-619.892
-768.758
-646.9119999999999
-521.38
-634.274
-762.2729999999999


