10
651
3


Average switches per iteration:
7.0
156.4
1.0
896.3
338.6
740.4
201.0
84.0
405.7
700.7


Average run-times per iteration:
57.40056836605072
1.7479039192199708
64.4650985956192
0.008735227584838866
0.07852261066436768
0.23793559074401854
273.7132645606995
0.19391753673553466
0.08219852447509765
1.1111201763153076


Average utilities per iteration:
-289.94399999999996
-314.53
-280.427
-769.2940000000001
-587.137
-621.1949999999999
-457.033
-343.49499999999995
-487.659
-615.2949999999998


