10
596
3


Average switches per iteration:
11.6
281.5
1.6
895.8
228.9
764.6
201.2
85.4
409.0
770.5


Average run-times per iteration:
50.89094178676605
1.5173402309417725
52.67794253826141
0.015865492820739745
0.07412862777709961
0.23340203762054443
273.974727845192
0.17885403633117675
0.0881680965423584
1.0587117671966553


Average utilities per iteration:
-599.6899999999998
-612.4669999999999
-597.2089999999998
-1028.809
-666.8839999999998
-876.4680000000001
-732.0559999999999
-636.2029999999999
-775.038
-909.267


