10
596
3


Average switches per iteration:
12.0
418.6
1.5
893.7
313.0
744.9
401.0
87.3
426.6
688.6


Average run-times per iteration:
53.58354799747467
1.7062905788421632
50.73063502311707
0.005706262588500976
0.07070639133453369
0.27182888984680176
279.9146061182022
0.21061432361602783
0.10050928592681885
1.0789165258407594


Average utilities per iteration:
-145.223
-159.21999999999997
-152.94699999999997
-582.2720000000002
-251.84900000000002
-394.653
-245.66500000000002
-188.989
-321.04499999999996
-349.95000000000005


