14
515
5


Average switches per iteration:
43.5
480.7
1.0
924.6
311.7
835.5
301.3
91.6
444.4
784.2


Average run-times per iteration:
78.8814926624298
2.0668495893478394
67.76110141277313
0.005707573890686035
0.057287192344665526
0.23619682788848878
401.67144751548767
0.23053467273712158
0.10024850368499756
1.7201804161071776


Average utilities per iteration:
-188.82399999999998
-202.558
-195.333
-662.008
-329.89
-547.0229999999999
-284.36899999999997
-230.58099999999996
-400.57700000000006
-505.00699999999995


