14
500
5


Average switches per iteration:
30.1
393.6
1.0
931.5
420.3
854.0
401.3
93.0
443.0
842.6


Average run-times per iteration:
57.488928866386416
1.4617275953292848
54.70166299343109
0.005403637886047363
0.051651811599731444
0.17703440189361572
321.07393119335177
0.1605405330657959
0.08416991233825684
1.3153843402862548


Average utilities per iteration:
-486.45599999999996
-489.18199999999996
-477.3459999999999
-899.0809999999999
-615.376
-824.3939999999999
-668.1410000000001
-512.8929999999999
-639.399
-835.979


