14
500
5


Average switches per iteration:
11.7
400.7
1.0
926.8
644.8
859.4
501.7
93.3
441.0
839.2


Average run-times per iteration:
72.33043587207794
1.7799726009368897
55.65469717979431
0.008922696113586426
0.0585637092590332
0.2398547649383545
381.3247533798218
0.21873559951782226
0.10056054592132568
1.5297538995742799


Average utilities per iteration:
-592.3499999999999
-602.9599999999999
-590.0
-1007.4600000000003
-876.8100000000001
-916.93
-661.3100000000001
-629.9100000000001
-780.7099999999999
-948.35


