18
778
5


Average switches per iteration:
18.8
367.3
1.0
942.8
505.7
885.2
201.4
90.1
452.7
852.7


Average run-times per iteration:
97.37975487709045
1.9127471446990967
134.8354569196701
0.0035264253616333007
0.04968483448028564
0.19046969413757325
462.18739573955537
0.17839229106903076
0.08439791202545166
1.8524394035339355


Average utilities per iteration:
-425.54400000000004
-392.70799999999997
-459.233
-892.341
-600.5229999999999
-800.885
-445.419
-428.879
-630.7850000000001
-761.1829999999999


