18
778
5


Average switches per iteration:
8.9
350.7
1.0
943.9
432.3
889.1
301.1
95.8
449.9
869.7


Average run-times per iteration:
97.53568143844605
2.0043752431869506
133.85693414211272
0.003495955467224121
0.05692069530487061
0.20942676067352295
454.81268496513366
0.1865098476409912
0.08268997669219971
1.7981694698333741


Average utilities per iteration:
-595.9699999999999
-613.5839999999998
-592.9179999999999
-1059.108
-744.914
-981.6849999999998
-829.4949999999999
-639.583
-801.0559999999999
-988.4879999999999


