18
778
5


Average switches per iteration:
7.6
370.3
1.0
946.5
387.0
879.7
300.9
92.8
452.7
874.6


Average run-times per iteration:
85.51641628742217
1.6577665328979492
134.79934890270232
0.004479885101318359
0.043610644340515134
0.17271604537963867
419.7366211175919
0.15245590209960938
0.07913737297058106
1.609519624710083


Average utilities per iteration:
-595.0609999999999
-611.972
-592.2739999999999
-1062.7469999999998
-734.6949999999999
-975.0349999999999
-682.449
-634.367
-804.405
-991.173


