18
778
5


Average switches per iteration:
11.9
445.3
1.0
941.6
340.4
904.3
1.7
93.8
460.6
849.2


Average run-times per iteration:
96.57286198139191
1.8726377487182617
135.30416600704194
0.005506658554077148
0.04664232730865479
0.1910832405090332
461.641548871994
0.1662970542907715
0.0823068380355835
1.8252606868743897


Average utilities per iteration:
-138.029
-170.56
-136.11599999999999
-614.3340000000001
-291.014
-533.742
-147.31199999999998
-192.51399999999998
-368.6
-500.89099999999996


