15
573
5


Average switches per iteration:
2.5
55.5
1.5
929.1
235.8
930.3
238.5
92.9
464.7
999.2


Average run-times per iteration:
64.69019179344177
1.2060171842575074
160.00293188095094
0.0037687063217163087
0.05874202251434326
0.16444287300109864
1312.2166944026947
0.15768237113952638
0.0734055757522583
0.12478253841400147


Average utilities per iteration:
-653.8810000000001
-659.6060000000001
-654.1390000000001
-1137.452
-773.611
-1139.438
-753.312
-698.8470000000001
-890.8459999999999
-1170.5790000000002


