15
573
5


Average switches per iteration:
2.9
53.2
1.4
932.8
224.7
934.3
575.2
91.9
469.1
999.0


Average run-times per iteration:
61.27585411071777
1.1230472564697265
152.85811991691588
0.003813362121582031
0.05251626968383789
0.16561074256896974
1322.733661699295
0.13678598403930664
0.06576766967773437
0.10945005416870117


Average utilities per iteration:
-652.105
-655.0490000000002
-649.9540000000001
-1134.051
-772.2520000000001
-1140.1370000000002
-924.0379999999999
-692.0710000000001
-895.7090000000001
-1181.075


