15
600
5


Average switches per iteration:
153.0
444.9
230.0
939.0
484.3
844.4
801.0
92.9
452.1
817.5


Average run-times per iteration:
47.72328491210938
0.9733646154403687
147.88910701274872
0.0028733015060424805
0.031646728515625
0.11592917442321778
97.8421083688736
0.10786159038543701
0.05339236259460449
0.9326839923858643


Average utilities per iteration:
-478.75999999999993
-409.003
-445.38100000000003
-948.7519999999998
-711.029
-670.261
-717.8489999999999
-470.908
-545.7729999999999
-745.6229999999999


