18
510
3


Average switches per iteration:
11.1
378.5
1.3
941.4
283.7
863.8
701.1
97.3
449.9
827.3


Average run-times per iteration:
46.86463990211487
2.2953008651733398
116.26516637802123
0.005442404747009277
0.060018372535705564
0.21836798191070556
228.741726231575
0.2113175392150879
0.11395401954650879
2.110818028450012


Average utilities per iteration:
-263.88899999999995
-360.217
-288.978
-822.7700000000001
-485.35900000000004
-707.4730000000001
-743.093
-382.51300000000003
-551.8059999999999
-694.876


