19
562
5


Average switches per iteration:
10.5
383.8
1000.0
950.8
605.7
887.0
301.4
94.7
454.9
880.4


Average run-times per iteration:
73.24823877811431
1.828456211090088
135.3429416179657
0.0035074949264526367
0.05102779865264893
0.1896686315536499
365.84045882225035
0.20293934345245362
0.09210746288299561
1.9058138847351074


Average utilities per iteration:
-592.6400000000001
-608.05
-589.41
-1073.3999999999999
-862.24
-995.64
-679.9199999999998
-633.2949999999998
-812.9199999999998
-1010.78


