19
562
5


Average switches per iteration:
11.1
414.7
1000.0
945.6
392.0
905.9
201.6
90.2
462.9
852.5


Average run-times per iteration:
85.03801376819611
2.300990676879883
134.48122024536133
0.005196571350097656
0.06053507328033447
0.22906911373138428
406.88009133338926
0.23622989654541016
0.10065126419067383
2.293051266670227


Average utilities per iteration:
-223.529
-252.23499999999999
-242.696
-722.8729999999999
-413.058
-647.271
-280.83699999999993
-280.69399999999996
-459.33000000000004
-610.167


