10
607
3


Average switches per iteration:
22.6
267.7
2.0
897.1
392.5
785.7
400.9
84.2
418.5
731.7


Average run-times per iteration:
39.826034617424014
1.0847802639007569
111.75926795005799
0.003913974761962891
0.040689945220947266
0.14432332515716553
78.70926210880279
0.13011636734008789
0.062470626831054685
0.7423183441162109


Average utilities per iteration:
-548.817
-550.9480000000001
-508.75600000000003
-816.6540000000001
-645.944
-723.375
-707.8699999999999
-431.826
-653.8240000000001
-698.143


