17
521
5


Average switches per iteration:
279.6
472.2
1.7
936.8
404.0
880.7
700.5
93.5
460.2
779.0


Average run-times per iteration:
71.17968764305115
1.8694328546524048
109.99541914463043
0.004949164390563965
0.06273767948150635
0.21824569702148439
370.4386159658432
0.20092413425445557
0.09651172161102295
1.859886646270752


Average utilities per iteration:
-97.61500000000002
-108.71100000000001
-95.88400000000001
-547.8489999999999
-275.93500000000006
-440.5559999999999
-332.68
-140.004
-301.252
-354.834


