10
607
3


Average switches per iteration:
9.5
261.8
2.0
898.5
388.5
765.2
600.7
86.2
418.7
788.3


Average run-times per iteration:
35.722407174110415
0.9159595489501953
112.72684993743897
0.003985905647277832
0.048153138160705565
0.12814931869506835
74.44616994857788
0.11534974575042725
0.053415346145629886
0.6898077011108399


Average utilities per iteration:
-699.1529999999999
-714.001
-695.0939999999998
-1096.56
-834.8689999999999
-988.348
-1062.026
-729.5029999999999
-879.3359999999999
-1012.1470000000002


