12
495
5


Average switches per iteration:
3.1
58.1
1.0
916.6
214.9
839.7
700.9
86.1
432.5
790.0


Average run-times per iteration:
45.338313007354735
0.8240318775177002
146.36775629520417
0.0035379886627197265
0.05323314666748047
0.13330650329589844
337.78104546070097
0.1278597116470337
0.06121561527252197
0.8896277666091919


Average utilities per iteration:
-216.92200000000008
-220.0540000000001
-216.47200000000007
-686.9259999999999
-333.6800000000001
-608.876
-474.34400000000016
-259.9140000000001
-434.3220000000001
-574.3080000000001


