12
495
5


Average switches per iteration:
101.7
217.7
1.0
915.2
352.3
789.5
501.0
85.1
423.9
807.9


Average run-times per iteration:
42.12783222198486
0.948931622505188
140.66060495376587
0.0033169984817504883
0.04090578556060791
0.11551423072814941
79.96116197109222
0.10831179618835449
0.06614406108856201
0.7928763866424561


Average utilities per iteration:
-528.47
-425.579
-482.16999999999996
-963.5880000000001
-694.4730000000001
-884.6540000000001
-659.417
-567.89
-602.366
-860.0290000000001


