12
495
5


Average switches per iteration:
3.3
42.5
1.0
918.4
206.1
821.3
701.2
91.6
435.4
772.7


Average run-times per iteration:
40.23547005653381
0.6833980083465576
136.20461649894713
0.0036287546157836915
0.050124955177307126
0.12413930892944336
301.1467261075974
0.1125037670135498
0.05367593765258789
0.7856292963027954


Average utilities per iteration:
-249.1920000000001
-251.64800000000008
-249.5460000000001
-720.1120000000001
-362.0190000000001
-629.8750000000001
-627.9660000000001
-294.9000000000001
-462.3190000000001
-605.1120000000001


