18
515
4


Average switches per iteration:
15.7
453.1
122.3
944.2
280.5
859.0
400.9
96.5
448.6
867.4


Average run-times per iteration:
55.51285820007324
2.01067214012146
102.2936844587326
0.0038112401962280273
0.04993126392364502
0.21099777221679689
277.3802688360214
0.1864093780517578
0.09155566692352295
1.7983099222183228


Average utilities per iteration:
-306.71400000000006
-396.618
-411.13500000000005
-887.2059999999999
-518.6859999999999
-772.086
-422.6809999999999
-437.89700000000005
-599.6409999999998
-794.3190000000001


