12
532
3


Average switches per iteration:
191.7
291.8
2.0
924.2
501.1
792.7
800.9
84.1
430.1
750.7


Average run-times per iteration:
57.69808211326599
1.905824637413025
116.5895758152008
0.011179351806640625
0.08196933269500732
0.27379183769226073
98.94410817623138
0.2721144437789917
0.11899912357330322
1.617200207710266


Average utilities per iteration:
-249.66600000000003
-267.91400000000004
-249.84300000000007
-755.762
-507.87700000000007
-625.373
-652.1709999999999
-303.50800000000004
-479.742
-595.958


