12
580
3


Average switches per iteration:
16.3
124.5
4.0
918.3
217.1
921.3
600.9
95.4
455.6
999.3


Average run-times per iteration:
33.00643970966339
1.1965892553329467
125.26458086967469
0.0035427331924438475
0.05045785903930664
0.13656506538391114
67.69886798858643
0.12451879978179932
0.05923476219177246
0.09180474281311035


Average utilities per iteration:
-614.734
-620.973
-609.611
-1055.434
-702.5649999999999
-1069.2580000000003
-928.5080000000002
-653.258
-827.9279999999999
-1097.824


