12
580
3


Average switches per iteration:
3.3
31.8
2.0
912.3
219.4
758.5
1000.0
92.5
410.9
695.4


Average run-times per iteration:
94.40639853477478
2.6584555864334107
417.8413722276688
0.00804288387298584
0.13258147239685059
0.38225831985473635
704.7331481933594
0.34446909427642824
0.1770369291305542
2.386212468147278


Average utilities per iteration:
-412.57300000000004
-422.92600000000004
-376.23400000000004
-840.3449999999999
-450.83899999999994
-680.882
-996.6780000000001
-487.05100000000004
-615.8300000000002
-701.847


