17
512
4


Average switches per iteration:
17.5
133.6
1.0
942.9
222.1
941.0
800.9
90.0
470.9
999.8


Average run-times per iteration:
45.86380293369293
1.4253904581069947
112.10011570453644
0.003494858741760254
0.05573029518127441
0.16920938491821289
103.62182264328003
0.15919227600097657
0.07587277889251709
0.12486770153045654


Average utilities per iteration:
-851.5889999999999
-858.723
-844.9549999999999
-1344.471
-960.141
-1339.499
-1209.628
-888.948
-1089.2939999999999
-1379.9950000000001


