15
753
5


Average switches per iteration:
101.1
411.0
187.7
928.7
396.5
830.3
501.2
94.3
444.9
815.2


Average run-times per iteration:
73.91068835258484
1.2920238018035888
203.3494022846222
0.0031979560852050783
0.04238739013671875
0.15660994052886962
348.30324800014495
0.13750159740447998
0.06554644107818604
1.208360743522644


Average utilities per iteration:
-299.31200000000007
-331.2420000000001
-377.6210000000001
-776.3169999999999
-446.31800000000004
-622.519
-536.108
-364.33700000000005
-518.08
-628.0550000000001


