17
512
4


Average switches per iteration:
2.7
48.1
1.0
935.6
233.5
877.6
900.1
96.8
438.9
841.3


Average run-times per iteration:
101.73742351531982
2.644009757041931
375.806982088089
0.011371898651123046
0.13614106178283691
0.3329564332962036
1022.2723943948746
0.34378097057342527
0.1725295066833496
3.3944961071014403


Average utilities per iteration:
-594.366
-451.22200000000004
-546.539
-927.984
-640.483
-944.141
-901.9540000000001
-505.22599999999994
-689.3619999999999
-875.8130000000001


