10
520
5


Average switches per iteration:
10.4
163.7
1.0
890.4
234.7
756.0
301.5
84.4
407.7
725.0


Average run-times per iteration:
50.321168661117554
1.0128074884414673
120.2906690120697
0.003915262222290039
0.04669013023376465
0.13825364112854005
236.35492906570434
0.12399184703826904
0.06256935596466065
0.708993673324585


Average utilities per iteration:
-387.938
-455.60699999999997
-479.326
-896.9209999999999
-549.792
-742.5790000000001
-590.8629999999999
-475.918
-628.226
-732.0350000000001


