14
598
3


Average switches per iteration:
1.8
33.2
1.0
925.5
225.5
823.5
493.0
94.7
442.6
996.2


Average run-times per iteration:
43.34190170764923
1.156629252433777
149.40393614768982
0.004234147071838379
0.06749370098114013
0.18259027004241943
1039.7897038221358
0.16279714107513427
0.06956532001495361
0.2169325590133667


Average utilities per iteration:
-393.9960000000001
-399.5840000000001
-299.3630000000001
-888.5779999999999
-511.65700000000004
-816.862
-615.243
-444.64800000000014
-626.885
-923.557


