10
520
5


Average switches per iteration:
6.2
160.9
1.0
898.2
316.2
702.8
677.9
87.7
400.4
770.2


Average run-times per iteration:
50.77438938617706
1.0353994369506836
119.66535916328431
0.004056000709533691
0.04837934970855713
0.14250829219818115
238.0740558862686
0.1285883903503418
0.05836970806121826
0.6934638500213623


Average utilities per iteration:
-414.70700000000005
-448.091
-431.526
-890.865
-632.083
-760.111
-797.7479999999999
-498.85200000000003
-609.3340000000001
-773.4770000000001


