14
598
3


Average switches per iteration:
1.8
24.7
1.0
930.8
219.1
811.1
152.4
95.5
443.5
989.0


Average run-times per iteration:
50.49308433532715
1.5155574798583984
154.7787691116333
0.0040397167205810545
0.06657261848449707
0.2092207193374634
1167.0203729391098
0.19706413745880128
0.10152130126953125
0.26446237564086916


Average utilities per iteration:
-167.88500000000002
-195.37600000000003
-230.41700000000006
-689.26
-303.2890000000001
-599.922
-258.88500000000005
-239.15800000000004
-414.671
-720.984


