10
663
3


Average switches per iteration:
18.6
255.0
1.0
902.5
248.0
764.3
478.2
94.1
417.4
736.4


Average run-times per iteration:
45.72338807582855
1.1777855157852173
91.85835416316986
0.005181598663330078
0.05668001174926758
0.1728684663772583
246.6171756505966
0.1456843614578247
0.07051928043365478
0.823164415359497


Average utilities per iteration:
-399.04
-448.738
-469.77799999999996
-886.1809999999999
-551.0350000000001
-771.908
-642.7529999999999
-487.346
-631.655
-742.1320000000001


