10
537
5


Average switches per iteration:
4.7
115.2
1.0
899.5
435.1
695.2
401.0
83.6
402.6
699.8


Average run-times per iteration:
56.97460045814514
1.1132728338241578
64.54558544158935
0.005062580108642578
0.04521565437316895
0.1953014612197876
127.91552813053131
0.16142494678497316
0.056661438941955564
0.7514101743698121


Average utilities per iteration:
-467.477
-461.39700000000005
-504.63200000000006
-934.0440000000001
-703.5710000000001
-697.4089999999999
-776.1890000000001
-449.35
-619.5350000000001
-709.118


