10
537
5


Average switches per iteration:
5.9
118.2
1.0
903.1
440.4
782.1
700.5
84.3
412.8
749.8


Average run-times per iteration:
56.75887010097504
0.9653620958328247
64.20131843090057
0.0036133289337158202
0.041064119338989256
0.16308801174163817
114.32716252803803
0.13675031661987305
0.065211820602417
0.83598313331604


Average utilities per iteration:
-542.318
-555.2180000000001
-458.117
-1054.4060000000002
-759.4150000000001
-894.1560000000002
-907.449
-575.086
-759.3299999999999
-914.4709999999999


