10
552
5


Average switches per iteration:
2.0
26.7
1.4
900.2
217.6
665.3
1000.0
86.7
406.3
748.0


Average run-times per iteration:
51.137905788421634
0.8398583412170411
139.44259989261627
0.0037978649139404296
0.05924067497253418
0.13001434803009032
332.68203206062316
0.1193228006362915
0.06267707347869873
0.733112907409668


Average utilities per iteration:
-433.258
-427.74899999999997
-426.25699999999995
-882.8539999999999
-537.1769999999999
-740.1769999999999
-861.233
-467.77299999999997
-616.5960000000001
-778.574


