13
625
3


Average switches per iteration:
2.6
25.4
1.0
924.5
226.8
757.1
443.8
87.0
418.7
967.4


Average run-times per iteration:
47.30844166278839
1.0401130437850952
134.89007644653321
0.00415956974029541
0.06429119110107422
0.19580514430999757
1062.5312830924988
0.1621558666229248
0.07718899250030517
0.22530486583709716


Average utilities per iteration:
-480.0709999999999
-451.3190000000001
-478.351
-892.818
-413.35200000000003
-743.768
-620.8609999999999
-439.971
-620.1279999999999
-897.1290000000001


