13
625
3


Average switches per iteration:
1.9
33.7
1.0
928.4
208.3
802.9
277.6
89.5
427.7
964.9


Average run-times per iteration:
49.28413062095642
1.2076536893844605
141.0650047779083
0.005305576324462891
0.06685125827789307
0.17424309253692627
1165.8526473522186
0.17226097583770753
0.08074634075164795
0.21184513568878174


Average utilities per iteration:
-448.5669999999999
-456.46099999999996
-555.9759999999999
-958.693
-567.757
-852.5889999999999
-601.0719999999999
-501.52599999999995
-663.564
-979.0049999999999


