13
623
3


Average switches per iteration:
62.0
294.6
24.8
921.2
348.9
829.0
602.1
86.3
439.4
839.8


Average run-times per iteration:
38.73889608383179
1.297073531150818
130.5589619398117
0.0034644365310668944
0.03930833339691162
0.14214377403259276
75.1915043592453
0.13872895240783692
0.06514959335327149
0.9419737339019776


Average utilities per iteration:
-421.01900000000006
-459.535
-273.054
-876.0439999999999
-563.034
-750.7189999999998
-647.197
-462.213
-638.4040000000001
-797.7199999999999


