14
512
5


Average switches per iteration:
11.0
209.2
1.0
931.5
269.2
812.5
2.0
88.5
439.5
829.5


Average run-times per iteration:
52.28209929466247
1.378570055961609
143.67233610153198
0.0037314176559448244
0.05014743804931641
0.16331722736358642
254.59155979156495
0.1424623727798462
0.07956631183624267
1.0777673959732055


Average utilities per iteration:
-366.094
-450.3280000000001
-479.2
-946.211
-564.925
-836.917
-394.24300000000005
-475.56399999999996
-669.4209999999999
-867.5279999999999


