19
578
3


Average switches per iteration:
3.2
45.0
2.0
949.3
226.5
831.6
1000.0
94.3
445.5
851.1


Average run-times per iteration:
122.19666690826416
4.180979633331299
336.75398807525636
0.01263597011566162
0.1403742551803589
0.5134419202804565
1057.9446704387665
0.46592230796813966
0.2503556251525879
5.303291511535645


Average utilities per iteration:
-509.316
-425.412
-600.156
-929.0189999999999
-470.287
-687.9300000000001
-963.9670000000002
-416.71999999999997
-564.889
-749.7900000000002


