18
789
5


Average switches per iteration:
47.5
348.3
1.3
943.4
263.8
829.0
500.9
94.8
447.9
839.8


Average run-times per iteration:
68.74133956432343
1.167315697669983
178.1408307313919
0.0028105258941650392
0.0329169511795044
0.13402948379516602
334.9715264797211
0.12637784481048583
0.06004364490509033
1.1500104904174804


Average utilities per iteration:
-304.37
-409.13199999999995
-492.0
-865.2479999999999
-516.489
-700.61
-568.6800000000001
-440.9549999999999
-585.4010000000001
-724.5469999999999


