19
578
3


Average switches per iteration:
4.9
34.6
1.0
942.7
234.0
890.0
501.9
91.2
453.8
861.3


Average run-times per iteration:
40.630098819732666
1.360239028930664
85.56999733448029
0.003923726081848144
0.05726301670074463
0.17991869449615477
376.23850975036623
0.17131803035736085
0.08149659633636475
1.809780526161194


Average utilities per iteration:
-229.71499999999997
-228.448
-228.83799999999997
-713.467
-338.93199999999996
-653.736
-487.96999999999997
-266.95
-455.39099999999996
-651.5699999999999


