19
578
3


Average switches per iteration:
3.8
17.7
1.0
942.8
234.7
946.7
542.2
92.5
474.9
994.1


Average run-times per iteration:
58.25549514293671
1.80114803314209
89.3109783411026
0.005269289016723633
0.07401506900787354
0.2514943599700928
1140.739795589447
0.24532127380371094
0.11154098510742187
0.209374737739563


Average utilities per iteration:
-62.95299999999999
-86.99
-142.94400000000002
-612.824
-241.21599999999998
-613.66
-400.65299999999996
-171.76399999999998
-369.438
-633.1690000000001


