17
645
4


Average switches per iteration:
2.7
69.7
1.0
939.9
246.5
876.2
598.1
97.5
451.1
947.0


Average run-times per iteration:
64.4897965669632
1.2024217128753663
135.3561065196991
0.004060626029968262
0.06294839382171631
0.18913581371307372
1214.869920539856
0.18257603645324708
0.07515857219696045
0.25234625339508054


Average utilities per iteration:
-486.23100000000005
-455.534
-441.683
-927.2860000000001
-584.7370000000001
-772.1
-845.4709999999999
-441.18
-619.255
-945.3969999999999


