17
507
4


Average switches per iteration:
24.8
413.3
2.0
936.7
278.7
841.8
800.9
94.2
445.6
861.1


Average run-times per iteration:
52.62927958965302
1.9424413681030273
97.89668803215027
0.0037822484970092773
0.048484277725219724
0.19339325428009033
283.0053876399994
0.18343427181243896
0.0859086275100708
1.6630424499511718


Average utilities per iteration:
-362.536
-422.98699999999997
-406.14099999999996
-890.418
-538.832
-739.7779999999999
-968.4979999999999
-472.25200000000007
-619.4069999999999
-794.018


