17
507
4


Average switches per iteration:
20.7
391.9
2.0
938.9
549.9
878.6
572.7
90.8
452.3
869.2


Average run-times per iteration:
51.3689110994339
1.8435585260391236
93.60318460464478
0.007821059226989746
0.0517305850982666
0.18706035614013672
284.010959649086
0.16448793411254883
0.08674430847167969
1.65797963142395


Average utilities per iteration:
-515.2699999999999
-526.3079999999999
-510.0919999999998
-984.7459999999999
-732.537
-875.96
-753.342
-556.32
-728.8309999999999
-908.1179999999998


