17
634
4


Average switches per iteration:
209.5
436.1
1.0
937.8
550.0
873.6
200.8
96.2
457.0
848.7


Average run-times per iteration:
83.34248945713043
2.182681608200073
120.73354485034943
0.005449724197387695
0.06437182426452637
0.22723524570465087
152.81484382152559
0.2276454448699951
0.10755534172058105
2.081731367111206


Average utilities per iteration:
-276.34499999999997
-294.2589999999999
-309.99999999999994
-710.958
-480.396
-630.574
-381.109
-322.84299999999996
-476.081
-613.5269999999999


