17
710
4


Average switches per iteration:
5.2
69.0
1.4
939.0
231.6
942.9
99.1
96.8
472.5
975.3


Average run-times per iteration:
70.42044632434845
1.4198942184448242
126.058105301857
0.006751441955566406
0.05869617462158203
0.18887312412261964
1281.300116801262
0.170306396484375
0.07742002010345458
0.12834806442260743


Average utilities per iteration:
-379.69599999999997
-415.02200000000005
-438.971
-781.597
-565.9510000000001
-925.1890000000001
-484.12999999999994
-504.767
-783.2650000000001
-870.892


