19
559
5


Average switches per iteration:
62.1
361.4
1.4
946.9
458.0
879.0
400.8
92.3
450.1
879.8


Average run-times per iteration:
61.81121983528137
1.6131884813308717
131.2796896457672
0.0035514593124389648
0.04170892238616943
0.16200754642486573
315.8624650478363
0.15715978145599366
0.07269058227539063
1.5895542860031129


Average utilities per iteration:
-657.2779999999999
-747.663
-640.0809999999999
-1225.391
-937.608
-1127.4519999999998
-695.6539999999999
-774.4579999999999
-965.893
-1157.7069999999999


