17
710
4


Average switches per iteration:
6.7
55.0
1.7
946.7
221.1
943.3
102.4
94.2
468.9
998.0


Average run-times per iteration:
72.3930603504181
1.307955765724182
130.87569451332092
0.0062602519989013675
0.0650181531906128
0.19898416996002197
1328.0965141773224
0.17239899635314943
0.09153001308441162
0.14006457328796387


Average utilities per iteration:
-158.86999999999995
-160.72999999999996
-157.70999999999998
-621.7800000000001
-257.13
-618.1800000000001
-184.62999999999997
-203.31
-381.84
-637.1099999999999


