17
489
3


Average switches per iteration:
8.1
59.2
2.0
941.4
231.9
879.7
471.0
89.1
445.3
973.4


Average run-times per iteration:
48.174419212341306
1.8173434257507324
81.80265309810639
0.009061551094055176
0.07910444736480712
0.25269763469696044
871.8343368291855
0.20394470691680908
0.10889987945556641
0.30774698257446287


Average utilities per iteration:
-386.76800000000003
-484.567
-631.3960000000001
-971.3449999999999
-562.167
-888.249
-690.9699999999999
-437.33500000000004
-638.5740000000001
-919.65


