17
489
3


Average switches per iteration:
7.5
19.7
2.0
942.4
225.2
943.0
102.4
96.1
472.7
988.6


Average run-times per iteration:
50.123207092285156
1.3707729816436767
87.78303513526916
0.004088878631591797
0.0802535057067871
0.23859646320343017
918.8225741147995
0.2314152956008911
0.11095869541168213
0.20332322120666504


Average utilities per iteration:
-61.58200000000001
-71.513
-73.67
-541.4399999999999
-186.13400000000001
-539.2769999999999
-108.85999999999999
-116.479
-303.405
-558.036


