17
489
3


Average switches per iteration:
28.8
114.8
2.0
936.8
231.4
938.1
1.3
98.3
471.6
993.5


Average run-times per iteration:
40.303269553184506
2.1688286542892454
85.92506721019745
0.004054355621337891
0.06492958068847657
0.19873697757720948
94.89279625415801
0.20182926654815675
0.08522799015045165
0.14251790046691895


Average utilities per iteration:
-180.227
-186.74800000000002
-181.63600000000002
-645.0629999999999
-288.068
-635.7819999999999
-179.449
-221.921
-409.258
-669.7940000000001


