14
571
3


Average switches per iteration:
4.1
69.0
3.0
926.8
228.6
772.5
1000.0
96.6
448.1
815.8


Average run-times per iteration:
40.45520222187042
1.1645069122314453
137.41874668598174
0.003929638862609863
0.06016514301300049
0.1598222017288208
309.613783788681
0.15668330192565919
0.07973713874816894
1.2905048370361327


Average utilities per iteration:
-289.6620000000001
-295.51500000000004
-290.68100000000004
-726.022
-396.02700000000004
-638.9390000000001
-655.6970000000001
-336.0670000000001
-502.39900000000006
-655.319


