14
571
3


Average switches per iteration:
7.3
72.4
1.0
929.1
229.8
803.6
601.5
88.0
443.0
836.7


Average run-times per iteration:
36.58406748771667
1.046049165725708
140.98290309906005
0.004277873039245606
0.058880949020385744
0.15801451206207276
275.69829709529876
0.14757051467895507
0.07033181190490723
1.1851386070251464


Average utilities per iteration:
-424.076
-427.56800000000004
-422.76300000000003
-859.762
-529.8149999999999
-794.8309999999999
-650.544
-458.18500000000006
-633.8280000000001
-801.175


