19
598
5


Average switches per iteration:
3.3
64.3
3.0
942.6
235.6
944.8
599.2
100.3
472.6
977.0


Average run-times per iteration:
70.6722487449646
1.4449981927871705
141.3328467130661
0.0039043426513671875
0.06155881881713867
0.16740975379943848
1380.0164451122284
0.16269845962524415
0.07326743602752686
0.1360177516937256


Average utilities per iteration:
-378.37699999999995
-382.193
-389.0849999999999
-835.392
-497.0009999999999
-831.473
-615.6139999999999
-431.328
-612.295
-847.9350000000001


