19
599
5


Average switches per iteration:
204.2
466.7
1.0
951.1
384.4
878.1
501.1
96.9
458.6
868.4


Average run-times per iteration:
56.490701293945314
1.4598680496215821
126.84224126338958
0.002928471565246582
0.03398559093475342
0.13580665588378907
121.9059775352478
0.12846214771270753
0.060822367668151855
1.4326553344726562


Average utilities per iteration:
-367.954
-325.072
-396.34499999999997
-762.3219999999999
-491.918
-645.781
-487.81399999999996
-380.14300000000003
-513.684
-695.097


