19
599
5


Average switches per iteration:
358.3
422.5
1.0
951.8
454.7
901.3
700.3
93.8
457.5
874.3


Average run-times per iteration:
84.89083099365234
1.8626991748809814
129.993621134758
0.004506492614746093
0.04925823211669922
0.21750786304473876
176.5382167339325
0.19110848903656005
0.0916306734085083
2.053492283821106


Average utilities per iteration:
-518.673
-533.1320000000001
-515.7630000000001
-984.934
-698.9830000000002
-924.211
-814.1400000000001
-561.7830000000001
-724.3300000000002
-918.1800000000001


