11
635
4


Average switches per iteration:
13.2
249.5
1000.0
913.6
275.2
790.8
736.7
89.2
420.0
781.7


Average run-times per iteration:
46.6028107881546
1.1773544549942017
178.0385308265686
0.004006123542785645
0.04724054336547852
0.13976268768310546
211.6545663833618
0.12155063152313232
0.05858337879180908
0.7904141426086426


Average utilities per iteration:
-415.09799999999996
-465.84700000000004
-476.32
-934.5630000000001
-591.027
-812.222
-900.8710000000001
-493.788
-659.4779999999998
-799.8040000000001


