11
635
4


Average switches per iteration:
6.8
205.7
1000.0
911.8
299.8
802.0
874.4
83.3
412.3
794.5


Average run-times per iteration:
51.84745268821716
1.126211977005005
186.56949503421782
0.005520772933959961
0.04746663570404053
0.14565165042877198
235.75946347713472
0.1379396438598633
0.06004934310913086
0.843740177154541


Average utilities per iteration:
-723.0300000000001
-738.4900000000001
-720.0000000000001
-1197.94
-856.76
-1070.22
-1211.7400000000002
-764.1899999999999
-911.6600000000001
-1085.31


