16
605
5


Average switches per iteration:
17.1
147.7
2.0
937.6
219.8
938.8
300.7
96.9
465.9
992.3


Average run-times per iteration:
54.133876180648805
1.225934386253357
131.6342865228653
0.0033047676086425783
0.049941277503967284
0.13412299156188964
107.55697107315063
0.12476856708526611
0.059335637092590335
0.09639079570770263


Average utilities per iteration:
-522.409
-518.255
-505.85500000000013
-960.982
-631.1750000000001
-949.9080000000001
-648.634
-560.3480000000001
-727.2470000000001
-978.034


