16
605
5


Average switches per iteration:
14.3
51.9
2.0
937.3
240.2
936.7
600.7
93.9
467.4
977.1


Average run-times per iteration:
67.93010416030884
1.293776512145996
132.6640655040741
0.006255650520324707
0.06594090461730957
0.16814889907836914
1288.7015127420425
0.15765132904052734
0.06781494617462158
0.12425282001495361


Average utilities per iteration:
-390.792
-382.78700000000003
-452.15700000000004
-905.1970000000001
-566.8420000000001
-852.289
-731.198
-489.825
-690.1679999999999
-850.7529999999999


