15
504
5


Average switches per iteration:
5.5
66.2
1.0
935.6
228.1
828.1
733.8
93.7
436.9
999.7


Average run-times per iteration:
55.15567376613617
1.1615015268325806
131.9272985458374
0.011824941635131836
0.05854811668395996
0.16345269680023194
1172.2503066539764
0.15666627883911133
0.06973536014556884
0.20652234554290771


Average utilities per iteration:
-579.9759999999999
-589.519
-374.782
-1054.901
-683.421
-956.1279999999999
-932.3060000000002
-624.082
-798.3210000000001
-1089.6240000000003


