15
513
5


Average switches per iteration:
83.7
386.7
1.0
932.0
388.1
799.1
800.7
91.3
431.4
805.4


Average run-times per iteration:
76.89866223335267
1.8398789405822753
101.43243186473846
0.006298875808715821
0.08149821758270263
0.22090580463409423
170.70781164169313
0.22834372520446777
0.10303099155426025
1.6811686277389526


Average utilities per iteration:
-182.49200000000002
-226.51400000000004
-280.264
-697.566
-369.726
-509.28600000000006
-567.0260000000001
-250.824
-387.48400000000004
-554.09


