15
513
5


Average switches per iteration:
109.3
351.0
1.0
934.4
387.0
826.7
701.3
87.2
446.5
830.8


Average run-times per iteration:
55.62309553623199
1.532878851890564
99.46457340717316
0.00345304012298584
0.03777952194213867
0.16578543186187744
118.32745513916015
0.13379886150360107
0.07276792526245117
1.1650456428527831


Average utilities per iteration:
-439.35
-448.10300000000007
-513.28
-902.9680000000001
-714.381
-716.1800000000001
-673.836
-476.90500000000003
-681.6030000000001
-822.4040000000001


