15
725
5


Average switches per iteration:
22.6
87.4
1.0
935.6
224.6
863.4
1.3
92.2
443.9
984.0


Average run-times per iteration:
74.2934041261673
1.2157750368118285
141.37585000991822
0.003606224060058594
0.055666446685791016
0.15891656875610352
1358.948327088356
0.13489670753479005
0.06227080821990967
0.19221832752227783


Average utilities per iteration:
-502.83500000000004
-524.858
-436.69899999999996
-983.1299999999999
-534.043
-889.088
-473.995
-498.483
-680.2030000000001
-998.0079999999998


