19
687
4


Average switches per iteration:
15.9
416.7
1.0
948.5
527.4
881.2
700.7
95.6
449.6
882.9


Average run-times per iteration:
59.42760939598084
1.444031262397766
154.76661319732665
0.0033026218414306642
0.03884181976318359
0.15786988735198976
296.79553804397585
0.14373314380645752
0.07260618209838868
1.560487198829651


Average utilities per iteration:
-812.6360000000004
-822.4180000000003
-809.4760000000003
-1300.7040000000002
-1056.7180000000003
-1229.604
-1200.6900000000005
-854.3330000000003
-1032.4480000000003
-1248.8799999999999


