19
687
4


Average switches per iteration:
13.4
417.6
1.0
943.9
563.5
888.7
501.6
90.9
450.8
876.1


Average run-times per iteration:
71.73033244609833
1.897487711906433
157.65576317310334
0.004986429214477539
0.04999806880950928
0.19344675540924072
367.2810950517654
0.17875654697418214
0.08974556922912598
1.773005747795105


Average utilities per iteration:
-812.8300000000005
-823.8900000000003
-810.0000000000003
-1299.14
-1071.7800000000002
-1240.78
-961.5900000000001
-855.4600000000004
-1038.44
-1247.02


