19
687
4


Average switches per iteration:
29.4
508.1
1.0
949.7
253.2
878.3
601.3
92.5
453.7
850.3


Average run-times per iteration:
59.88553779125213
1.6931187629699707
150.71387693881988
0.0033674001693725585
0.04023113250732422
0.1730525255203247
298.43646945953367
0.15762028694152833
0.07322516441345214
1.5678317308425904


Average utilities per iteration:
-317.70099999999996
-398.258
-448.00699999999995
-885.2610000000001
-502.05100000000004
-769.3210000000001
-772.6580000000001
-427.976
-598.975
-793.5000000000001


