10
513
3


Average switches per iteration:
13.5
297.0
1.7
902.1
235.5
810.2
700.0
79.4
412.4
776.8


Average run-times per iteration:
37.946679735183714
1.5387053728103637
75.01770436763763
0.004308509826660156
0.0649423599243164
0.1749776840209961
202.72152428627015
0.1609325408935547
0.07486848831176758
0.8633317232131958


Average utilities per iteration:
-402.58299999999997
-463.96000000000004
-458.39300000000003
-853.443
-558.183
-753.768
-617.15
-485.79400000000004
-625.0240000000001
-739.213


