13
677
4


Average switches per iteration:
4.9
16.0
1.0
922.9
213.5
843.5
401.4
94.5
437.6
758.8


Average run-times per iteration:
42.33352632522583
0.7138102293014527
144.38525755405425
0.003404974937438965
0.04764885902404785
0.12150139808654785
320.5923392534256
0.11072604656219483
0.05262143611907959
0.7999389886856079


Average utilities per iteration:
-227.57800000000003
-230.25799999999998
-227.92000000000002
-727.146
-339.684
-647.5000000000001
-374.812
-276.014
-457.358
-607.5780000000001


