10
513
3


Average switches per iteration:
199.0
342.9
1.7
898.5
481.8
753.4
599.8
88.6
408.2
779.4


Average run-times per iteration:
44.57081122398377
1.405074119567871
77.20701129436493
0.0043888092041015625
0.07639415264129638
0.19662168025970458
237.2082662820816
0.20087954998016358
0.07831423282623291
1.0731133460998534


Average utilities per iteration:
-613.8609999999999
-616.1479999999999
-607.718
-1003.883
-746.2399999999999
-856.7059999999999
-742.278
-646.8729999999999
-764.6020000000001
-902.4289999999999


