13
661
4


Average switches per iteration:
84.7
226.3
1.0
920.7
365.1
820.0
800.5
93.4
441.1
807.1


Average run-times per iteration:
42.1768737077713
1.086419939994812
168.11944329738617
0.003143572807312012
0.032941579818725586
0.11105902194976806
78.2392439365387
0.1047377347946167
0.049549436569213866
0.7857190370559692


Average utilities per iteration:
-384.51800000000003
-479.968
-429.829
-870.7139999999999
-579.3320000000001
-740.0029999999999
-782.234
-517.109
-598.5930000000001
-810.384


