10
691
3


Average switches per iteration:
6.5
165.9
1.0
902.7
698.9
758.5
191.4
92.1
422.4
767.6


Average run-times per iteration:
39.832649207115175
0.8544920682907104
146.94267234802246
0.0039025545120239258
0.04835093021392822
0.14021012783050538
212.67359173297882
0.1145108699798584
0.05228066444396973
0.7245609521865845


Average utilities per iteration:
-502.77199999999993
-523.0079999999999
-499.716
-1014.308
-950.8520000000001
-869.164
-638.5400000000002
-547.8840000000001
-730.144
-900.9680000000001


