16
448
3


Average switches per iteration:
3.1
50.6
1.0
931.1
231.8
840.0
501.9
89.0
426.0
787.4


Average run-times per iteration:
72.89130477905273
3.1245460510253906
135.95096371173858
0.008826637268066406
0.15910787582397462
0.41724016666412356
861.4885914802551
0.37851734161376954
0.19273717403411866
3.5371379375457765


Average utilities per iteration:
-486.38499999999993
-522.017
-431.125
-1075.4249999999997
-499.59000000000003
-815.4930000000002
-863.308
-519.2810000000002
-638.419
-729.9739999999999


