16
448
3


Average switches per iteration:
2.8
58.0
1.0
938.6
222.2
774.3
463.0
89.5
422.0
992.8


Average run-times per iteration:
43.35453643798828
1.800572681427002
29.21492862701416
0.006530642509460449
0.07144958972930908
0.22231600284576417
1043.421931219101
0.23038759231567382
0.1020575761795044
0.29933605194091795


Average utilities per iteration:
-290.859
-437.203
-472.98999999999995
-924.3370000000001
-547.946
-742.9810000000001
-620.1400000000001
-466.45199999999994
-594.053
-940.305


