16
609
5


Average switches per iteration:
10.8
273.3
1.2
938.9
447.6
867.2
701.1
90.4
446.2
866.8


Average run-times per iteration:
56.40083956718445
1.1811981201171875
128.10427918434144
0.0029216766357421874
0.034232378005981445
0.1299004316329956
119.56414930820465
0.12194924354553223
0.056889677047729494
1.0793890714645387


Average utilities per iteration:
-990.5840000000001
-1007.7080000000002
-987.951
-1456.7330000000002
-1176.3990000000001
-1392.541
-1212.4479999999999
-1030.0760000000002
-1205.051
-1399.6929999999998


