16
609
5


Average switches per iteration:
7.5
284.2
1.4
937.3
378.6
876.8
701.4
88.1
441.1
851.7


Average run-times per iteration:
78.31203219890594
1.7213517427444458
126.82091190814972
0.005708241462707519
0.04965620040893555
0.19188473224639893
172.00781440734863
0.1902012825012207
0.09761919975280761
1.610815691947937


Average utilities per iteration:
-990.4600000000003
-1009.5139999999999
-988.3550000000001
-1455.843
-1153.731
-1385.3020000000001
-1215.597
-1033.1280000000002
-1203.73
-1399.4399999999998


