16
600
5


Average switches per iteration:
2.7
40.7
2.0
937.6
228.8
790.8
201.0
91.0
448.3
843.3


Average run-times per iteration:
125.12379984855652
2.1969255208969116
454.2512179374695
0.008092594146728516
0.09416522979736328
0.29974429607391356
1100.7350333690642
0.28371827602386473
0.15101866722106932
2.8576346158981325


Average utilities per iteration:
-525.624
-498.73199999999997
-409.4669999999999
-917.642
-611.125
-783.8199999999999
-648.3890000000001
-507.86500000000007
-667.305
-864.249


