18
528
3


Average switches per iteration:
27.9
376.4
3.0
949.2
409.3
875.9
800.8
92.1
444.8
792.7


Average run-times per iteration:
47.12378280162811
2.2016050577163697
127.93072171211243
0.005435419082641601
0.055298137664794925
0.22150115966796874
224.92884781360627
0.19754884243011475
0.09167282581329346
1.9541979551315307


Average utilities per iteration:
-568.023
-526.9869999999999
-560.9639999999999
-996.8400000000001
-732.96
-931.8259999999998
-1027.6
-600.8390000000002
-725.262
-791.3500000000001


