15
536
4


Average switches per iteration:
4.2
72.9
3.0
936.0
215.9
843.3
591.9
90.8
440.7
999.7


Average run-times per iteration:
58.06253054141998
1.4584872484207154
137.21456549167632
0.005906033515930176
0.06869771480560302
0.20260469913482665
1208.3649228096008
0.20435245037078859
0.08899738788604736
0.24957597255706787


Average utilities per iteration:
-967.2030000000001
-974.833
-966.9630000000001
-1435.249
-1077.228
-1368.3449999999998
-1209.5149999999999
-1011.625
-1181.9280000000003
-1469.544


