18
528
3


Average switches per iteration:
8.9
345.6
3.0
941.9
521.1
881.9
800.6
95.5
451.7
877.3


Average run-times per iteration:
44.69747316837311
1.9494198083877563
127.76526210308074
0.005417656898498535
0.049136900901794435
0.21013896465301513
218.58802025318147
0.18010327816009522
0.08320538997650147
1.8992313861846923


Average utilities per iteration:
-986.2560000000001
-1003.6390000000001
-983.751
-1446.1200000000001
-1214.209
-1379.703
-1305.868
-1025.831
-1198.524
-1396.3709999999999


