10
454
3


Average switches per iteration:
1.5
64.6
1.0
899.4
206.1
903.7
346.6
93.4
447.9
999.9


Average run-times per iteration:
31.031443905830383
0.817884087562561
44.93834302425385
0.004473662376403809
0.0649301290512085
0.1562028408050537
942.191011428833
0.13572521209716798
0.07401630878448487
0.1130643606185913


Average utilities per iteration:
-993.0409999999999
-999.5330000000001
-992.5720000000001
-1508.2649999999999
-1102.0459999999998
-1506.0099999999998
-1127.741
-1038.353
-1247.256
-1572.105


