17
509
5


Average switches per iteration:
43.8
290.3
2.0
941.1
413.1
844.2
501.8
93.5
449.4
781.0


Average run-times per iteration:
58.7402339220047
1.4588773012161256
71.24224469661712
0.003834962844848633
0.052642083168029784
0.16375644207000734
334.7470158815384
0.15739634037017822
0.07909111976623535
1.4319801568984984


Average utilities per iteration:
-434.68899999999996
-424.75100000000003
-441.85
-905.4159999999999
-581.6659999999999
-883.32
-758.7410000000001
-431.16999999999996
-665.4350000000002
-757.0580000000001


