12
439
3


Average switches per iteration:
4.6
64.2
21.2
923.5
206.8
917.5
282.9
90.1
454.8
987.4


Average run-times per iteration:
37.6434027671814
1.227090835571289
75.42866699695587
0.003926753997802734
0.07742507457733154
0.2013779640197754
720.966017627716
0.1909733772277832
0.08800861835479737
0.13277823925018312


Average utilities per iteration:
-602.0220000000002
-932.8040000000001
-978.2680000000003
-1386.2220000000002
-1053.172
-1384.5079999999998
-826.6120000000001
-986.042
-1165.9180000000001
-1400.864


