12
439
3


Average switches per iteration:
9.6
39.2
18.9
919.9
215.5
919.9
82.9
86.6
460.9
960.8


Average run-times per iteration:
36.384496903419496
1.1748877048492432
75.52670536041259
0.005724525451660157
0.08294267654418945
0.20583803653717042
676.0405395746232
0.17176029682159424
0.07756314277648926
0.1481233596801758


Average utilities per iteration:
-456.79499999999996
-472.75199999999995
-483.075
-907.537
-629.6050000000001
-944.733
-601.5989999999999
-528.618
-669.0719999999999
-798.725


