12
439
3


Average switches per iteration:
10.5
69.4
20.1
922.1
215.6
918.3
396.4
92.4
458.3
998.8


Average run-times per iteration:
34.7783403635025
1.3672369003295899
73.4537693977356
0.004522967338562012
0.06718666553497314
0.2061232328414917
707.0944046258926
0.16523244380950927
0.08830218315124512
0.1347127914428711


Average utilities per iteration:
-977.3910000000002
-984.05
-977.8100000000002
-1414.943
-1085.7720000000002
-1416.8690000000001
-1144.156
-1009.9470000000001
-1199.2440000000001
-1450.376


