12
680
5


Average switches per iteration:
11.9
274.5
1.0
913.9
284.1
798.4
598.1
92.6
412.3
813.4


Average run-times per iteration:
70.62985334396362
1.105678176879883
154.86314091682434
0.0047981500625610355
0.04840090274810791
0.15344250202178955
132.57373111248017
0.13536350727081298
0.06448612213134766
0.9390424489974976


Average utilities per iteration:
-1000.2919999999998
-1012.628
-997.686
-1426.488
-1105.35
-1327.3319999999999
-1079.592
-1040.5240000000001
-1181.4460000000001
-1359.176


