12
669
5


Average switches per iteration:
4.2
38.7
2.8
911.5
225.3
793.0
560.2
86.6
423.0
974.3


Average run-times per iteration:
60.32400386333465
0.8207980632781983
158.83285002708436
0.0039135456085205075
0.05254695415496826
0.1341860055923462
1231.199600172043
0.11909112930297852
0.06271567344665527
0.1370830535888672


Average utilities per iteration:
-488.5679999999999
-470.68199999999996
-527.5629999999999
-893.9040000000001
-598.6659999999999
-910.7310000000001
-705.636
-527.87
-711.7149999999999
-948.527


