12
669
5


Average switches per iteration:
2.1
82.0
2.7
914.8
202.4
918.2
559.4
89.4
455.6
999.4


Average run-times per iteration:
65.08731503486634
0.9766621828079224
159.35601897239684
0.00943007469177246
0.05912303924560547
0.15970196723937988
1260.3294728279113
0.11643819808959961
0.05578548908233642
0.10954408645629883


Average utilities per iteration:
-999.4100000000001
-1007.45
-999.0600000000001
-1456.1600000000003
-1088.41
-1455.7399999999998
-1226.46
-1036.5300000000002
-1228.84
-1499.24


