17
519
5


Average switches per iteration:
11.9
331.0
1.0
940.1
511.2
862.2
700.7
93.7
448.5
868.9


Average run-times per iteration:
83.01727757453918
2.037473464012146
103.79384033679962
0.013200759887695312
0.06679980754852295
0.25822062492370607
178.1561110496521
0.21088902950286864
0.11444990634918213
2.0024972438812254


Average utilities per iteration:
-988.3160000000001
-1005.3280000000002
-985.2760000000002
-1470.7759999999998
-1253.6119999999999
-1399.954
-1263.2
-1034.0880000000002
-1208.476
-1412.9


