17
522
5


Average switches per iteration:
2.6
80.1
1.0
940.4
216.3
884.8
501.4
95.9
449.1
858.5


Average run-times per iteration:
46.3190669298172
0.9780266761779786
112.35968263149262
0.00332186222076416
0.047599172592163085
0.13810739517211915
408.0649226427078
0.1307922601699829
0.061720991134643556
1.1577558994293213


Average utilities per iteration:
-954.6529999999997
-961.4999999999998
-954.0139999999998
-1429.988
-1059.77
-1375.4540000000002
-1200.81
-992.1529999999997
-1174.9999999999998
-1371.1329999999998


