17
519
5


Average switches per iteration:
111.9
392.4
1.0
947.0
389.0
870.2
800.7
94.0
443.8
847.5


Average run-times per iteration:
55.16533310413361
1.3835893630981446
103.05750744342804
0.003234100341796875
0.04053242206573486
0.14231550693511963
125.87903985977172
0.1466991662979126
0.07138748168945312
1.3704274654388429


Average utilities per iteration:
-473.041
-495.58299999999997
-611.475
-999.4869999999999
-648.3369999999999
-846.7850000000001
-911.1439999999999
-554.283
-694.279
-820.999


