14
703
5


Average switches per iteration:
2.1
100.0
2.0
929.7
210.6
752.1
281.8
85.6
397.9
950.2


Average run-times per iteration:
73.05829758644104
0.9055875062942504
176.91032683849335
0.0037344217300415037
0.06312775611877441
0.16038010120391846
1406.6651502370835
0.14886128902435303
0.06796424388885498
0.18608827590942384


Average utilities per iteration:
-566.6840000000002
-702.5120000000001
-767.7660000000001
-1231.8740000000003
-736.4820000000002
-1022.516
-829.8220000000001
-750.7280000000001
-873.744
-1206.932


