14
695
5


Average switches per iteration:
139.2
321.5
201.0
931.3
324.5
833.9
798.7
92.2
437.1
824.4


Average run-times per iteration:
52.22702641487122
1.0806677341461182
149.0510400056839
0.0030268192291259765
0.03258798122406006
0.11106524467468262
108.89703378677368
0.10580918788909913
0.04924664497375488
0.8904612064361572


Average utilities per iteration:
-382.063
-417.98099999999994
-421.355
-826.405
-513.2470000000001
-720.075
-820.7940000000001
-468.192
-607.8979999999999
-754.592


