10
516
5


Average switches per iteration:
12.2
292.7
1.0
900.6
238.4
766.7
800.5
86.2
413.4
764.9


Average run-times per iteration:
51.40908954143524
1.0904813766479493
115.32787835597992
0.005643391609191894
0.047472238540649414
0.15141000747680664
249.11892821788788
0.13983359336853027
0.06378850936889649
0.7810386419296265


Average utilities per iteration:
-427.733
-481.304
-455.84
-870.4069999999999
-565.034
-732.1659999999999
-857.5810000000001
-494.68100000000004
-630.488
-738.0899999999999


