14
703
5


Average switches per iteration:
2.4
110.6
5.3
927.7
212.5
835.7
401.1
93.8
431.1
841.2


Average run-times per iteration:
54.52872476577759
0.8270255327224731
169.25756149291993
0.0033172845840454103
0.045664525032043456
0.12158610820770263
432.5886483192444
0.1120487928390503
0.0538062334060669
0.8401602268218994


Average utilities per iteration:
-985.2170000000002
-992.5010000000002
-985.8840000000002
-1463.116
-1088.625
-1389.6439999999998
-1127.3540000000003
-1024.9660000000001
-1198.395
-1400.405


