10
550
5


Average switches per iteration:
2.2
48.8
1.0
898.3
211.9
764.7
301.7
89.3
409.7
773.7


Average run-times per iteration:
127.92322225570679
2.0149430513381956
366.73005990982057
0.01629352569580078
0.15572431087493896
0.3280698299407959
926.7474754571915
0.28855979442596436
0.1490255117416382
1.9321568727493286


Average utilities per iteration:
-627.298
-498.916
-600.7810000000001
-1001.149
-557.0609999999999
-941.9799999999999
-675.1049999999999
-629.3930000000001
-696.098
-1032.319


