10
542
5


Average switches per iteration:
14.2
308.6
1.0
901.2
218.3
777.6
101.1
85.1
397.9
777.1


Average run-times per iteration:
71.77342450618744
1.442282247543335
91.66079034805298
0.003967738151550293
0.07860410213470459
0.21357400417327882
141.74398505687714
0.16517810821533202
0.08454792499542237
1.0014928817749023


Average utilities per iteration:
-992.8700000000001
-1006.6400000000001
-990.0
-1408.05
-1051.5700000000002
-1284.59
-1079.9500000000003
-1029.72
-1158.84
-1309.6600000000003


