10
650
3


Average switches per iteration:
13.9
170.5
1.0
898.7
240.3
750.8
764.9
87.5
411.1
761.2


Average run-times per iteration:
40.72931990623474
1.0693898916244506
114.83567366600036
0.0051660299301147464
0.05103631019592285
0.14728963375091553
238.94460513591767
0.1433915376663208
0.06432013511657715
0.7791907548904419


Average utilities per iteration:
-403.819
-459.793
-483.01599999999996
-865.588
-539.28
-721.0350000000001
-807.3340000000001
-471.81499999999994
-610.3390000000002
-744.902


