10
542
5


Average switches per iteration:
17.4
302.0
1.0
904.2
229.0
765.1
600.5
84.8
403.9
787.1


Average run-times per iteration:
50.24566843509674
0.8739032030105591
84.17194783687592
0.0035741567611694337
0.051585602760314944
0.13690850734710694
111.43961567878723
0.1163445234298706
0.057117795944213866
0.6801306009292603


Average utilities per iteration:
-992.1800000000001
-1003.8800000000001
-989.0100000000002
-1401.94
-1055.161
-1294.4099999999999
-988.9310000000002
-1018.5870000000001
-1163.461
-1325.5


