13
558
4


Average switches per iteration:
97.9
423.4
608.0
920.0
356.2
817.8
600.5
90.8
420.4
803.8


Average run-times per iteration:
44.16909368038178
1.2603898525238038
135.1368504524231
0.0035819768905639648
0.04198901653289795
0.13712875843048095
86.21640694141388
0.13171379566192626
0.06018807888031006
1.01791090965271


Average utilities per iteration:
-446.66499999999996
-553.9870000000001
-524.2790000000001
-896.332
-657.107
-836.2629999999999
-657.257
-531.763
-697.2390000000001
-814.7350000000001


