14
514
5


Average switches per iteration:
20.7
279.0
12.1
926.4
274.0
832.9
601.4
91.7
435.0
790.0


Average run-times per iteration:
51.21994638442993
1.2176101207733154
159.51248016357422
0.0036147356033325194
0.04515082836151123
0.14851503372192382
242.81925609111786
0.14384427070617675
0.0643742561340332
1.0047364950180053


Average utilities per iteration:
-384.951
-459.918
-433.954
-960.0540000000001
-581.424
-815.985
-740.7810000000001
-500.39000000000004
-653.3299999999999
-812.3000000000001


