13
552
4


Average switches per iteration:
3.3
107.0
2.0
920.6
223.0
922.0
541.3
90.2
463.8
988.1


Average run-times per iteration:
49.538771295547484
1.0001180648803711
146.98587939739227
0.004041147232055664
0.06735422611236572
0.15392086505889893
1180.832819199562
0.17135975360870362
0.07103650569915772
0.11786279678344727


Average utilities per iteration:
-654.8589999999999
-950.193
-648.3009999999999
-1430.541
-1088.335
-1428.43
-1256.1200000000001
-1004.4069999999999
-1198.345
-1453.224


