13
552
4


Average switches per iteration:
2.5
101.7
2.0
916.7
222.2
822.7
754.1
87.8
434.0
999.4


Average run-times per iteration:
49.27513949871063
0.9476290225982666
137.29405744075774
0.005442047119140625
0.0654916763305664
0.17671601772308348
1110.7854630947113
0.14922983646392823
0.07415914535522461
0.19302136898040773


Average utilities per iteration:
-985.7040000000001
-991.7320000000002
-985.1060000000001
-1445.7920000000001
-1096.7000000000003
-1383.987
-1320.8390000000002
-1024.881
-1205.473
-1494.889


