19
571
3


Average switches per iteration:
4.2
34.7
2.0
948.2
238.0
945.3
695.2
96.0
471.4
983.8


Average run-times per iteration:
52.87904055118561
1.610343837738037
119.3603223323822
0.013555097579956054
0.06333198547363281
0.2524488687515259
1091.187739419937
0.20857884883880615
0.09932060241699218
0.17050211429595946


Average utilities per iteration:
-501.7969999999999
-471.60900000000004
-347.989
-1011.318
-458.436
-1051.0059999999999
-783.9300000000001
-501.191
-745.6629999999999
-939.8400000000001


