19
571
3


Average switches per iteration:
12.9
145.1
2.0
948.6
233.0
945.6
600.8
96.4
472.5
1000.0


Average run-times per iteration:
41.66074802875519
1.6962848424911499
113.69152419567108
0.0034060239791870116
0.05469181537628174
0.18097188472747802
93.9823668718338
0.1662057876586914
0.07891788482666015
0.13869190216064453


Average utilities per iteration:
-997.1380000000001
-1009.418
-992.2630000000001
-1476.706
-1109.1100000000001
-1477.467
-1317.102
-1039.591
-1235.7869999999998
-1504.015


