18
787
5


Average switches per iteration:
31.4
435.4
21.4
942.7
275.6
853.4
900.2
88.4
448.9
848.6


Average run-times per iteration:
73.2456378698349
1.4873472213745118
181.24887111186982
0.003126788139343262
0.0366569995880127
0.14512948989868163
348.54821424484254
0.14308650493621827
0.06493542194366456
1.362766981124878


Average utilities per iteration:
-326.346
-413.663
-437.64400000000006
-870.3610000000001
-514.6139999999999
-738.3700000000001
-781.4159999999999
-444.9719999999999
-588.6960000000001
-756.6809999999999


