19
571
3


Average switches per iteration:
2.2
71.7
2.0
945.6
230.7
889.0
544.1
92.0
453.4
999.5


Average run-times per iteration:
60.36062893867493
1.783120608329773
119.20490176677704
0.00746762752532959
0.07956860065460206
0.27024900913238525
1172.9940219402313
0.25717384815216066
0.10936803817749023
0.3178460359573364


Average utilities per iteration:
-993.0970000000001
-1000.8790000000001
-992.6800000000001
-1475.068
-1105.883
-1428.868
-1246.492
-1040.4379999999999
-1222.0010000000002
-1501.601


