17
495
3


Average switches per iteration:
120.3
367.7
576.6
943.5
528.1
856.9
101.3
94.7
455.4
851.1


Average run-times per iteration:
66.34870774745941
2.8363071203231813
31.228284931182863
0.004482531547546386
0.07437367439270019
0.36548142433166503
127.20710132122039
0.31035985946655276
0.17891521453857423
3.0136454343795775


Average utilities per iteration:
-497.96900000000005
-498.475
-456.34399999999994
-959.6539999999999
-770.6450000000001
-823.335
-586.537
-543.474
-623.0450000000001
-911.9159999999999


