17
505
4


Average switches per iteration:
9.3
300.2
1.0
939.7
407.3
870.8
800.3
94.1
448.1
865.1


Average run-times per iteration:
66.69903409481049
2.1578057765960694
100.96097559928894
0.00665888786315918
0.07313449382781982
0.2383899450302124
333.4839122772217
0.2546238899230957
0.1120250940322876
2.0011533737182616


Average utilities per iteration:
-971.8120000000002
-993.9470000000001
-969.9810000000001
-1405.4429999999998
-1135.0940000000003
-1336.863
-1298.565
-1011.8990000000001
-1169.1570000000002
-1356.855


