17
622
3


Average switches per iteration:
20.9
173.6
2.0
943.5
227.0
939.2
401.5
96.2
470.4
999.9


Average run-times per iteration:
40.18304958343506
1.5642260313034058
124.29739046096802
0.004423403739929199
0.050559616088867186
0.15168797969818115
84.61660001277923
0.14694030284881593
0.0686805248260498
0.11733500957489014


Average utilities per iteration:
-995.6980000000003
-1004.51
-989.1600000000002
-1456.924
-1104.2810000000002
-1459.7189999999998
-1157.3780000000002
-1029.6240000000003
-1218.5880000000002
-1481.9810000000002


