17
517
5


Average switches per iteration:
104.5
416.0
1.0
940.0
370.8
844.6
800.7
91.7
442.2
867.1


Average run-times per iteration:
53.739910984039305
1.3726934432983398
121.31632673740387
0.003364825248718262
0.03750200271606445
0.1537923574447632
114.9542665719986
0.14576370716094972
0.07023808956146241
1.3985360145568848


Average utilities per iteration:
-518.313
-515.9380000000001
-610.224
-931.3100000000001
-491.0160000000001
-909.6270000000001
-1005.6899999999999
-571.767
-715.523
-891.493


