17
500
5


Average switches per iteration:
2.4
95.6
2.0
942.6
225.7
868.7
100.9
93.6
453.8
877.1


Average run-times per iteration:
53.977593541145325
1.2378987789154052
72.55162444114686
0.0033421993255615236
0.051382255554199216
0.15365321636199952
510.84606473445893
0.15602715015411378
0.07250313758850098
1.2986040830612182


Average utilities per iteration:
-983.5710000000003
-991.7340000000002
-983.3650000000001
-1461.151
-1090.6530000000002
-1416.0289999999998
-1037.997
-1030.7600000000002
-1214.028
-1421.7350000000001


