17
500
5


Average switches per iteration:
10.0
165.0
1.0
938.3
220.9
942.9
100.9
96.0
469.3
999.1


Average run-times per iteration:
56.67002580165863
1.4253174543380738
63.238625502586366
0.003337264060974121
0.058362269401550294
0.18406176567077637
145.01367325782775
0.15840544700622558
0.0711301326751709
0.12448129653930665


Average utilities per iteration:
-990.4060000000002
-1001.5360000000001
-987.18
-1463.276
-1088.161
-1467.4720000000002
-1002.777
-1027.4080000000001
-1227.5420000000001
-1492.307


