12
572
5


Average switches per iteration:
18.9
378.2
2.0
915.7
264.6
795.3
700.6
90.4
430.2
761.6


Average run-times per iteration:
51.451426434516904
1.1430031776428222
148.06326026916503
0.00369718074798584
0.04004340171813965
0.13928909301757814
249.55341937541962
0.122349214553833
0.059030675888061525
0.7926072597503662


Average utilities per iteration:
-419.65599999999995
-479.12699999999995
-420.41399999999993
-928.533
-574.9909999999999
-770.304
-644.838
-501.32
-656.9169999999999
-771.205


