17
531
5


Average switches per iteration:
13.3
281.1
5.3
939.8
350.4
864.4
201.0
90.3
444.4
871.5


Average run-times per iteration:
81.99993138313293
2.072833943367004
60.29430801868439
0.005298495292663574
0.06903722286224365
0.2235780715942383
208.59983987808226
0.20170671939849855
0.11672625541687012
1.9728063583374023


Average utilities per iteration:
-982.0330000000001
-1002.9190000000002
-978.9050000000001
-1485.0030000000002
-1165.912
-1407.123
-1058.8300000000004
-1026.044
-1208.59
-1428.777


