12
572
5


Average switches per iteration:
72.8
349.9
2.0
916.4
355.7
798.5
401.3
85.4
422.1
788.7


Average run-times per iteration:
51.823648643493655
1.023629903793335
149.46165463924407
0.0036876678466796877
0.04017760753631592
0.13594415187835693
252.61689560413362
0.1193415641784668
0.05861310958862305
0.8932018756866456


Average utilities per iteration:
-525.434
-583.9970000000001
-523.235
-996.5409999999999
-683.4060000000001
-772.9380000000001
-672.741
-563.6569999999999
-670.8109999999999
-900.198


