17
530
5


Average switches per iteration:
2.0
71.0
6.8
943.3
233.2
880.9
709.1
93.5
447.1
999.6


Average run-times per iteration:
62.765014457702634
1.3378328561782837
70.94561131000519
0.00389404296875
0.05856354236602783
0.19830241203308105
1305.4540563106536
0.16105027198791505
0.07715280055999756
0.24350240230560302


Average utilities per iteration:
-989.8780000000003
-997.9209999999999
-989.55
-1467.8509999999999
-1101.145
-1413.069
-1316.8489999999997
-1015.6420000000002
-1215.7930000000001
-1495.9569999999999


