17
671
3


Average switches per iteration:
82.3
441.6
2.9
945.9
421.6
875.6
501.8
90.2
444.6
859.3


Average run-times per iteration:
53.13699395656586
1.8759800434112548
115.53930685520172
0.00417172908782959
0.051545119285583495
0.1895202398300171
263.6391130685806
0.17350900173187256
0.08877480030059814
1.7458128213882447


Average utilities per iteration:
-428.85300000000007
-493.8860000000001
-457.924
-854.8070000000001
-684.296
-801.372
-689.98
-520.507
-648.8520000000001
-862.8290000000001


