14
652
3


Average switches per iteration:
2.4
137.1
496.6
928.5
209.6
795.8
700.9
91.2
430.2
838.7


Average run-times per iteration:
44.97271914482117
1.2708013296127318
141.13613526821138
0.003889632225036621
0.05895652770996094
0.16847586631774902
335.0261848449707
0.15294942855834961
0.0764078140258789
1.2156837940216065


Average utilities per iteration:
-981.2300000000001
-988.0960000000002
-980.2480000000002
-1447.694
-1080.958
-1364.378
-1283.4180000000001
-1026.574
-1194.826
-1401.576


