14
652
3


Average switches per iteration:
2.2
122.8
1000.0
925.1
216.6
832.9
700.6
90.6
432.7
846.9


Average run-times per iteration:
35.0015834569931
0.9723126649856567
145.2132417678833
0.0037050485610961915
0.051190543174743655
0.13355717658996583
272.8638261795044
0.12463638782501221
0.0588984489440918
0.9062568426132203


Average utilities per iteration:
-997.586
-1004.229
-996.8740000000001
-1466.525
-1103.0149999999999
-1401.139
-1308.057
-1039.1889999999999
-1214.3629999999998
-1420.696


