17
671
3


Average switches per iteration:
21.2
471.4
2.6
944.0
257.7
851.0
700.8
92.1
439.5
847.4


Average run-times per iteration:
54.059602403640746
1.981820559501648
109.30266728401185
0.005617880821228027
0.051999235153198244
0.19890384674072265
262.9099119901657
0.18830392360687256
0.07933104038238525
1.7020463705062867


Average utilities per iteration:
-326.86400000000003
-392.239
-322.252
-840.8060000000002
-500.58500000000004
-705.47
-402.50100000000003
-425.01399999999995
-571.555
-731.453


