19
495
5


Average switches per iteration:
20.5
195.8
2.0
948.9
228.6
950.3
800.4
93.8
474.3
999.4


Average run-times per iteration:
50.021905469894406
1.686779260635376
137.66701145172118
0.0031865119934082033
0.04696753025054932
0.14974935054779054
101.60615835189819
0.14420685768127442
0.06791417598724366
0.1115710973739624


Average utilities per iteration:
-980.308
-990.8280000000001
-976.0450000000001
-1441.0279999999998
-1086.518
-1444.0399999999997
-1271.3790000000001
-1015.8990000000001
-1207.7459999999999
-1467.801


