19
495
5


Average switches per iteration:
7.3
51.2
2.0
947.9
237.2
945.5
953.7
97.9
474.4
951.0


Average run-times per iteration:
66.79870598316192
1.3096163034439088
135.22186548709868
0.005625224113464356
0.059645652770996094
0.199471378326416
1276.6111672639847
0.18696515560150145
0.07938117980957031
0.14266724586486818


Average utilities per iteration:
-452.071
-381.124
-456.5870000000001
-862.469
-566.5730000000001
-935.616
-956.1550000000001
-503.099
-690.4459999999999
-854.4979999999999


