10
483
3


Average switches per iteration:
7.0
120.3
2.0
904.3
562.4
793.9
867.3
85.5
400.6
789.9


Average run-times per iteration:
44.881432104110715
1.5639771699905396
77.78297045230866
0.00606083869934082
0.0807187795639038
0.25165226459503176
250.18697953224182
0.20366358757019043
0.09947113990783692
1.0932011365890504


Average utilities per iteration:
-996.9080000000001
-1013.5890000000002
-994.244
-1492.426
-1284.468
-1387.8919999999998
-1508.54
-1040.7220000000002
-1201.938
-1392.7289999999998


