11
613
4


Average switches per iteration:
6.4
129.0
1.0
906.4
265.6
788.0
401.7
89.9
420.2
801.0


Average run-times per iteration:
62.26630485057831
1.2925094604492187
128.96032829284667
0.005835890769958496
0.07385520935058594
0.18102428913116456
281.83070175647737
0.16117851734161376
0.07168071269989014
1.0426100492477417


Average utilities per iteration:
-989.3890000000001
-1010.2450000000001
-986.7720000000002
-1463.714
-1122.3600000000001
-1363.577
-1245.571
-1034.43
-1207.922
-1388.4279999999999


