16
536
3


Average switches per iteration:
116.0
434.7
2.9
938.7
429.8
831.5
700.8
94.9
447.7
842.1


Average run-times per iteration:
46.463232612609865
1.7537107944488526
76.16639819145203
0.0072556018829345705
0.047591233253479005
0.20389876365661622
112.22915999889373
0.2185746431350708
0.08159363269805908
1.6368026256561279


Average utilities per iteration:
-550.258
-431.54499999999996
-475.412
-990.1970000000001
-678.8530000000001
-822.863
-848.1389999999999
-557.754
-780.0829999999999
-830.6460000000001


