16
498
3


Average switches per iteration:
2.7
84.9
2.0
934.1
224.4
858.1
800.6
96.1
446.8
867.5


Average run-times per iteration:
30.90953986644745
1.254807424545288
127.0040410041809
0.003929281234741211
0.055692505836486814
0.1567561388015747
256.7172583580017
0.14605140686035156
0.06908419132232665
1.2412652015686034


Average utilities per iteration:
-983.3780000000003
-991.0750000000002
-982.2910000000002
-1441.417
-1093.8600000000001
-1391.8790000000001
-1409.713
-1020.4590000000002
-1201.9230000000002
-1412.1760000000002


