15
445
3


Average switches per iteration:
12.4
358.8
1.0
931.0
638.2
853.8
900.2
91.7
438.8
848.6


Average run-times per iteration:
52.48156473636627
2.627166438102722
108.63023386001586
0.010939884185791015
0.08853521347045898
0.2513328313827515
107.30122039318084
0.2480905294418335
0.12729167938232422
2.0885048627853395


Average utilities per iteration:
-1003.78
-1016.1299999999999
-1000.0
-1484.67
-1226.6200000000001
-1394.7599999999998
-1259.7899999999997
-1046.2
-1222.49
-1410.3399999999997


