15
457
3


Average switches per iteration:
2.3
113.9
37.8
932.2
220.0
856.6
781.2
90.4
435.4
999.6


Average run-times per iteration:
37.693564891815186
1.482755184173584
120.39634275436401
0.00573427677154541
0.06746249198913574
0.20701987743377687
922.4923779964447
0.16172215938568116
0.08489477634429932
0.22947921752929687


Average utilities per iteration:
-989.384
-996.7520000000001
-988.3900000000001
-1448.604
-1081.0840000000003
-1390.2900000000002
-1340.794
-1028.0120000000002
-1199.4740000000002
-1483.9320000000002


