15
457
3


Average switches per iteration:
78.3
99.6
37.6
934.8
231.4
932.0
421.1
91.5
467.1
934.2


Average run-times per iteration:
39.62815890312195
1.3799206018447876
118.57592849731445
0.0056884527206420895
0.07496533393859864
0.21673910617828368
927.9217849016189
0.18615658283233644
0.09409382343292236
0.14846303462982177


Average utilities per iteration:
-467.283
-406.31500000000005
-486.98900000000003
-932.2090000000001
-544.123
-854.1200000000001
-676.5840000000001
-531.926
-678.5029999999999
-837.6389999999999


