16
784
4


Average switches per iteration:
17.6
442.2
1000.0
940.0
292.9
852.5
800.8
93.7
442.0
837.4


Average run-times per iteration:
59.1138710975647
1.214960241317749
187.9489251613617
0.003241753578186035
0.036260128021240234
0.1504239559173584
272.07796800136566
0.13487439155578612
0.062279558181762694
1.1220949411392211


Average utilities per iteration:
-342.36400000000003
-435.27
-410.043
-856.7220000000001
-531.3419999999999
-760.1870000000001
-729.606
-464.11899999999997
-607.25
-763.7


