15
612
3


Average switches per iteration:
2.6
85.4
1.0
932.9
221.8
854.9
437.6
93.5
440.2
999.3


Average run-times per iteration:
56.65655076503754
1.5106928586959838
148.42523283958434
0.005647039413452149
0.07638938426971435
0.21261236667633057
1034.5341300725936
0.22167572975158692
0.09764285087585449
0.24641077518463134


Average utilities per iteration:
-992.2920000000001
-999.2540000000001
-991.738
-1418.8560000000002
-1093.726
-1366.44
-1165.278
-1032.7760000000003
-1189.5880000000002
-1450.568


