19
692
4


Average switches per iteration:
10.1
339.7
1.7
950.1
636.8
887.4
899.3
93.2
452.3
882.2


Average run-times per iteration:
58.70947380065918
1.7469927549362183
172.10383048057557
0.0035307884216308595
0.03921067714691162
0.1580610990524292
284.4585589170456
0.1456885576248169
0.0724111557006836
1.513956069946289


Average utilities per iteration:
-993.027
-1010.6859999999999
-992.6960000000001
-1473.35
-1274.331
-1410.9789999999998
-1504.756
-1032.6200000000001
-1214.4740000000002
-1422.2549999999999


