15
612
3


Average switches per iteration:
4.0
39.5
1.0
933.2
226.7
757.3
444.1
91.4
412.2
972.1


Average run-times per iteration:
50.92562747001648
1.2416590929031373
148.26003992557526
0.004363632202148438
0.07227118015289306
0.2241006851196289
963.9938972711564
0.1876667022705078
0.08519678115844727
0.3068039655685425


Average utilities per iteration:
-433.41700000000003
-432.53899999999993
-545.821
-919.8700000000001
-590.0150000000001
-647.8349999999999
-740.2520000000001
-520.763
-568.2210000000001
-897.9949999999999


