10
696
3


Average switches per iteration:
6.5
99.2
1.0
896.4
785.6
784.1
586.3
87.4
405.2
796.5


Average run-times per iteration:
42.71218762397766
0.9697912693023681
127.61230051517487
0.004626917839050293
0.0565673828125
0.1490713834762573
230.9691941022873
0.12782104015350343
0.06666522026062012
0.7009271621704102


Average utilities per iteration:
-1002.7310000000001
-1021.2209999999999
-999.5229999999999
-1512.6039999999998
-1433.0849999999998
-1431.375
-1326.618
-1041.614
-1221.688
-1435.8919999999998


