13
471
3


Average switches per iteration:
35.8
287.5
1.7
923.1
489.5
777.9
401.2
90.8
436.3
810.0


Average run-times per iteration:
42.14164328575134
1.769151759147644
96.19170696735382
0.004075431823730468
0.05696427822113037
0.24174177646636963
79.29528198242187
0.18621516227722168
0.07351796627044678
1.3721084356307984


Average utilities per iteration:
-593.624
-604.4960000000001
-594.4359999999999
-1108.1950000000002
-836.025
-995.8770000000001
-858.856
-646.1469999999999
-727.852
-1054.082


