10
696
3


Average switches per iteration:
5.8
107.5
1.0
901.6
708.3
750.4
647.1
88.1
399.2
775.6


Average run-times per iteration:
51.82629451751709
1.2883427143096924
141.7201003074646
0.004639554023742676
0.06596922874450684
0.20211985111236572
282.6556797266006
0.1596935749053955
0.07496402263641358
0.8854562997817993


Average utilities per iteration:
-1002.7700000000001
-1023.2299999999999
-1000.0
-1511.8600000000001
-1408.5099999999998
-1388.75
-1354.1200000000001
-1051.15
-1224.1
-1411.0700000000002


