10
618
3


Average switches per iteration:
18.3
293.2
1.1
900.2
253.6
738.2
1000.0
86.3
419.6
734.6


Average run-times per iteration:
45.58566517829895
1.2469642877578735
79.6893319606781
0.004364109039306641
0.05490353107452393
0.1770012378692627
220.08213288784026
0.1875086545944214
0.07742538452148437
0.9217209100723267


Average utilities per iteration:
-344.40099999999995
-405.649
-335.48699999999997
-831.0459999999999
-512.985
-679.658
-788.506
-431.87600000000003
-585.3210000000001
-675.173


