16
538
4


Average switches per iteration:
5.5
70.9
4.0
937.9
231.3
755.4
301.0
91.1
438.0
957.1


Average run-times per iteration:
61.11709904670715
1.829550528526306
98.81041083335876
0.004619169235229492
0.07601358890533447
0.22491652965545655
1114.4561857700348
0.1870274305343628
0.097800874710083
0.2758387804031372


Average utilities per iteration:
-454.787
-512.858
-390.81800000000004
-978.318
-557.997
-700.527
-704.4810000000001
-559.0380000000001
-602.9739999999999
-883.0719999999999


