16
538
4


Average switches per iteration:
3.2
116.8
3.0
935.1
223.1
857.0
301.4
94.3
440.1
865.2


Average run-times per iteration:
50.88920123577118
1.2858828544616698
98.92910163402557
0.0035978317260742187
0.059206390380859376
0.17233519554138182
427.12742269039154
0.16197624206542968
0.07765007019042969
1.3860707759857178


Average utilities per iteration:
-995.9039999999999
-1002.749
-995.424
-1457.3380000000002
-1094.8519999999999
-1387.492
-1105.532
-1042.2589999999998
-1204.518
-1403.078


