16
569
4


Average switches per iteration:
33.5
354.7
2.9
936.0
678.8
873.7
501.3
95.4
440.0
864.1


Average run-times per iteration:
47.24652333259583
1.2117825508117677
109.7567322731018
0.0032958745956420898
0.03887429237365723
0.15464272499084472
103.2096485376358
0.1334700107574463
0.06586668491363526
1.1973558425903321


Average utilities per iteration:
-991.2040000000001
-1004.519
-989.0020000000001
-1456.5759999999998
-1275.1689999999999
-1382.235
-1147.662
-1028.901
-1206.342
-1399.3329999999999


