17
334
93 41 161 75 205 155 156 40 193 52 182 235 224 400 467 101 47 232 133 14 186 21 168 233 90 275 33 88 157 368 370 57 261 329 359 177 396 424 204 152 24 164 83 26 230 282 189 390 35 215 227 214 19 397 5 391 77 85 51 112 22 415 384 245 173 126 48 382 29 64 231 398 137 285 209 1 306 263 218 150 249 369 74 464 284 37 84 301 66 190 366 392 69 376 217 139 293 145 222 95 68 207 103 151 154 242 338 76 208 106 61 289 266 102 419 113 175 203 237 116 213 194 30 144 18 365 146 401 44 462 56 307 120 273 86 380 185 395 8 70 147 349 238 281 302 256 2 363 89 31 45 158 181 174 352 105 122 337 305 60 243 38 108 128 346 49 166 132 39 434 163 115 3 119 393 403 179 98 143 290 72 54 360 162 387 198 458 236 191 362 394 206 10 20 197 91 240 195 250 318 252 201 229 78 79 6 4 377 123 100 405 109 316 460 67 117 0 378 134 28 314 55 187 53 25 110 188 192 210 199 399 341 87 324 73 124 159 286 202 36 111 17 184 15 82 171 96 42 180 160 211 32 234 13 94 165 228 385 439 149 27 355 80 270 386 226 176 372 142 12 140 153 308 223 34 389 343 138 406 130 241 7 404 63 92 104 183 58 16 196 219 172 317 402 50 239 131 71 97 141 260 11 221 23 99 121 178 283 216 135 148 43 81 169 114 225 388 59 379 9 374 381 367 383 200 62 136 278 125 107 220 170 167 411 
324
93 41 161 75 205 155 156 40 193 52 182 235 224 400 467 101 47 133 14 186 21 168 233 90 275 33 88 157 368 370 57 261 329 359 177 396 204 152 24 164 83 26 230 282 189 390 215 35 227 214 19 397 5 391 77 85 51 112 22 415 384 245 173 126 48 382 29 64 231 398 137 285 209 1 306 263 218 150 249 369 74 464 284 37 84 301 66 190 366 392 69 376 217 139 293 145 222 95 68 207 103 151 242 338 76 208 106 61 289 266 102 419 113 203 175 237 116 213 194 30 144 18 365 146 401 44 462 56 307 120 273 86 380 185 395 8 70 147 349 238 281 302 256 2 363 89 31 45 158 352 105 122 337 305 60 243 38 108 128 346 49 166 132 39 434 163 115 3 119 393 403 179 98 290 72 54 360 162 387 198 458 236 191 362 394 206 10 197 91 240 195 250 318 252 201 229 78 79 6 4 377 123 100 405 109 316 460 67 117 0 378 134 28 314 55 187 53 25 110 188 192 210 199 399 341 87 324 73 124 159 286 202 36 111 17 184 15 82 171 96 42 180 160 32 234 13 94 165 228 385 149 27 355 80 270 386 226 176 372 142 12 140 153 308 223 34 389 343 138 406 130 241 7 404 63 92 183 58 16 196 219 172 317 402 50 239 131 71 97 141 260 11 221 23 99 121 178 283 216 135 148 43 81 169 114 225 388 59 379 9 374 381 367 383 200 62 136 278 125 107 220 170 167 411 
307
93 41 161 75 155 156 40 193 52 182 235 224 400 467 101 47 133 14 186 21 233 90 275 33 88 157 368 370 57 261 329 359 177 396 204 152 164 83 26 230 282 390 35 215 227 214 19 397 5 391 77 85 51 112 22 415 384 245 173 126 48 382 29 64 231 398 137 285 209 1 306 263 218 150 249 369 74 464 284 37 84 301 66 190 366 392 69 376 217 139 293 145 222 95 68 207 103 151 242 338 76 208 106 61 289 266 102 419 113 203 175 237 116 213 194 30 144 18 365 146 401 44 462 56 307 120 273 86 380 185 395 8 147 349 238 281 302 256 2 363 89 31 158 352 105 122 337 305 60 243 38 108 128 346 49 166 132 434 163 115 3 119 393 403 179 98 290 54 360 162 387 458 236 191 362 394 10 197 91 240 195 250 318 252 201 229 79 6 4 377 123 100 405 109 316 460 67 117 0 378 134 28 314 55 187 53 25 110 188 192 210 199 399 87 324 73 124 159 286 36 111 17 184 15 82 171 96 42 180 160 32 234 13 94 165 228 385 149 27 355 80 270 386 226 176 372 142 12 140 153 308 223 34 389 343 138 406 130 241 404 63 92 183 58 16 219 172 317 402 50 239 131 71 97 141 260 11 221 23 99 121 178 283 216 135 148 43 81 169 114 225 388 59 9 374 381 367 383 200 62 136 278 125 220 170 167 411 
292
84 93 290 301 80 41 66 75 161 190 270 366 155 392 386 226 69 54 360 176 376 162 387 372 142 12 40 193 52 217 182 139 235 140 224 153 236 308 400 223 467 191 34 101 293 394 145 389 47 343 138 222 98 133 14 186 10 95 21 233 90 411 275 406 130 241 33 68 197 91 240 207 404 88 63 92 157 195 103 242 250 318 252 76 183 338 368 370 208 201 57 61 261 329 58 177 289 16 359 396 229 266 204 152 219 172 79 102 164 6 4 83 419 317 113 203 175 402 26 230 237 377 282 116 213 123 50 194 30 100 390 215 239 227 405 144 365 35 131 71 97 401 109 44 316 460 67 19 117 214 141 397 462 56 0 378 260 307 11 120 273 134 28 86 395 221 314 55 23 187 8 5 53 147 391 99 77 349 25 85 121 110 51 178 238 281 188 256 302 192 89 283 210 216 363 199 31 112 22 415 135 399 148 384 158 43 245 87 81 126 173 169 352 48 382 324 114 73 105 122 124 159 225 286 29 305 64 337 60 388 36 231 243 398 137 59 17 184 285 15 82 209 1 9 38 171 306 374 108 381 96 128 346 49 367 42 180 383 200 166 62 132 136 263 160 218 32 278 150 249 234 434 13 163 94 3 74 115 220 119 170 165 393 179 403 464 167 228 37 385 149 27 
282
84 93 290 301 80 41 66 161 190 270 366 155 392 386 226 69 54 360 376 162 387 372 142 12 40 193 52 217 182 235 140 224 153 236 400 223 467 191 34 101 293 394 145 389 47 343 138 222 98 133 14 186 10 95 21 233 90 411 275 406 130 241 33 68 197 91 240 207 404 88 63 157 195 103 242 250 318 252 76 183 338 368 370 208 201 57 61 261 329 58 177 289 16 359 396 229 266 204 152 219 172 79 102 164 6 4 83 419 317 113 203 175 402 26 230 237 377 282 116 213 123 50 30 100 390 215 239 227 405 144 365 35 131 71 97 401 109 44 316 460 67 19 117 214 141 397 462 56 0 378 260 307 11 120 273 134 28 86 395 221 314 55 23 187 8 5 53 147 391 99 77 349 25 85 121 110 51 178 238 281 188 256 302 192 89 283 210 216 363 199 31 112 22 135 399 148 384 158 43 245 87 81 126 173 169 352 48 382 324 73 105 122 124 159 225 286 29 305 64 337 60 388 36 231 243 398 137 59 184 285 15 82 209 1 9 38 171 306 374 108 381 96 128 346 49 367 42 180 383 200 166 62 132 136 263 160 218 32 278 150 249 234 13 163 94 3 74 115 220 119 170 165 393 179 403 464 167 228 37 385 149 27 
275
84 93 290 301 80 41 66 161 190 270 366 155 392 386 226 69 54 360 376 162 387 372 142 12 40 193 52 217 182 235 140 224 153 236 400 223 191 34 101 293 394 145 389 47 343 138 222 133 14 186 10 95 21 233 90 411 275 406 130 33 68 197 91 240 207 404 88 63 157 195 103 242 250 318 252 76 183 338 368 370 208 201 57 61 261 329 58 177 289 16 359 396 229 266 204 152 219 172 79 102 164 6 4 83 419 317 113 203 175 402 26 230 237 377 282 116 213 123 50 30 390 215 239 227 405 144 365 35 131 71 97 401 109 44 316 460 67 19 117 214 141 397 462 56 0 378 260 307 11 120 273 134 28 86 395 221 314 55 23 187 8 5 53 147 391 99 77 349 25 85 121 110 51 178 238 281 188 256 302 192 89 283 210 216 363 199 31 112 22 135 399 148 384 158 43 245 87 81 126 173 169 352 48 382 324 73 105 122 124 159 225 286 29 305 64 337 60 388 231 243 398 137 59 184 285 15 209 1 9 306 171 374 108 381 96 128 346 49 367 42 180 383 200 166 62 132 136 263 160 218 32 278 150 249 234 13 163 27 94 3 74 115 220 170 464 165 393 179 403 167 228 37 385 149 98 
261
84 93 290 301 80 41 66 161 190 270 366 155 386 226 69 54 360 376 162 387 372 142 12 40 193 52 217 182 235 140 224 153 236 400 223 191 34 101 293 394 145 389 47 343 138 222 133 14 186 10 95 21 233 90 411 275 406 130 33 68 197 91 240 207 404 88 63 157 195 103 242 250 318 252 76 183 338 368 370 208 201 57 61 261 329 58 177 289 16 359 396 229 266 204 152 219 172 79 102 164 6 4 83 419 317 113 203 175 402 26 230 237 377 282 116 213 123 50 30 215 239 405 35 144 365 131 71 97 401 109 44 316 460 67 19 117 214 141 397 462 56 0 378 260 307 11 120 273 134 28 86 395 221 314 55 23 8 5 53 147 391 99 77 349 25 85 121 110 51 178 238 281 188 302 192 89 283 210 216 363 199 31 112 22 135 399 148 384 158 43 245 87 81 126 173 169 352 48 382 324 73 105 122 124 225 286 305 29 337 64 60 243 137 59 184 285 15 209 1 9 306 374 108 381 96 128 346 367 180 383 200 263 62 132 136 160 218 32 278 150 249 234 13 163 27 115 3 74 220 170 464 165 393 179 403 167 228 37 385 149 98 
247
84 93 290 301 66 161 190 270 155 386 226 69 54 360 376 162 387 372 142 12 40 193 52 217 182 235 140 224 153 236 400 223 191 34 101 293 394 145 389 47 343 138 222 133 14 186 10 95 21 233 90 411 406 130 33 68 197 91 240 207 404 88 63 157 103 242 250 318 252 76 183 338 368 370 208 201 57 61 261 329 58 177 359 16 396 229 266 204 152 219 172 79 102 164 6 4 83 419 317 113 203 175 402 26 230 237 282 116 213 123 50 30 215 239 405 35 144 365 131 71 97 401 109 44 316 460 67 19 117 214 397 462 56 0 378 260 307 120 273 134 28 86 395 221 314 55 23 8 5 53 147 391 99 77 349 25 85 121 110 51 178 238 281 188 302 192 89 283 210 216 363 199 31 112 22 135 399 148 158 43 245 87 81 173 169 352 48 382 324 73 105 122 124 225 286 305 29 337 64 60 243 137 59 184 285 15 209 1 9 306 374 108 381 96 128 346 367 180 200 263 62 132 136 160 218 32 278 150 249 234 13 163 27 115 220 74 170 464 165 393 403 167 228 37 385 149 98 
238
84 93 290 301 66 161 190 270 155 386 226 69 54 360 376 162 387 372 142 12 40 193 52 217 182 235 140 224 153 236 400 223 191 34 101 293 394 145 389 47 343 138 222 133 14 186 10 95 21 233 90 411 406 130 33 68 197 91 240 207 404 88 63 157 103 242 250 318 252 76 183 338 368 208 201 57 61 261 329 58 177 359 16 396 229 266 204 152 219 172 164 102 6 4 83 419 317 113 203 175 402 26 282 116 213 123 50 30 215 239 405 35 144 365 71 97 401 109 44 316 460 67 19 117 214 462 56 0 378 260 307 120 273 134 28 86 395 221 314 55 23 8 5 53 147 391 99 77 349 25 85 121 110 51 178 238 281 188 302 192 89 283 210 216 363 199 31 112 135 399 148 43 245 87 81 173 169 352 48 382 324 73 105 122 124 225 286 305 29 337 64 60 243 137 59 184 285 15 209 1 9 306 374 108 381 96 128 346 367 180 200 263 62 132 136 160 218 32 278 249 234 13 163 27 115 220 74 170 464 165 393 403 167 228 37 385 149 98 
229
84 93 290 301 66 161 190 270 155 386 226 69 54 360 376 162 387 372 142 12 193 52 217 182 235 140 224 153 236 400 223 191 34 101 293 394 145 389 47 138 222 133 14 186 10 95 21 233 90 411 406 130 33 68 197 91 240 207 404 88 63 157 103 242 250 318 252 76 183 338 368 208 201 57 61 261 329 58 177 359 16 396 229 266 204 152 219 172 164 102 6 4 83 419 317 113 175 402 26 282 116 123 50 30 215 239 405 35 144 365 71 97 401 109 44 316 460 67 19 117 214 462 56 0 378 260 307 120 273 134 28 86 395 221 314 55 23 8 5 53 147 391 99 77 349 25 85 121 110 51 178 238 302 188 192 89 283 210 216 363 199 31 112 135 399 148 43 245 87 81 173 169 352 48 382 324 73 105 122 124 286 305 337 29 64 60 243 59 184 285 15 209 1 9 374 108 381 96 128 346 367 180 200 263 62 132 136 160 218 32 278 249 234 13 163 27 115 74 170 464 165 393 403 167 228 37 385 149 98 
216
84 93 290 301 66 161 190 270 155 386 226 69 54 360 376 162 387 372 142 12 193 52 217 182 235 140 224 153 236 400 223 191 34 101 293 394 145 389 47 138 222 133 14 186 10 95 21 233 90 411 406 130 33 68 197 91 240 88 63 157 103 242 318 368 252 76 183 208 201 57 61 261 329 58 177 359 16 229 266 204 152 219 164 102 6 4 83 419 317 113 175 402 26 282 116 123 50 30 215 35 365 71 97 401 44 316 460 67 19 117 214 462 56 0 378 260 307 120 273 134 28 86 395 221 314 55 23 8 5 53 147 391 99 77 349 25 85 121 110 51 178 238 302 188 192 89 283 210 216 363 199 31 112 135 399 148 43 245 87 81 169 352 48 382 324 73 105 122 124 286 305 337 29 64 60 243 59 184 285 15 209 1 9 374 108 381 96 128 346 367 180 200 263 62 132 136 160 218 32 249 234 13 27 115 74 170 464 165 393 403 167 228 37 385 149 98 
203
84 93 290 301 66 161 190 270 155 386 226 69 54 360 376 162 387 372 142 12 193 52 182 140 224 153 236 223 191 34 101 293 145 389 47 222 133 14 186 10 95 21 233 90 411 406 130 33 68 197 91 240 63 157 103 242 318 368 252 76 183 208 201 57 61 261 329 58 177 359 16 229 266 204 152 219 164 102 6 4 83 419 317 113 175 402 282 116 123 50 30 215 35 365 71 97 401 44 316 460 214 19 117 67 462 56 0 378 260 307 120 273 134 28 86 395 221 55 23 8 5 53 147 391 99 77 349 25 85 121 110 51 178 238 302 188 192 89 283 210 216 363 199 31 112 135 399 148 43 245 87 81 169 352 48 382 324 73 105 122 124 286 305 337 29 64 60 243 59 184 285 15 209 1 9 374 108 381 128 346 367 180 263 200 62 132 136 160 218 32 249 13 27 74 170 464 165 403 167 37 385 149 98 
195
84 93 290 301 66 161 190 270 155 386 226 376 162 387 372 142 12 193 52 182 140 224 153 236 223 191 34 101 293 145 389 47 222 133 14 186 10 95 21 233 90 411 406 130 33 68 197 91 240 63 157 103 242 318 368 252 76 183 208 201 57 61 261 58 359 16 229 266 204 152 219 164 102 6 4 83 419 113 175 402 282 116 123 50 30 215 35 365 71 97 401 44 316 460 214 19 117 67 462 56 0 378 260 307 120 273 134 28 395 221 55 23 8 5 53 147 391 99 77 25 85 121 110 51 178 238 302 188 192 89 283 210 216 363 199 31 112 135 399 148 43 245 87 81 169 352 48 382 324 73 105 122 124 286 305 337 29 64 60 243 59 184 285 15 209 1 9 374 108 381 128 346 367 180 263 200 62 132 136 160 218 32 249 13 27 74 170 464 165 403 167 37 385 149 98 
190
84 93 290 301 66 161 190 270 155 386 226 376 162 387 372 142 12 193 52 182 140 224 153 236 223 191 34 293 145 389 47 222 133 14 186 10 95 21 233 90 411 406 130 33 68 197 91 240 63 157 103 242 318 368 252 76 183 208 201 57 61 261 58 359 16 229 266 204 152 219 164 102 6 4 83 419 113 175 402 282 116 123 50 30 215 35 365 71 97 401 44 316 460 214 19 117 67 462 56 0 378 260 307 120 273 134 28 395 221 55 23 8 5 53 147 391 99 77 25 85 121 110 51 178 238 302 188 192 283 363 210 216 199 31 112 135 399 148 43 245 87 81 169 352 48 382 324 73 105 122 124 286 305 337 29 64 60 243 59 184 285 15 209 1 9 374 381 128 346 367 180 263 200 132 136 160 218 32 13 27 74 170 464 165 403 167 37 385 149 98 
184
84 93 290 301 66 161 190 270 155 386 226 376 162 387 372 142 12 193 52 182 140 224 153 236 223 191 34 293 145 389 47 222 133 14 186 10 95 21 233 90 411 406 130 33 68 197 91 240 63 157 103 242 318 368 252 76 183 208 201 57 61 261 359 16 229 266 204 219 164 102 83 4 419 113 175 402 282 116 123 50 30 215 35 365 71 97 401 44 316 460 214 19 117 67 462 56 0 378 260 307 120 273 134 28 395 221 55 23 8 5 53 147 99 77 25 85 121 110 51 178 238 302 188 192 283 363 210 216 199 31 112 135 399 148 43 245 87 81 169 352 48 382 324 73 105 122 124 337 305 29 64 60 243 59 184 285 15 209 1 9 374 381 128 346 367 180 263 200 132 136 160 218 32 13 27 74 170 464 165 403 37 385 149 98 
174
84 290 301 66 161 190 270 155 386 226 376 162 387 372 142 12 193 52 182 140 224 236 223 191 34 293 145 389 47 222 133 14 186 10 95 21 233 90 411 406 130 33 68 197 91 240 63 157 242 318 368 252 76 183 208 201 57 261 359 16 229 266 204 219 164 102 83 4 419 113 175 402 282 116 123 50 30 215 35 365 71 97 401 44 316 460 214 19 117 67 462 56 0 378 260 307 120 273 134 28 395 221 55 23 5 53 147 99 77 25 85 121 110 51 178 238 302 188 192 283 363 210 216 199 31 112 135 399 148 43 245 87 169 352 48 382 324 73 105 122 124 337 305 29 64 60 243 59 184 285 209 1 9 374 128 346 367 180 263 200 132 160 218 32 13 27 74 170 165 403 37 385 149 98 
165
84 290 66 161 190 270 155 386 226 376 162 387 372 142 12 193 52 182 140 224 236 223 191 34 293 145 389 47 222 133 14 186 10 95 21 233 90 411 406 130 33 68 91 240 63 157 242 318 368 252 76 183 208 201 57 261 359 16 229 266 204 164 102 83 4 419 113 175 402 282 116 123 50 30 215 35 365 71 97 401 44 316 460 214 19 117 67 462 56 0 378 260 307 120 273 134 28 395 55 23 5 53 147 99 77 25 85 110 51 178 238 302 188 192 283 363 210 216 199 31 135 399 148 43 245 87 169 352 382 324 73 105 122 124 337 305 29 64 60 59 184 285 209 1 9 374 128 346 367 180 263 200 132 160 218 32 13 74 170 165 403 37 385 149 98 
