10
403
269 322 417 138 115 281 100 20 77 284 131 219 96 15 26 496 385 425 86 380 5 98 57 358 365 3 124 119 123 45 395 103 53 235 40 65 341 198 294 312 248 374 225 236 472 101 78 164 377 155 159 253 359 13 70 209 313 227 46 361 150 193 412 72 211 132 33 172 196 87 62 85 93 24 329 197 90 175 393 466 19 30 303 333 148 229 381 434 327 430 18 432 153 22 160 279 54 366 11 105 162 262 79 300 174 58 363 453 0 232 263 226 200 460 181 60 328 448 419 74 42 117 208 94 204 319 305 38 2 31 165 56 330 187 89 267 250 461 140 360 352 228 357 80 69 239 52 55 109 51 127 454 321 440 1 301 6 458 331 384 75 310 257 156 286 170 14 97 171 81 409 258 82 28 112 423 318 199 63 373 206 245 158 233 293 306 433 182 325 340 27 12 73 192 137 446 66 88 218 121 163 249 376 371 118 183 240 29 36 302 238 145 221 220 438 324 287 99 168 64 285 350 436 344 479 223 230 180 372 203 128 391 368 120 59 243 266 260 270 146 242 122 290 152 177 25 84 212 133 307 201 455 189 185 107 452 362 431 178 176 421 188 110 315 142 154 161 16 179 420 34 37 244 213 41 467 44 275 191 490 355 114 367 136 173 21 282 449 491 349 149 166 76 83 255 411 298 251 224 49 351 353 68 364 111 184 102 339 276 237 216 288 254 435 439 413 289 217 382 169 10 104 32 9 354 23 144 125 299 186 167 347 459 194 134 39 215 151 323 292 48 451 375 342 457 264 370 463 130 195 234 309 113 67 410 91 157 147 108 61 210 379 141 291 17 278 43 50 346 35 456 338 378 337 403 402 272 92 129 47 394 7 222 202 343 369 207 437 106 116 304 345 326 8 190 126 95 469 71 332 356 473 231 
389
269 322 417 138 115 281 100 20 77 284 131 219 96 15 26 496 385 425 86 380 5 98 57 358 3 124 119 123 45 103 53 235 40 65 341 198 294 312 248 374 225 236 472 101 78 164 377 155 159 253 359 13 70 209 313 227 46 361 150 193 412 72 211 33 172 196 87 62 85 93 24 329 197 90 175 393 466 19 30 303 333 148 229 381 434 327 430 18 432 153 22 160 279 54 366 11 105 162 262 79 174 58 363 453 0 232 263 226 200 460 181 60 328 448 419 74 42 117 208 94 204 319 305 38 2 165 56 330 187 89 267 250 461 140 360 352 357 80 69 239 52 55 109 127 454 51 321 440 1 301 6 458 331 384 75 310 257 156 286 170 14 97 171 81 409 258 82 28 112 423 318 199 63 373 206 245 158 233 293 433 182 325 340 27 12 73 192 137 446 88 218 121 163 249 376 371 118 183 240 29 36 302 238 145 221 220 438 324 287 99 168 64 285 350 436 344 479 223 230 180 372 203 128 391 368 120 59 243 260 266 270 146 242 122 290 152 177 25 84 212 133 307 201 455 189 185 107 452 362 431 178 176 421 188 110 315 142 154 16 179 420 34 37 244 213 41 467 44 275 191 490 355 114 367 136 173 21 282 449 491 149 166 76 83 255 411 298 251 224 49 351 353 68 364 111 184 102 339 276 237 288 254 435 439 413 289 217 382 169 10 104 32 9 354 23 144 125 299 186 167 347 459 194 134 39 151 323 292 48 451 375 342 457 264 370 130 195 234 309 113 67 91 157 147 108 61 210 379 141 291 17 278 43 50 346 35 456 338 378 337 403 402 272 92 129 47 394 7 222 202 343 369 207 437 106 116 304 345 326 8 190 126 95 469 71 332 356 473 231 
382
269 322 417 138 115 281 100 20 77 284 131 219 96 15 26 496 385 425 86 380 5 98 57 358 3 124 119 123 45 103 53 235 40 65 341 198 294 312 248 374 225 236 472 101 78 164 377 155 159 253 359 13 70 209 313 227 46 361 150 193 412 72 211 33 172 196 87 62 85 93 24 329 197 90 175 393 466 19 30 303 333 148 229 381 434 327 430 18 432 153 22 160 279 54 366 11 105 162 262 79 174 58 363 453 0 232 263 226 200 460 181 60 328 448 419 74 42 117 208 94 204 319 305 38 2 165 56 330 187 89 267 250 140 360 352 357 80 69 239 52 55 109 127 454 51 321 440 1 301 6 458 331 384 75 310 257 156 286 170 14 97 171 81 409 258 82 28 112 423 318 199 63 373 206 245 158 233 433 182 325 340 27 12 192 137 446 88 218 121 163 249 376 371 118 183 240 29 36 302 238 145 221 220 438 324 287 99 168 64 285 350 436 344 479 223 230 180 372 203 128 391 368 120 59 243 260 266 270 146 242 122 290 152 177 25 84 212 133 307 201 455 189 107 452 362 431 178 176 421 188 110 315 142 154 16 179 420 34 37 244 213 41 467 44 275 191 490 355 114 367 136 173 21 282 449 491 166 149 76 83 255 411 298 251 224 49 351 353 68 364 111 184 102 339 276 237 288 254 435 439 413 289 217 382 169 10 104 32 9 354 23 144 125 299 186 167 347 459 194 134 39 151 323 292 48 451 375 342 457 264 370 130 195 234 113 67 91 157 147 108 61 210 379 141 17 278 43 50 346 35 456 338 378 337 403 402 272 92 129 47 394 7 222 202 343 369 207 437 106 116 304 345 326 8 190 126 95 469 71 332 356 231 
371
269 322 417 138 115 281 100 20 77 284 131 219 96 15 26 496 385 425 86 380 5 98 57 358 3 124 119 123 45 103 53 235 40 65 341 198 294 312 248 374 225 236 472 101 78 164 377 155 253 359 13 70 209 313 227 46 361 150 193 412 72 211 33 172 196 87 62 85 93 24 329 197 90 175 393 466 19 30 303 333 148 229 381 434 327 430 18 432 153 22 160 279 54 366 11 105 162 262 79 174 58 363 453 0 232 263 226 200 460 181 60 328 448 419 74 42 117 208 94 204 319 305 38 2 165 56 330 187 89 267 140 360 352 357 80 69 239 55 109 127 454 51 321 440 1 301 6 458 331 75 310 257 156 286 170 14 97 171 81 409 258 82 28 112 423 318 199 63 206 245 158 233 433 182 325 340 27 12 192 137 88 218 121 163 249 376 371 183 240 29 36 302 238 145 221 220 438 324 287 99 168 64 285 350 344 479 223 230 180 372 203 128 391 368 120 59 243 266 270 146 242 122 290 152 177 25 84 212 133 307 201 455 189 107 452 362 431 178 176 421 188 110 315 142 154 16 179 420 34 37 244 213 41 467 44 275 191 490 355 114 367 136 173 21 282 449 491 166 149 76 83 255 411 298 251 224 49 351 353 68 364 111 184 102 339 276 237 288 254 435 439 413 289 217 382 169 10 104 32 9 354 23 144 125 299 186 167 347 459 194 134 39 151 323 292 48 451 375 342 457 264 370 130 195 234 113 67 91 157 147 108 61 210 379 141 17 43 50 346 35 456 338 378 337 403 402 272 92 129 47 394 7 222 202 343 369 207 437 106 116 304 345 326 8 190 126 95 71 332 356 231 
357
269 322 417 138 115 281 100 20 77 284 131 219 96 15 26 496 385 425 86 380 5 98 57 358 3 124 119 45 103 53 235 40 198 294 312 248 374 225 236 472 101 78 164 377 155 253 359 13 70 209 313 227 46 361 150 193 412 72 211 33 172 196 87 62 85 93 24 329 197 90 175 393 466 19 30 303 333 148 229 381 434 327 430 18 432 153 22 160 279 54 366 11 105 162 262 79 174 363 453 0 232 263 226 200 460 181 60 328 448 419 74 42 117 208 94 204 319 305 38 2 165 56 330 187 89 267 140 360 352 357 80 69 239 55 109 127 454 51 321 440 1 301 6 458 331 75 310 257 156 286 170 14 97 171 81 409 258 82 28 112 423 318 199 63 206 245 158 233 433 182 325 340 27 12 192 88 218 121 163 249 376 371 183 240 29 36 302 238 145 221 220 438 324 287 99 168 64 285 344 479 223 230 180 372 203 128 391 368 120 59 243 266 270 146 242 122 290 152 177 25 84 212 133 307 201 455 189 107 452 362 431 178 176 421 188 110 315 142 154 16 179 420 34 37 244 213 41 467 44 275 191 490 355 114 367 136 173 21 282 449 491 166 149 76 83 411 298 251 224 49 351 353 68 364 111 184 102 339 276 237 288 254 435 439 413 217 382 169 10 104 32 9 354 23 144 125 186 167 347 459 194 134 39 151 292 48 451 375 264 370 130 195 234 113 67 91 157 147 108 210 379 141 17 43 50 346 35 456 338 378 337 403 402 272 92 129 47 394 7 222 202 343 369 437 106 116 304 345 326 8 190 126 95 71 332 356 231 
349
269 322 417 138 115 281 100 20 77 284 131 96 15 26 496 385 425 86 380 5 98 57 358 3 124 119 45 103 53 235 40 198 294 312 248 374 225 236 472 101 78 164 377 155 253 359 13 70 209 313 227 46 361 150 193 412 72 211 33 172 196 87 62 85 93 24 329 197 90 175 393 466 19 30 303 333 148 229 381 434 327 430 18 432 153 22 160 54 366 11 105 162 262 79 174 363 0 232 263 226 200 460 181 60 328 448 419 74 42 208 117 94 204 319 305 38 2 165 56 330 187 89 267 140 360 352 357 80 69 239 55 109 127 454 51 321 440 1 301 458 331 75 310 257 156 286 170 14 97 171 81 409 258 82 28 112 423 318 199 63 206 245 158 233 433 182 325 340 27 12 192 88 218 121 163 249 376 371 183 240 29 36 302 238 145 221 220 438 324 287 99 168 64 285 344 479 223 230 180 372 128 391 368 120 59 243 266 270 146 242 122 152 177 25 84 212 133 307 201 455 189 107 452 362 431 178 176 421 188 110 315 142 154 16 179 420 34 37 244 213 41 467 44 275 191 490 355 114 367 136 173 21 282 449 491 166 149 76 83 411 298 251 224 49 351 353 68 364 111 184 102 339 276 237 254 435 439 413 217 382 169 10 104 32 9 354 23 144 125 186 167 347 459 194 134 39 151 292 48 451 375 264 370 130 195 113 67 91 157 147 108 210 379 141 17 43 50 346 35 456 338 378 337 403 402 272 92 129 47 394 7 222 202 343 369 437 106 116 304 345 326 8 190 126 95 71 332 356 231 
338
269 322 417 138 115 281 100 20 77 284 131 96 15 496 385 425 86 380 5 98 57 358 3 124 119 45 103 53 235 40 198 294 312 248 374 225 236 472 101 78 164 377 155 253 359 13 70 209 313 227 46 361 150 193 412 72 211 172 196 87 62 85 93 24 329 197 90 175 393 466 19 30 303 333 148 229 381 434 327 430 18 432 153 22 160 54 366 11 105 162 262 79 174 363 0 232 263 226 200 460 181 60 328 448 419 74 42 208 117 94 204 319 305 38 2 165 56 330 187 89 267 140 360 352 357 80 69 239 55 109 454 127 51 321 440 1 301 458 331 75 310 257 156 286 170 14 97 171 81 409 258 82 28 112 423 318 199 206 245 158 233 433 182 325 340 27 12 192 88 218 121 163 376 371 183 240 29 36 302 238 145 221 220 438 324 287 99 168 64 344 479 223 230 180 372 128 391 368 120 59 243 266 270 146 242 122 152 177 25 84 212 133 307 201 455 189 107 452 362 431 178 176 421 110 315 142 154 16 179 420 34 37 244 213 41 467 44 275 191 490 355 114 367 173 21 282 449 491 166 149 83 411 298 251 224 49 353 68 111 184 102 339 276 237 254 435 439 413 217 382 169 10 104 32 9 354 23 144 125 186 167 347 459 194 134 39 151 292 48 451 375 264 370 130 195 113 67 91 157 147 108 210 379 141 17 43 50 346 35 456 338 337 403 402 272 92 129 47 394 7 222 202 343 369 437 106 116 304 345 326 8 190 126 95 71 332 356 231 
325
269 322 417 138 115 281 100 20 77 284 131 96 15 496 385 425 86 380 5 98 57 358 3 124 119 45 103 53 235 40 198 294 312 374 225 236 472 101 78 164 377 155 253 359 13 70 209 313 227 46 361 150 193 412 72 211 172 196 87 62 85 93 24 329 197 393 466 19 30 303 333 148 229 381 434 327 430 18 432 153 22 160 54 366 11 105 162 262 79 174 363 232 263 226 200 460 181 60 328 448 419 74 42 208 117 94 204 319 305 38 2 165 56 330 187 89 267 140 360 352 357 80 69 239 55 109 454 127 51 321 440 1 301 331 75 310 257 156 286 170 14 97 171 81 409 258 82 28 112 423 318 199 206 245 158 233 433 182 325 340 27 12 192 88 218 121 163 376 371 183 240 29 36 302 238 145 221 220 438 324 287 99 168 64 344 479 223 230 180 372 128 391 368 120 59 243 266 270 146 242 122 177 25 84 212 133 307 201 455 189 107 452 431 178 176 421 110 315 142 154 16 179 420 34 37 244 213 41 44 275 191 490 355 114 367 173 21 282 449 491 166 149 83 411 298 224 49 353 68 111 184 102 339 276 237 254 435 439 413 217 382 169 10 104 32 9 354 23 144 125 186 167 347 459 134 39 292 48 451 375 264 370 130 195 113 91 157 147 108 210 379 141 17 43 50 346 456 338 337 403 402 272 92 129 47 394 7 222 202 343 369 437 106 116 304 345 326 8 190 126 95 71 332 356 231 
309
322 417 138 115 281 100 20 77 284 131 96 15 496 425 86 380 5 98 57 358 3 124 119 45 103 53 235 40 198 294 312 374 225 236 472 101 78 164 377 155 253 359 13 70 209 313 227 46 361 150 193 412 72 211 172 196 87 62 85 93 24 329 197 393 466 19 303 333 148 229 381 434 327 430 18 432 153 22 160 54 11 105 162 262 79 363 232 263 226 200 460 181 60 328 448 419 74 42 208 117 94 204 319 38 2 165 56 187 89 267 140 352 357 80 69 239 55 109 454 127 51 321 440 1 301 331 310 257 156 286 170 14 97 171 81 409 258 423 28 112 318 199 206 245 158 233 433 182 325 340 27 12 192 88 218 121 163 376 183 240 29 36 302 238 145 221 220 438 324 287 99 168 64 344 479 223 230 180 372 128 391 368 120 59 243 266 270 146 242 122 177 25 84 212 133 307 201 455 189 107 452 431 178 176 421 110 315 142 154 16 179 420 34 37 244 213 41 44 275 191 490 355 114 367 173 21 282 449 491 166 149 83 411 298 224 49 353 68 111 184 102 339 276 237 254 435 439 413 217 382 169 10 104 32 9 354 23 125 167 347 459 134 39 292 48 375 264 130 195 113 91 157 147 108 210 379 141 17 43 50 346 456 338 337 403 402 272 92 129 47 394 222 202 343 369 437 106 116 304 345 326 8 190 126 95 71 332 356 231 
300
363 230 125 322 417 138 115 232 180 263 281 100 167 226 372 128 391 20 200 368 120 347 59 77 459 284 460 131 181 60 96 328 243 134 266 15 39 270 146 448 242 419 122 292 42 496 74 48 208 86 94 380 117 98 57 358 425 204 177 3 319 124 231 375 119 25 38 45 2 165 84 56 264 103 53 187 235 133 89 267 40 307 201 140 130 209 195 352 357 198 294 80 312 374 69 455 225 236 239 113 189 107 472 101 91 452 55 78 109 164 431 377 157 178 454 127 51 321 155 176 440 421 1 301 147 253 110 315 331 13 70 142 108 310 313 359 257 210 156 379 286 170 154 227 16 46 141 361 179 150 97 17 171 43 81 409 258 193 420 423 34 112 28 37 346 318 244 412 199 72 206 213 245 211 41 158 44 233 172 196 433 87 275 182 456 191 325 340 27 12 62 338 355 114 337 367 93 85 490 24 329 403 402 192 272 173 21 197 92 282 129 88 449 491 393 466 47 19 166 149 394 218 303 121 83 411 376 222 202 148 333 183 343 369 224 229 381 240 434 437 29 49 106 327 430 18 432 153 116 353 36 68 304 345 111 326 184 102 238 8 22 190 221 145 339 126 237 160 220 95 438 254 435 439 287 54 99 11 413 71 168 332 64 217 105 356 382 162 169 10 344 479 262 79 104 32 9 354 23 223 
