15
387
487 178 509 419 283 56 406 245 146 192 51 205 225 399 308 508 232 46 372 434 82 417 10 3 122 218 289 67 236 177 479 119 362 150 11 377 30 286 131 465 224 12 139 397 0 126 357 88 99 90 310 8 113 48 17 212 23 44 413 103 174 53 217 211 43 191 210 72 513 195 203 22 38 106 83 208 430 16 404 378 187 109 506 164 293 86 341 314 160 73 307 41 320 79 347 395 345 458 391 184 29 204 196 154 96 21 116 264 49 87 401 28 58 32 369 346 249 111 329 473 256 60 186 221 380 70 321 89 269 40 105 315 396 280 275 158 486 85 398 129 14 170 228 416 155 171 74 84 27 120 394 235 66 163 328 387 147 371 272 296 31 365 166 294 322 402 69 168 132 101 198 123 114 363 442 338 456 4 262 407 243 26 317 220 388 496 63 222 15 231 386 183 376 223 182 452 193 202 216 265 472 300 39 340 68 78 42 361 176 433 292 295 209 77 384 135 94 36 61 197 189 230 263 405 20 169 200 140 422 188 33 309 115 485 510 266 141 5 162 214 91 334 157 408 251 219 521 110 54 80 507 337 206 65 55 306 134 173 237 92 253 246 400 443 179 50 76 151 227 277 414 279 392 18 104 161 35 323 25 185 244 181 412 359 93 282 238 124 493 352 112 207 130 305 108 127 97 229 47 136 348 6 199 37 75 233 102 152 121 373 148 201 344 145 142 240 351 137 34 117 463 149 475 57 273 2 175 335 100 284 128 250 364 276 19 385 13 98 503 410 226 287 415 95 118 153 409 311 438 125 252 355 194 172 403 418 213 159 143 62 167 180 59 138 492 81 234 336 332 215 71 248 326 267 144 7 45 303 495 1 190 239 9 255 64 133 470 
377
487 178 509 419 283 56 406 245 146 192 51 205 225 308 508 232 46 372 434 82 417 10 3 122 218 289 67 177 479 119 362 150 11 377 30 286 131 465 224 12 139 397 0 126 357 99 90 310 8 113 48 17 212 23 44 413 103 174 53 217 211 191 43 210 72 513 195 203 22 38 106 83 208 430 16 404 378 187 109 506 164 293 86 341 314 160 73 307 41 320 79 347 395 345 458 391 184 29 204 196 154 96 21 116 264 49 87 401 28 58 32 369 346 249 111 329 473 256 60 186 221 380 70 321 89 269 40 105 315 396 280 275 158 486 85 398 129 14 170 416 155 171 74 84 27 120 394 235 66 163 328 387 147 371 272 296 31 365 166 294 322 402 69 168 132 101 198 123 114 363 442 338 456 4 262 407 243 26 317 388 220 63 222 15 231 386 183 376 223 182 452 193 202 216 265 472 300 39 340 68 78 42 361 176 433 292 295 209 77 384 135 94 36 61 189 230 263 405 20 169 200 140 422 188 33 309 485 510 266 141 5 162 214 91 334 157 408 251 219 521 110 54 80 507 337 206 65 55 306 134 173 237 92 253 246 400 179 50 76 151 227 277 414 279 392 18 104 161 35 323 25 185 244 181 412 359 93 282 238 124 493 352 112 207 130 305 108 127 97 229 47 136 348 6 199 37 75 233 102 152 121 373 148 201 344 145 142 240 351 137 34 117 463 149 475 57 273 2 175 335 100 284 128 250 364 276 19 385 13 503 410 226 287 415 118 153 409 311 438 355 125 252 194 172 403 418 159 213 143 62 167 180 59 138 492 81 234 336 332 215 71 248 326 267 144 7 45 303 495 1 190 239 9 255 64 133 470 
368
487 178 509 419 283 56 406 245 146 192 51 205 225 308 508 46 372 434 82 417 10 3 122 289 67 177 479 119 362 150 11 377 30 286 131 465 224 12 139 397 0 357 99 90 310 8 113 48 17 212 23 44 413 103 174 53 217 211 191 43 210 72 513 195 203 22 38 106 208 430 16 404 378 187 109 506 164 293 86 341 314 160 73 307 41 320 79 347 395 345 458 391 184 29 204 196 154 96 21 116 264 49 87 401 28 58 32 369 346 249 111 329 473 256 60 186 221 380 70 321 89 269 40 105 315 396 280 275 158 486 85 398 129 170 14 416 155 171 74 84 27 120 394 235 66 163 328 387 147 371 272 31 296 365 166 294 322 402 69 168 132 101 198 123 114 363 442 338 456 4 262 407 243 26 317 388 220 63 222 15 231 386 183 376 223 182 452 193 202 216 265 472 300 340 68 78 42 361 176 433 292 295 209 77 384 135 94 36 61 189 230 263 405 20 169 140 422 188 33 309 485 510 141 5 162 214 91 334 157 408 251 219 521 110 54 80 507 337 206 65 55 306 134 173 237 92 253 246 400 179 151 50 76 227 277 414 279 392 18 104 161 35 323 25 185 244 181 412 359 93 282 238 124 493 352 112 207 130 305 108 127 97 229 47 136 6 199 37 75 233 102 152 121 373 148 201 145 142 240 351 137 34 117 463 149 475 57 273 2 175 335 100 284 128 250 364 276 19 385 13 503 410 226 287 415 118 153 409 311 438 355 125 252 194 172 403 418 159 213 143 62 167 180 59 138 492 81 234 336 332 215 71 248 326 267 144 7 45 303 495 1 190 239 9 255 64 133 470 
357
487 178 509 419 283 56 406 245 146 192 51 205 225 308 508 46 372 434 82 417 10 3 122 289 67 177 479 119 362 150 11 377 30 286 465 224 12 139 397 0 357 99 90 310 8 113 48 17 212 23 44 413 103 174 53 217 211 191 43 210 72 513 195 203 22 38 106 208 430 16 404 378 187 109 506 164 293 86 341 314 160 73 41 320 79 347 395 345 458 391 184 204 196 154 96 21 116 264 49 87 401 28 58 32 369 346 249 111 329 473 256 60 186 221 380 70 321 89 269 105 315 396 280 275 158 486 85 398 129 170 14 416 155 171 84 27 120 394 235 66 163 328 387 147 371 272 31 296 365 166 294 322 402 69 168 132 101 198 123 114 363 442 338 456 4 262 407 243 26 317 388 220 63 222 15 231 386 183 376 223 182 452 193 202 216 265 472 68 78 42 361 176 433 292 295 209 77 384 135 94 36 61 189 230 263 405 20 169 140 422 188 33 309 485 510 141 5 162 214 91 334 157 408 251 219 521 110 54 80 507 337 206 65 55 306 134 173 237 253 246 400 179 50 76 151 227 277 414 279 392 18 104 161 35 323 25 185 244 181 412 93 282 238 124 493 352 112 207 130 305 108 127 97 229 47 136 6 199 37 233 102 152 121 373 148 201 145 142 240 351 137 34 117 463 149 475 57 273 2 175 335 100 284 128 250 364 276 19 385 13 503 410 287 415 118 153 409 311 438 355 125 252 194 172 403 418 159 213 143 62 167 180 59 138 492 81 234 336 332 215 71 248 326 267 144 7 45 303 495 1 190 239 9 255 64 133 470 
346
487 178 509 419 283 56 406 245 146 192 51 205 225 308 508 46 372 434 82 417 10 3 122 289 67 177 479 119 362 150 11 377 30 286 465 224 12 139 397 0 357 99 90 310 8 113 48 17 212 23 44 413 103 174 53 217 211 191 43 210 72 513 195 203 22 38 106 208 430 16 404 378 187 109 506 164 293 86 341 314 160 73 41 320 79 347 395 345 458 391 184 204 196 154 96 21 264 49 87 401 28 58 32 369 346 329 473 256 60 186 221 380 70 321 89 269 105 315 396 280 275 158 486 85 398 129 170 14 416 155 171 84 27 120 394 235 66 163 328 147 371 272 31 296 365 166 294 322 402 69 168 132 101 198 123 114 363 442 338 456 4 262 407 243 26 317 388 220 63 222 15 231 386 183 376 223 182 452 202 216 265 472 68 78 42 361 176 433 292 295 209 77 384 135 94 36 61 189 230 405 20 169 140 422 33 309 485 510 141 5 162 214 91 334 157 408 251 219 521 54 80 507 337 206 65 55 306 134 173 237 253 400 179 50 76 151 227 277 414 279 18 104 161 35 323 25 185 244 181 412 93 282 238 124 493 352 112 207 130 305 108 127 97 229 47 136 6 199 37 233 102 152 121 373 148 201 145 142 240 351 137 34 117 463 149 475 57 273 2 175 335 100 284 128 250 364 276 19 385 13 503 410 287 415 118 153 409 311 438 125 252 355 194 172 403 418 159 213 143 62 167 180 59 138 492 81 234 336 332 215 71 248 267 144 7 45 303 495 1 190 239 9 255 64 133 470 
335
487 178 509 419 283 56 406 245 146 192 51 205 225 308 508 46 372 434 82 417 10 3 122 289 67 177 479 119 362 150 11 377 30 286 465 224 12 139 397 0 357 99 90 310 8 113 48 17 212 23 44 413 103 174 53 217 211 191 43 210 72 513 195 22 38 106 208 430 16 404 378 187 109 506 164 293 341 314 160 73 41 320 79 347 395 345 458 391 184 204 196 154 96 21 49 87 401 28 58 32 369 346 329 473 256 60 186 221 380 70 269 89 321 105 315 396 280 275 158 486 85 398 129 170 14 416 155 171 84 27 120 394 235 66 163 328 147 371 272 31 296 365 166 294 322 402 69 168 132 101 198 123 114 363 442 338 456 4 262 407 243 26 317 388 220 63 222 15 231 386 183 376 223 182 452 202 216 265 472 68 78 42 361 176 433 292 295 209 77 384 135 94 36 61 189 230 405 20 169 140 422 33 309 485 510 141 5 162 214 91 334 157 408 251 219 521 54 80 507 337 206 65 55 306 134 173 237 253 400 179 50 76 151 277 414 279 18 104 161 35 323 25 185 244 181 412 93 282 238 124 493 352 112 207 130 305 108 127 97 229 47 136 6 199 37 233 102 152 121 373 148 201 145 142 240 137 34 117 463 475 57 273 335 100 284 128 250 364 276 19 385 13 503 410 287 415 118 153 311 438 125 252 355 194 172 403 418 159 213 143 62 167 180 59 138 492 81 234 332 215 71 248 267 144 7 303 495 1 190 239 9 255 64 133 470 
329
487 178 509 419 283 56 406 245 146 192 51 205 225 308 508 46 372 434 82 417 10 3 122 289 67 177 479 119 362 150 377 30 286 465 224 12 139 397 0 357 99 90 310 8 113 48 17 212 23 44 413 103 174 53 217 211 191 43 210 72 513 195 22 38 106 208 430 16 404 378 187 109 506 164 293 341 314 160 73 41 320 79 347 395 345 458 391 184 204 196 154 96 21 49 87 401 28 58 32 369 346 329 473 256 60 186 221 380 70 269 89 321 105 396 280 275 158 486 85 398 129 170 14 416 155 171 84 27 120 394 235 66 163 147 371 272 31 365 166 294 322 402 69 168 132 101 198 123 114 363 442 338 456 4 262 407 243 26 317 388 220 63 222 15 231 386 183 376 223 182 452 202 216 265 472 68 78 42 361 176 433 292 295 209 77 384 135 94 36 61 189 230 405 20 169 140 422 33 309 485 510 141 5 162 214 91 334 157 408 251 219 521 54 80 337 206 65 55 306 134 173 237 253 400 179 50 76 151 277 414 279 18 104 161 35 323 25 185 244 181 412 93 282 238 124 493 352 112 207 130 305 108 127 97 229 47 136 6 199 37 233 102 152 121 373 148 201 145 142 240 137 34 117 463 475 57 273 335 100 284 250 364 276 19 385 13 503 410 287 415 118 153 311 438 125 252 355 194 172 403 418 159 213 143 62 167 180 59 138 492 81 234 332 215 71 248 267 144 7 303 495 1 190 239 9 255 64 133 470 
323
487 178 509 419 283 56 406 245 146 192 51 205 225 308 508 46 372 434 82 417 10 3 122 289 67 177 479 119 362 150 377 30 465 224 12 139 397 0 357 99 90 310 8 113 48 212 23 44 413 103 174 53 217 211 191 43 210 72 513 195 22 38 106 208 430 404 378 187 109 506 164 293 341 314 160 73 41 320 79 347 395 345 458 391 184 204 196 154 96 21 49 87 401 28 58 32 369 346 329 473 256 60 186 221 380 70 269 89 321 105 396 280 275 158 486 85 398 129 170 14 416 155 171 84 27 120 394 235 66 163 147 371 272 31 365 166 294 322 402 69 168 132 101 198 123 114 363 442 338 456 4 262 407 243 26 317 388 220 63 222 15 231 386 183 376 223 182 452 202 216 265 472 68 78 42 361 176 433 292 295 77 384 135 94 36 61 189 230 405 20 169 140 422 33 309 485 510 141 5 162 214 91 334 157 408 251 219 521 54 80 337 206 65 55 306 134 173 237 253 400 179 50 76 151 414 279 18 104 161 35 323 25 185 244 181 412 93 282 238 124 493 352 112 207 130 305 108 127 97 229 47 136 6 199 37 233 102 152 121 373 148 201 145 142 137 34 117 463 475 57 273 335 100 284 250 364 276 19 385 13 503 410 287 415 118 153 311 438 125 252 355 194 172 403 418 159 213 143 62 167 180 59 138 492 81 234 332 215 71 248 267 144 7 303 495 1 190 239 9 255 64 133 470 
310
487 178 419 283 56 406 192 51 205 225 308 508 46 372 434 82 417 10 3 122 289 67 177 479 119 362 150 377 30 465 224 12 139 397 0 357 99 90 310 8 113 48 212 23 44 103 174 53 217 211 191 43 210 72 513 195 38 106 208 430 404 378 187 109 506 164 293 341 314 160 73 41 320 79 347 395 345 458 391 184 204 196 154 21 49 87 401 28 58 32 369 346 329 473 256 60 186 221 380 70 269 89 321 105 396 280 275 486 85 398 129 170 14 416 155 171 84 27 120 394 66 163 147 272 31 365 166 294 322 402 69 168 132 101 198 123 114 363 442 338 456 4 262 407 243 26 317 388 220 63 222 15 231 386 183 376 223 182 452 202 216 265 472 68 78 361 176 433 295 292 77 384 135 94 36 61 189 230 405 20 169 140 422 33 309 485 510 141 5 162 214 91 334 157 408 251 521 54 80 337 206 65 55 306 134 173 237 253 400 179 50 76 151 414 279 18 104 161 35 323 25 185 244 181 412 93 282 238 124 493 352 112 207 130 305 108 127 97 229 136 6 199 37 233 102 152 121 373 201 145 142 137 34 117 463 475 57 273 335 100 284 250 364 276 19 385 13 503 410 287 415 118 153 311 438 125 252 355 194 172 403 418 159 213 143 62 167 180 59 138 492 81 234 332 215 71 248 267 144 7 303 495 1 190 239 9 255 64 133 470 
304
347 207 130 395 63 222 15 231 108 178 127 305 386 345 283 419 56 458 406 183 376 391 184 223 182 97 204 196 229 452 154 202 136 192 6 265 472 21 37 199 51 205 225 233 102 68 49 87 401 28 58 308 152 121 32 373 508 78 46 369 145 361 372 176 346 434 82 417 142 10 433 295 292 3 329 77 473 137 384 122 289 135 94 67 256 388 117 463 34 60 36 186 221 61 380 177 70 189 269 89 230 57 321 105 20 119 273 362 150 396 405 169 140 275 280 422 377 30 85 486 33 309 335 100 284 465 485 510 398 129 141 250 5 224 162 364 214 475 91 12 14 170 276 416 19 334 385 13 139 397 155 171 157 408 84 0 251 27 503 120 357 410 521 99 394 287 415 118 54 80 90 153 337 206 311 310 65 55 8 66 113 306 438 134 48 173 237 163 253 125 252 400 147 212 355 23 44 272 179 172 103 403 174 418 53 159 50 31 76 213 62 217 191 151 210 143 43 211 365 72 166 414 294 513 195 167 322 402 69 168 180 38 59 132 106 279 138 208 492 101 198 430 81 234 332 215 404 378 71 248 18 104 123 161 187 114 267 35 109 506 363 164 144 7 25 303 320 323 442 495 185 1 293 244 181 338 341 412 314 190 160 456 4 93 73 239 9 282 262 41 238 255 493 64 352 407 112 243 26 479 470 317 79 220 
291
347 207 130 395 63 222 15 231 178 108 127 305 386 345 283 419 56 458 406 183 376 391 184 223 182 97 229 196 452 154 136 192 6 472 21 37 199 51 205 225 233 102 68 49 87 401 28 58 308 152 121 32 373 508 78 46 369 145 361 176 346 434 82 417 142 10 433 295 292 3 329 77 473 137 384 122 289 135 94 67 256 388 117 463 34 60 36 186 221 61 380 177 70 189 269 89 230 57 321 105 20 273 362 405 150 396 169 280 275 422 377 30 85 486 33 309 335 100 284 465 485 510 398 129 141 250 5 224 162 364 214 475 91 12 14 170 276 334 19 385 13 139 397 155 171 157 408 84 0 251 27 503 120 357 410 521 99 394 287 415 118 54 80 90 153 337 206 311 310 65 55 8 66 113 306 438 134 173 237 163 253 125 252 400 147 212 355 23 272 179 172 103 403 174 418 53 159 50 31 76 213 62 217 191 151 143 43 365 72 166 414 294 513 195 167 322 402 69 168 180 38 59 132 106 279 138 208 492 101 198 430 81 234 332 215 404 378 71 248 18 161 123 187 114 267 35 109 506 363 164 144 7 25 303 320 323 442 495 185 1 293 244 181 338 341 412 314 190 160 456 4 93 73 239 9 282 262 238 255 493 64 352 407 112 243 26 479 470 317 79 220 
274
347 207 130 395 63 222 15 231 108 305 127 178 386 345 283 56 458 406 183 376 184 223 182 97 229 196 452 154 136 192 6 472 21 37 199 51 205 225 233 102 68 49 87 401 28 58 308 152 121 32 373 508 78 46 369 145 361 176 346 434 82 417 10 433 295 3 77 473 137 384 122 289 135 94 67 256 388 117 34 60 36 186 221 61 380 177 70 189 269 89 321 57 405 105 20 273 362 169 150 396 280 275 422 377 30 85 486 33 309 335 284 485 510 398 129 141 5 224 364 214 91 12 14 170 276 334 19 385 13 139 397 155 171 157 408 84 0 251 27 503 120 357 410 521 99 394 287 415 118 54 80 90 337 206 311 310 65 55 8 66 113 306 438 134 173 237 163 253 125 252 400 147 212 355 23 272 179 103 403 174 418 53 159 50 31 76 213 62 217 191 151 143 43 365 72 166 414 294 513 195 167 322 402 69 168 180 38 59 132 106 279 138 208 492 101 198 430 81 234 332 215 404 378 71 248 18 161 114 267 35 109 506 363 164 144 7 25 303 320 323 442 495 185 1 293 244 181 412 341 314 190 160 456 4 93 73 239 9 282 262 238 255 493 64 352 407 112 243 26 479 470 317 79 220 
265
347 207 130 395 63 222 15 231 108 305 127 178 386 345 283 56 458 406 183 376 184 223 182 97 229 196 452 154 136 192 6 472 21 37 199 51 205 225 233 102 68 49 87 401 28 58 308 152 121 32 373 508 78 369 145 361 176 346 434 82 417 10 433 295 3 77 473 137 384 122 289 135 94 67 256 388 117 34 60 36 186 221 61 380 177 70 189 269 89 321 57 405 362 20 273 169 150 396 275 422 377 30 85 486 33 309 335 284 485 510 398 129 141 5 224 364 214 91 12 14 170 276 334 19 385 13 139 397 155 171 157 408 84 0 251 27 503 120 357 410 521 99 394 287 415 118 54 80 90 337 206 311 310 65 55 8 66 113 306 438 173 237 163 253 125 252 400 147 212 23 272 179 103 403 174 418 53 159 50 31 76 213 62 217 191 151 143 43 365 72 166 294 513 195 167 322 69 168 180 38 59 132 106 279 138 208 492 101 198 430 81 234 332 215 404 71 248 18 161 114 267 35 109 363 164 144 7 25 303 320 323 442 495 185 1 293 244 181 412 341 314 190 160 456 4 93 73 239 9 282 262 238 255 493 64 352 407 112 243 26 479 470 317 79 220 
260
347 207 130 395 63 222 15 231 108 305 127 178 386 345 283 56 458 406 183 376 184 223 182 97 229 196 452 136 192 6 472 21 37 199 51 205 225 233 102 68 49 87 401 28 58 308 121 32 373 508 78 369 145 361 176 346 434 82 10 433 295 3 77 473 137 384 122 289 135 94 67 256 388 117 34 60 36 186 221 61 380 177 70 189 269 89 321 57 405 362 20 273 169 150 396 275 422 377 30 85 486 33 309 335 284 485 510 398 129 141 5 224 364 214 91 12 14 170 276 334 19 385 13 139 397 155 171 157 408 84 0 251 27 503 120 357 410 521 99 394 287 415 118 54 80 90 337 206 311 310 65 55 8 66 113 306 438 173 237 163 253 125 252 400 147 212 23 272 179 103 403 418 53 159 50 31 76 213 62 217 191 151 143 43 365 72 166 294 513 195 167 322 69 168 180 38 59 132 106 279 208 492 101 198 430 81 234 332 215 404 71 248 18 161 114 267 35 109 363 164 144 7 25 303 320 323 442 495 185 1 293 244 181 412 341 314 190 160 456 4 93 73 239 9 282 262 238 255 493 64 352 407 112 243 26 479 470 317 79 220 
252
347 207 130 395 63 222 231 305 108 178 127 386 345 283 56 458 183 376 184 223 182 97 229 196 452 136 192 6 472 21 37 199 51 205 225 233 102 68 49 87 401 28 58 308 121 32 373 508 78 369 145 361 176 346 434 82 10 433 295 3 77 473 384 122 289 135 94 67 256 388 117 34 60 36 186 221 61 380 177 70 189 269 89 321 57 405 362 20 273 169 150 396 275 422 377 30 85 486 33 309 335 284 485 510 398 129 141 5 224 364 214 91 12 14 170 276 334 19 385 13 139 397 155 171 157 408 84 0 251 27 503 120 357 410 521 99 394 287 415 118 54 80 90 337 206 311 310 65 55 8 66 113 306 438 173 237 163 253 125 400 147 212 23 272 179 103 403 418 53 159 50 31 76 213 62 217 191 151 143 43 365 72 166 294 195 167 322 69 168 180 38 132 279 106 208 492 101 198 430 81 234 332 215 404 71 248 18 161 114 267 35 109 164 144 7 25 303 320 323 442 495 185 1 293 244 181 341 314 190 160 456 93 4 73 239 9 282 262 238 255 493 64 352 407 112 243 26 479 470 317 79 220 
