17
355
217 161 282 404 38 5 103 120 15 191 218 317 460 311 237 187 12 70 491 71 118 354 110 226 19 116 274 287 361 190 46 192 402 490 180 397 250 205 181 258 179 329 240 112 64 89 207 119 261 183 131 272 55 209 96 82 159 92 61 171 10 164 234 48 8 177 239 200 35 387 202 340 211 79 378 208 324 212 54 157 189 136 351 262 59 227 281 291 122 266 1 442 219 16 127 415 95 297 307 50 29 367 278 454 166 43 158 285 107 295 413 223 102 98 201 75 97 484 309 153 33 260 114 356 478 318 40 34 176 170 14 42 18 238 163 220 167 128 111 434 235 39 204 302 63 346 401 156 198 31 252 113 132 11 308 152 78 27 197 231 224 267 290 292 81 139 232 206 245 173 91 251 20 369 106 22 135 456 455 100 45 188 123 169 248 137 83 236 257 216 154 263 338 437 115 26 184 148 94 194 52 294 68 444 424 87 140 268 101 296 195 62 185 58 380 72 168 348 104 199 9 435 69 255 175 23 306 30 280 3 67 37 138 330 32 121 335 230 85 229 182 149 277 76 145 74 165 381 178 396 457 193 77 359 445 109 376 301 228 203 328 160 117 49 332 365 333 283 21 214 155 213 221 142 150 51 60 323 144 130 210 28 133 41 443 269 377 90 162 383 17 293 458 196 215 0 347 93 80 304 73 84 172 44 186 414 7 421 459 2 403 395 320 382 461 265 289 254 303 440 146 310 222 6 151 364 4 288 134 99 57 66 141 129 385 25 174 24 298 431 105 126 53 13 65 334 357 125 47 143 36 225 147 241 108 
342
217 161 282 404 38 5 103 120 15 191 218 317 460 311 237 187 12 70 491 71 118 354 110 226 19 116 274 287 361 190 46 192 402 490 180 397 250 205 181 258 179 329 240 112 64 89 207 119 261 183 131 272 55 209 96 82 159 92 61 171 10 164 234 48 177 239 200 35 387 202 340 211 79 378 208 324 212 54 157 189 136 351 262 59 227 281 291 122 266 1 442 219 16 127 415 95 297 307 50 29 367 278 454 166 43 158 285 107 295 413 223 102 98 201 75 97 484 309 153 33 260 356 478 318 40 34 176 170 14 42 18 238 163 167 128 111 235 39 204 302 63 346 401 156 198 31 252 113 132 11 308 152 78 27 197 231 267 290 292 81 139 232 206 245 173 91 251 20 369 106 22 135 456 455 100 188 123 169 248 137 83 236 216 154 263 338 437 115 26 184 148 94 194 52 294 68 444 424 87 140 268 101 296 195 62 185 58 380 72 168 348 104 199 9 435 69 255 175 23 306 280 3 67 37 138 330 32 121 335 230 85 229 182 149 277 76 145 74 165 381 178 396 457 193 77 359 445 376 301 228 203 328 160 49 332 365 333 283 21 214 155 213 221 142 150 51 60 323 144 130 210 28 133 41 443 269 377 90 162 383 293 458 196 215 0 347 93 80 304 73 84 172 44 186 414 7 459 2 403 320 382 461 265 289 254 303 440 146 310 222 6 151 364 4 288 134 99 57 66 141 129 385 25 174 24 298 431 105 126 53 13 65 334 357 125 47 143 36 225 147 241 108 
332
217 161 282 404 38 5 103 15 191 218 317 460 311 237 187 12 70 491 71 118 354 110 226 19 116 274 287 361 190 46 192 402 490 180 397 250 205 181 258 179 329 240 112 64 89 207 119 261 183 131 272 55 209 96 82 159 92 61 171 10 164 234 48 177 239 200 35 387 202 340 211 79 378 208 324 212 54 157 189 136 351 262 59 227 281 291 122 266 1 442 16 127 415 95 297 307 50 29 367 278 454 166 43 158 285 107 295 223 102 98 201 75 97 484 309 153 33 260 356 318 40 34 176 170 14 42 18 238 163 167 128 111 235 39 204 302 63 346 401 156 198 31 252 113 132 11 152 308 78 27 197 231 267 290 292 81 139 232 245 173 91 251 20 369 106 22 135 456 455 100 188 123 169 248 83 236 216 154 263 338 437 115 26 184 148 94 194 52 294 68 444 424 87 140 268 101 296 195 62 185 58 380 72 168 348 104 199 9 435 69 255 175 23 306 280 3 67 37 330 32 121 335 230 85 229 182 149 277 76 145 74 165 381 178 396 457 193 77 359 445 376 301 228 203 328 160 49 332 365 333 21 214 155 213 221 142 150 51 60 323 144 130 210 28 133 41 443 269 377 90 162 383 293 458 196 215 0 347 93 80 304 73 84 172 44 186 414 7 459 2 403 320 461 265 289 254 303 440 146 310 222 6 151 364 4 288 134 99 57 66 141 129 385 25 174 24 298 105 126 53 13 65 334 357 125 47 143 36 225 147 241 108 
319
217 161 282 404 38 5 103 15 191 218 317 460 311 237 12 70 491 71 118 354 226 19 116 274 287 361 190 46 192 490 180 250 181 258 179 329 240 112 64 207 119 261 183 131 272 55 209 96 82 159 92 61 171 10 164 234 48 177 239 200 35 387 202 340 211 79 378 208 324 212 54 157 189 136 351 262 59 227 291 122 266 1 442 16 127 415 95 297 307 50 29 367 278 454 166 43 158 285 107 295 223 102 98 201 75 97 484 309 153 33 260 356 318 40 34 176 170 14 42 18 238 163 167 128 111 235 39 204 302 63 346 401 156 198 31 252 113 132 11 152 78 27 197 231 267 290 292 81 139 232 245 173 91 251 20 369 106 22 135 456 455 100 188 123 169 248 83 236 216 154 263 338 437 115 26 148 94 194 52 294 68 444 424 87 140 268 101 296 195 62 185 380 72 168 348 104 199 9 435 69 255 175 23 306 280 3 67 37 330 32 121 335 230 85 229 182 149 277 76 145 74 165 381 178 396 457 193 77 359 445 376 301 228 328 160 49 365 333 21 214 155 213 221 142 150 51 60 323 144 130 210 28 133 41 443 269 377 90 162 383 293 458 196 215 0 347 93 80 304 73 84 172 44 186 414 7 459 2 403 320 461 265 289 254 303 440 146 310 222 6 151 364 4 288 134 99 57 66 141 129 385 174 24 298 105 126 53 13 65 334 357 125 47 143 36 225 147 241 108 
303
22 135 217 21 161 282 214 404 38 297 456 455 307 155 100 5 213 188 50 29 103 123 169 367 248 221 83 236 142 150 15 51 191 218 60 278 454 216 154 263 317 311 166 323 43 144 237 158 12 70 491 130 107 71 210 28 338 133 41 437 295 118 223 102 354 443 269 115 226 19 26 287 98 190 201 361 75 97 377 484 309 46 90 153 33 148 192 94 162 383 260 194 293 458 52 294 196 215 0 68 490 444 347 424 250 87 356 181 93 80 140 268 101 73 296 258 304 84 195 62 44 172 186 179 414 318 329 7 185 459 40 34 176 240 2 112 170 64 403 42 14 207 18 72 163 238 167 320 119 168 261 348 183 131 272 55 128 111 199 461 9 235 39 254 265 289 303 209 69 96 204 63 255 302 175 440 146 310 23 82 159 92 346 222 401 6 61 280 306 156 198 67 10 37 31 151 164 234 48 252 113 177 330 239 132 200 32 11 121 335 230 85 152 229 35 182 78 134 288 99 364 4 27 57 197 387 231 66 202 149 277 340 211 76 79 129 267 385 74 208 174 298 290 292 105 126 165 324 53 381 13 81 178 396 139 54 212 65 457 157 193 232 334 77 136 245 173 357 359 262 351 445 376 59 301 125 228 47 143 227 36 91 225 251 147 328 160 241 291 122 266 1 20 442 49 108 369 365 106 333 16 127 415 
289
22 135 217 21 161 282 214 404 38 297 456 455 307 155 100 213 188 50 29 103 123 169 367 248 221 83 236 142 150 15 51 191 218 60 278 454 216 154 263 317 166 323 43 144 237 158 12 70 491 130 107 338 28 133 41 437 295 118 223 102 354 443 269 115 226 19 26 287 98 201 361 97 75 377 484 46 90 153 33 148 192 94 162 383 260 194 293 458 52 294 196 215 0 68 490 444 347 424 250 87 356 181 93 80 140 268 101 73 296 258 304 84 195 62 44 172 186 179 414 318 329 7 185 459 40 34 240 2 112 170 64 403 42 14 207 18 72 163 238 167 320 119 168 261 348 183 131 272 55 128 111 199 461 9 265 39 254 289 303 69 96 204 63 255 302 175 440 146 310 23 82 159 92 346 222 401 61 306 280 67 10 37 31 151 164 234 48 252 113 177 330 239 132 200 32 11 121 335 230 85 152 229 35 182 78 134 288 99 364 4 27 57 197 387 231 66 202 149 277 340 211 76 129 267 79 385 74 208 174 298 290 292 105 126 165 324 53 381 13 81 178 396 139 54 212 65 457 157 193 232 334 77 136 245 173 357 351 262 445 376 59 301 125 228 47 143 227 36 91 225 251 147 328 160 241 291 122 266 1 20 442 49 108 369 365 106 333 16 127 
275
22 135 217 21 161 282 214 456 38 297 307 100 213 50 29 103 123 169 367 248 221 83 236 142 150 15 191 218 51 60 278 454 216 154 263 317 166 323 43 144 237 158 12 70 491 130 107 338 28 133 41 437 295 118 223 102 354 443 269 115 226 19 26 287 201 361 98 97 75 377 484 46 90 153 33 148 192 94 162 383 260 194 293 458 52 294 196 215 0 68 490 444 347 424 250 87 356 181 93 80 140 268 101 73 258 304 84 195 62 44 172 186 179 414 318 329 7 185 459 40 240 2 112 170 64 403 42 14 207 18 72 163 238 167 320 119 168 261 348 183 131 55 128 199 461 9 265 39 254 289 303 69 96 204 63 255 302 175 440 146 310 23 82 159 92 346 222 401 61 306 280 67 10 37 31 151 164 48 252 113 177 330 239 132 200 32 11 121 335 230 85 152 229 35 182 364 4 99 27 57 197 387 231 66 202 149 277 340 211 76 129 267 79 385 74 208 174 298 290 292 105 126 165 324 53 381 13 81 178 139 54 212 65 457 157 193 232 334 77 136 245 173 357 351 262 445 376 59 301 125 228 47 143 227 36 91 225 251 147 328 160 241 291 122 266 1 20 442 108 369 365 106 333 16 127 
270
22 135 217 161 282 21 214 456 38 297 307 100 213 50 29 103 123 169 367 248 221 83 236 150 15 191 218 51 60 278 216 154 263 317 166 323 43 144 237 158 12 70 491 130 107 338 28 133 41 437 295 118 354 102 443 269 115 226 19 26 287 201 361 98 97 75 377 484 46 90 153 33 148 192 94 162 383 194 293 458 52 294 196 215 0 68 490 444 347 424 250 87 356 181 93 80 140 268 101 73 258 304 84 195 62 44 172 186 179 414 318 329 7 185 459 40 240 2 112 170 64 403 42 14 207 18 72 163 238 167 320 119 168 348 261 183 131 55 128 199 461 9 265 39 254 289 303 69 96 204 63 255 302 175 440 146 310 23 82 159 92 346 222 401 61 306 280 67 10 37 31 151 164 48 252 113 177 330 132 200 32 11 121 335 230 85 152 229 35 182 364 4 99 27 57 197 387 231 66 202 149 277 340 211 76 129 267 79 385 74 208 174 298 290 292 105 126 165 324 381 53 13 81 178 139 54 212 65 457 157 193 232 334 77 136 245 173 357 351 262 445 376 59 301 125 228 47 143 227 36 91 225 251 147 328 160 241 291 122 266 1 20 442 108 369 365 106 333 16 127 
261
22 135 217 161 21 214 38 307 100 213 50 29 103 123 169 367 248 221 83 236 150 15 191 218 51 60 278 216 154 263 317 166 323 43 144 237 158 12 70 491 130 107 338 28 41 437 295 118 354 102 443 269 115 226 19 26 287 201 361 98 97 75 377 484 46 90 33 148 192 94 162 383 194 293 458 52 294 196 215 0 68 490 444 347 424 250 87 356 181 93 80 140 268 101 73 258 304 84 195 62 44 172 186 179 414 318 329 7 185 459 40 240 2 112 170 64 403 42 14 207 18 72 163 238 167 320 119 168 348 261 183 131 55 128 199 461 9 265 39 254 289 303 69 96 204 63 255 302 175 440 146 310 23 82 159 92 346 222 306 61 280 67 10 37 31 151 164 48 252 113 177 330 132 200 11 121 335 230 85 364 229 35 182 4 99 27 57 197 387 231 66 202 149 277 340 211 76 129 267 79 385 74 208 174 298 290 292 105 126 165 324 381 53 13 81 178 139 54 212 65 457 157 193 232 334 77 136 245 173 357 351 262 445 376 59 301 125 228 47 143 227 36 91 225 251 147 328 160 241 291 122 266 1 20 442 108 365 106 333 16 127 
253
22 135 217 161 21 214 38 307 100 213 50 29 103 123 169 367 248 221 83 236 150 15 191 218 51 60 278 216 317 263 166 323 43 144 237 158 12 70 491 107 338 28 41 437 295 118 102 443 269 115 226 19 26 287 201 361 98 97 75 377 484 46 90 33 148 192 94 162 383 194 293 458 52 294 196 215 0 68 490 444 347 424 250 87 356 181 93 80 140 268 101 73 258 304 84 195 62 44 172 186 179 414 318 329 7 185 459 40 240 2 112 170 64 403 42 14 207 18 72 238 163 167 320 119 168 261 183 131 55 128 199 461 9 265 39 254 289 303 69 96 204 63 255 302 175 440 146 310 23 82 159 92 346 222 61 280 67 10 37 31 151 164 48 252 113 177 330 132 200 11 121 335 230 85 229 4 182 99 27 57 387 197 231 66 202 149 277 211 76 129 267 79 385 74 208 174 298 290 292 105 126 165 324 381 53 13 81 178 139 54 212 65 457 157 193 232 334 77 136 245 173 357 351 262 445 376 59 301 125 228 47 143 227 36 91 225 251 147 328 160 241 291 122 266 1 20 442 108 365 106 333 16 127 
242
22 135 21 214 38 307 100 213 29 103 123 169 367 248 221 83 236 150 191 218 51 60 278 216 317 263 166 323 43 144 237 70 491 107 338 28 41 437 295 118 102 443 269 115 226 19 26 287 201 361 98 97 75 377 484 46 90 33 148 192 94 162 383 194 293 458 52 294 196 215 0 68 490 444 347 424 250 87 356 181 93 80 140 268 101 73 258 304 84 195 62 44 172 186 179 414 318 329 7 185 459 40 240 2 112 170 403 42 14 207 18 72 238 163 167 320 119 168 261 183 131 55 128 199 461 9 265 39 254 289 303 69 96 204 63 255 302 175 440 146 310 23 82 159 92 346 222 61 280 67 37 31 151 164 48 252 113 177 330 132 200 11 121 335 230 85 229 4 182 99 27 57 387 197 231 66 202 149 277 211 76 129 267 79 385 74 208 174 298 290 292 105 126 165 324 381 53 13 81 178 139 54 212 65 457 157 193 232 334 77 136 357 173 351 445 262 376 59 301 125 228 47 143 227 36 91 225 251 147 328 160 241 291 122 266 1 20 365 106 333 16 127 
230
22 135 21 214 307 100 213 29 103 123 169 367 248 221 83 236 150 191 218 51 60 278 216 317 263 166 323 43 144 237 70 491 107 338 28 41 437 118 102 443 115 226 19 26 287 201 361 98 97 75 484 46 90 33 148 192 94 162 383 194 293 458 52 294 196 215 0 68 490 444 347 424 250 87 356 181 93 80 140 268 101 73 258 304 84 195 62 44 172 186 179 414 318 329 7 185 459 40 240 2 112 170 403 42 14 207 18 72 238 163 167 320 119 168 183 131 55 128 199 461 9 265 289 254 303 69 96 204 63 255 302 175 440 146 310 23 82 159 92 346 222 61 280 67 37 31 151 164 48 252 113 177 330 132 200 11 121 335 230 85 229 4 182 99 27 57 387 197 66 202 149 211 76 129 267 79 385 74 208 174 298 290 292 105 126 165 324 381 53 13 81 139 65 457 157 193 232 334 77 136 357 173 351 445 262 376 59 301 125 228 47 143 36 91 225 251 147 328 160 241 291 122 266 1 20 365 106 333 16 127 
219
22 135 21 214 307 100 213 29 103 123 169 367 248 221 83 236 150 191 218 51 60 278 216 263 166 323 43 144 237 70 491 107 338 28 41 437 118 102 443 115 226 19 26 287 201 97 75 484 46 90 33 148 192 94 162 383 293 458 52 294 196 347 0 68 490 444 424 250 87 356 181 93 80 140 268 101 73 304 84 195 62 44 186 179 414 329 318 7 185 40 240 2 112 170 403 14 207 18 72 238 163 167 320 119 168 183 131 55 128 199 461 9 265 289 254 303 69 96 204 63 255 302 175 440 146 310 23 82 159 92 346 222 280 67 37 31 151 164 48 252 113 177 330 132 200 11 121 335 230 85 229 4 182 99 27 57 387 197 66 202 149 211 76 129 267 79 385 74 208 174 298 290 292 105 126 165 324 381 53 13 81 139 65 457 157 193 232 334 77 136 357 173 351 445 262 301 59 125 228 47 143 36 91 225 251 147 328 160 241 291 122 266 1 20 365 106 333 16 127 
210
22 135 214 307 100 213 29 103 123 169 367 248 221 236 150 191 218 51 60 278 216 263 166 323 43 144 237 70 491 107 338 28 41 437 118 102 443 115 226 19 26 287 201 97 75 484 46 90 33 148 192 94 162 383 293 458 52 294 196 347 0 68 490 444 424 250 87 356 181 93 80 140 268 101 73 304 84 195 62 44 186 179 414 329 7 185 40 240 2 112 170 403 14 207 18 72 238 163 167 320 119 168 183 131 55 128 199 461 9 265 289 254 303 69 96 204 63 255 302 440 146 310 23 82 159 92 346 280 67 37 31 151 164 48 252 113 177 330 132 200 11 121 335 230 85 229 4 182 99 27 57 387 197 66 202 149 211 76 129 267 79 385 74 208 174 298 290 105 126 165 324 381 53 13 81 139 65 457 157 193 232 334 77 136 357 173 351 445 262 301 59 125 47 36 91 225 251 147 328 160 241 122 266 1 20 365 106 333 16 127 
202
22 135 214 307 100 213 29 103 123 169 367 248 221 236 150 191 218 51 60 278 216 263 166 323 43 144 237 70 491 107 338 28 41 437 118 102 443 226 19 26 287 201 75 46 90 33 148 192 94 162 383 293 458 52 294 196 347 0 68 490 444 424 250 87 356 181 93 80 140 268 101 73 304 84 195 62 44 186 179 414 329 7 185 40 240 2 112 170 403 14 207 18 72 238 163 167 320 119 168 183 131 55 128 199 461 9 265 289 254 303 69 96 204 255 302 63 440 146 310 23 82 346 92 280 67 37 31 151 164 48 252 113 177 330 132 200 11 121 335 230 85 229 4 182 99 27 57 387 197 66 202 149 211 76 129 267 79 385 74 208 298 290 105 126 165 324 381 53 13 81 139 65 457 157 193 232 334 77 136 357 173 351 445 262 301 59 125 47 36 91 225 147 328 241 160 122 1 20 365 106 333 16 
196
22 135 214 307 100 213 29 103 367 169 248 221 236 150 191 218 51 60 278 216 263 166 323 43 144 237 70 491 107 338 28 41 437 118 102 443 226 19 26 287 201 75 46 90 33 148 192 94 162 383 293 458 52 196 347 0 68 490 444 87 356 181 93 80 140 268 101 73 304 84 62 44 186 179 414 329 7 185 40 240 2 112 170 403 14 207 18 72 238 163 167 320 119 168 183 131 55 128 199 461 9 265 289 254 303 69 96 204 255 302 63 440 146 310 23 82 346 92 280 67 37 31 151 164 48 252 113 177 330 132 200 11 121 335 230 85 229 4 182 99 27 57 387 197 66 202 149 211 76 79 267 129 385 74 208 298 290 105 126 165 324 381 53 13 81 139 65 457 157 193 232 334 77 136 357 173 351 445 262 301 59 125 47 36 225 147 328 241 160 122 1 20 365 106 333 16 
184
22 135 214 307 100 213 29 103 367 248 221 236 150 191 218 51 60 216 263 166 323 43 144 237 70 491 107 338 28 41 437 118 102 443 226 19 26 287 201 75 46 33 148 192 94 162 383 293 458 52 196 347 0 68 490 444 87 356 181 93 80 140 268 101 73 304 62 44 186 179 414 329 7 185 40 240 2 112 403 207 18 72 238 163 167 320 119 168 183 131 55 128 199 461 9 265 289 254 303 69 96 204 255 63 440 146 310 23 82 346 92 280 67 37 31 151 164 48 252 113 177 330 132 200 11 335 230 85 4 182 99 27 57 387 197 66 202 211 76 79 267 385 74 208 290 105 126 165 324 381 53 13 81 139 65 457 157 193 232 334 77 136 357 173 351 445 262 301 59 125 47 36 225 147 328 241 160 122 1 20 365 106 333 16 
