12
405
388 222 227 146 195 360 154 288 152 161 290 248 52 358 69 246 298 411 73 344 72 417 376 97 205 109 401 24 216 199 139 110 268 44 208 67 469 80 140 271 163 119 18 439 202 326 50 88 243 258 134 193 38 471 306 273 237 56 346 375 422 74 264 87 304 39 171 153 247 178 339 232 124 460 239 112 266 218 64 380 478 324 370 37 133 60 149 438 62 158 325 234 77 106 254 188 21 455 238 107 263 141 7 320 174 147 203 108 175 177 457 420 105 217 245 179 321 137 307 343 303 166 278 144 20 213 92 200 204 342 93 409 47 116 300 114 359 443 31 206 373 345 437 155 157 229 396 389 10 481 337 15 13 81 289 4 30 103 129 371 43 228 172 143 6 192 120 313 231 309 256 282 219 181 257 374 318 377 330 283 46 285 196 16 314 223 453 284 209 28 145 315 253 356 41 277 59 19 102 68 66 372 27 8 292 240 236 0 12 480 251 118 428 397 156 100 281 255 221 379 90 402 160 75 265 26 168 302 183 151 393 294 159 316 167 99 36 79 276 190 91 113 104 451 162 111 148 322 467 63 369 323 101 40 286 394 164 138 11 186 53 98 201 95 267 260 32 121 197 280 49 117 135 230 215 404 191 363 362 336 122 211 55 421 128 244 48 250 2 25 14 333 189 226 224 395 84 96 334 182 83 169 385 42 176 301 259 235 311 132 82 335 130 210 361 351 249 279 170 185 34 61 319 22 297 305 85 252 17 295 29 270 58 291 71 299 462 413 407 220 5 9 70 392 187 386 287 275 384 261 293 312 94 126 434 35 150 173 310 131 76 367 125 327 427 272 65 1 233 194 123 89 274 115 198 86 483 212 225 317 473 328 364 78 57 127 242 45 387 296 23 184 241 33 3 207 262 180 490 416 418 54 400 214 165 
394
388 222 227 146 195 360 154 288 152 161 290 248 52 358 69 246 298 411 73 344 72 417 376 97 205 109 401 24 216 199 139 110 268 44 208 67 469 80 140 163 119 18 439 202 50 88 243 258 134 193 38 471 306 273 237 56 346 375 422 74 264 87 304 39 171 153 247 178 339 232 124 460 239 112 266 218 64 380 478 324 370 37 133 60 149 438 62 158 325 234 77 106 254 188 21 455 238 107 263 141 7 320 174 203 108 175 177 457 420 105 217 245 179 321 137 307 343 303 166 278 144 20 213 92 200 204 342 409 47 116 300 114 359 443 31 206 373 345 437 155 157 229 396 389 10 481 337 15 13 81 289 4 30 103 129 371 43 228 172 143 6 192 120 313 231 309 256 282 219 181 257 374 318 377 330 283 46 285 196 16 314 223 453 284 209 28 315 253 356 41 277 59 19 102 68 66 372 27 8 292 240 236 0 12 480 251 118 428 397 156 100 281 255 221 90 402 160 75 265 26 168 302 183 151 393 294 159 316 167 99 36 79 276 190 91 113 104 451 162 111 148 322 467 63 369 323 101 40 286 394 164 138 11 186 53 98 201 95 267 260 32 121 197 280 49 117 135 230 215 404 191 363 362 336 122 211 55 421 128 244 48 250 25 14 333 189 226 224 395 84 96 334 182 83 169 385 42 301 259 235 311 132 82 335 130 210 361 351 249 279 170 185 34 61 319 22 297 305 85 252 17 295 29 270 58 291 71 299 462 413 407 5 9 70 392 187 386 287 275 384 293 312 94 126 434 35 150 173 310 131 76 367 125 327 427 272 65 1 233 194 123 89 274 115 198 86 483 212 225 317 473 328 364 78 57 127 242 45 387 296 23 184 241 33 3 207 262 180 490 416 418 400 214 165 
384
388 222 227 146 195 360 154 288 152 161 290 248 52 358 69 246 298 411 73 344 72 417 376 97 205 109 401 24 216 199 139 110 268 44 208 67 469 80 140 163 119 18 439 202 50 88 243 258 134 193 38 471 306 273 237 56 346 375 422 74 264 87 304 39 171 153 247 178 339 232 124 460 239 112 266 218 64 380 478 324 370 37 133 60 149 438 62 158 325 234 77 106 254 188 21 455 238 107 263 141 7 320 174 203 108 175 177 457 420 105 217 245 179 321 137 307 343 303 166 278 144 20 213 92 200 342 409 47 116 300 114 359 443 31 206 373 345 437 155 157 229 396 389 10 481 337 15 13 81 289 4 30 103 129 371 43 228 143 6 192 120 313 309 256 282 219 181 257 374 377 330 283 46 285 196 16 314 223 453 284 209 28 315 253 356 41 277 59 19 102 68 66 372 27 8 292 240 236 0 12 480 251 118 428 397 156 100 281 255 221 90 402 160 75 265 26 168 302 183 151 393 294 159 316 167 99 36 79 276 190 91 113 104 451 162 111 148 322 467 63 369 323 101 40 286 394 164 138 11 53 98 201 95 267 260 32 121 197 280 49 117 135 230 215 404 191 363 362 336 122 211 55 421 128 244 48 250 25 14 333 226 224 395 84 96 334 182 83 169 385 42 301 259 235 132 82 335 130 210 351 249 279 170 185 34 61 319 22 297 305 85 252 17 295 29 270 58 71 299 462 413 407 5 9 70 392 187 386 287 275 384 293 312 94 126 434 35 150 173 310 131 76 367 327 125 427 272 65 1 233 194 123 89 274 198 86 483 212 225 317 473 328 364 78 57 127 242 45 387 296 23 184 241 33 3 207 262 180 490 416 418 400 214 165 
376
388 222 227 146 195 360 154 288 152 161 290 248 52 69 246 298 73 344 72 417 376 97 205 109 401 24 216 199 139 268 44 208 67 469 80 140 163 119 18 439 202 50 88 243 258 134 193 38 471 306 273 237 56 346 375 422 74 264 87 304 39 171 153 247 178 339 232 124 460 239 112 266 218 64 380 478 324 370 37 133 60 149 438 62 158 325 234 77 106 254 188 21 455 238 107 141 7 320 174 203 108 175 177 457 420 105 217 245 179 321 137 307 343 303 166 278 144 20 213 92 200 342 409 47 116 300 114 359 443 31 206 373 345 437 155 157 229 396 389 10 337 15 13 81 289 4 30 103 129 371 43 228 143 6 192 120 313 309 256 282 219 181 257 374 377 330 283 46 285 196 16 314 223 453 284 209 28 315 253 356 41 277 59 19 102 68 66 372 27 8 292 240 236 0 12 480 251 118 428 397 156 100 281 255 221 90 402 160 75 265 26 168 302 183 151 393 294 159 316 167 99 36 79 276 190 91 113 104 451 162 111 148 322 467 63 369 323 101 40 286 394 164 138 11 53 98 201 95 267 260 32 121 197 280 49 117 135 230 215 404 191 363 362 336 122 211 421 128 244 48 250 25 14 333 226 224 395 84 96 334 182 83 169 385 42 301 259 235 132 82 335 210 351 249 279 170 185 34 61 319 22 297 305 85 252 17 295 29 270 58 71 299 462 413 407 5 9 70 392 187 386 287 275 384 293 312 94 126 434 35 150 173 310 131 76 367 327 125 427 65 1 233 194 123 89 274 198 86 483 212 225 317 473 328 364 78 57 127 242 45 387 296 23 184 241 33 3 207 262 180 490 416 418 400 214 165 
370
388 222 227 146 195 360 154 288 152 161 290 248 52 69 246 298 73 344 72 376 97 205 109 401 24 216 199 139 268 44 208 67 469 80 140 163 119 18 439 202 50 88 243 258 134 193 38 471 306 273 237 56 346 375 422 74 264 87 304 39 171 153 247 178 339 232 124 460 239 112 266 218 64 380 478 324 370 37 133 60 149 438 62 158 325 234 77 106 254 188 21 455 238 107 141 7 320 174 203 108 175 177 457 420 105 217 245 179 321 137 307 343 303 166 278 144 20 213 92 200 342 409 47 116 300 114 359 443 31 206 437 345 373 155 157 229 396 389 10 337 15 13 81 289 4 30 103 129 371 43 228 143 6 192 120 313 309 256 282 219 181 257 374 377 283 46 285 196 16 314 223 453 284 209 28 315 253 356 41 277 59 19 102 68 66 372 27 8 292 240 236 0 12 480 251 118 428 397 156 100 281 255 221 90 402 160 75 265 26 168 302 183 151 393 294 159 316 167 99 36 79 276 190 91 113 104 162 111 148 322 467 63 369 323 101 40 286 394 164 138 11 53 98 201 95 267 260 32 121 197 280 49 117 135 230 215 404 191 363 362 336 122 211 421 128 244 48 250 25 14 333 226 224 395 84 96 334 182 83 169 385 42 301 259 235 132 82 335 210 351 249 279 170 185 34 61 319 22 297 305 85 252 295 29 270 58 71 299 462 413 5 9 70 392 187 386 287 275 384 293 312 126 94 434 35 150 173 310 131 76 367 327 125 427 65 1 233 194 123 89 274 198 86 483 212 225 317 473 328 364 78 57 127 242 45 387 296 23 184 241 33 3 207 262 180 416 418 400 214 165 
356
388 222 227 146 195 360 154 288 152 161 290 248 52 69 246 298 73 344 72 376 97 205 109 401 24 216 199 139 268 44 208 67 469 80 140 163 119 18 439 202 50 88 243 258 134 193 38 471 306 273 237 56 346 375 422 74 264 87 304 39 171 153 247 178 339 232 124 460 239 112 266 218 64 380 478 324 370 37 133 60 149 438 62 158 325 234 77 106 254 188 21 455 238 107 141 7 320 174 203 108 175 177 457 420 105 217 179 321 137 307 343 303 166 144 20 213 92 200 342 409 47 116 300 114 359 443 31 206 437 345 373 157 229 396 389 10 337 15 13 81 289 4 30 103 129 371 43 228 6 192 120 313 309 282 219 181 257 374 377 283 46 285 196 16 314 223 453 284 209 28 315 253 356 41 277 59 19 102 68 66 372 8 292 240 236 0 12 480 251 118 428 397 156 100 281 255 221 90 402 160 75 265 26 168 302 183 151 393 159 316 167 99 36 79 276 190 91 113 104 162 111 322 467 63 369 323 40 286 394 164 138 11 53 95 267 260 32 121 197 49 117 135 230 215 404 191 363 362 336 122 211 421 128 244 48 250 25 14 333 226 224 395 84 96 334 182 83 169 385 42 301 259 235 132 82 335 210 351 249 279 170 185 34 61 319 22 297 305 85 252 295 29 270 58 71 299 462 413 5 9 70 392 187 386 287 275 384 293 312 126 94 434 35 150 173 310 131 76 367 327 125 427 1 233 194 123 89 274 198 86 483 212 225 317 473 328 364 78 57 127 242 45 387 296 23 184 33 3 207 262 180 416 418 400 214 165 
342
388 222 227 146 195 360 154 288 152 161 290 248 52 69 298 73 344 72 376 97 205 109 401 24 216 199 139 268 44 208 67 469 80 140 163 119 18 439 202 50 88 243 258 134 193 38 471 306 273 237 56 346 375 422 74 264 87 304 39 171 153 247 178 339 232 124 460 239 112 266 218 64 380 478 324 370 37 133 60 149 438 62 158 325 234 77 106 254 188 21 455 238 107 141 7 320 174 203 108 175 177 457 420 105 217 321 137 307 343 303 166 144 20 213 92 200 342 409 47 116 300 114 359 443 31 206 437 345 373 157 229 396 389 10 337 13 81 289 4 30 103 129 371 43 228 6 192 120 313 309 282 219 181 257 374 377 283 46 285 196 16 314 223 453 284 209 28 253 356 41 277 59 19 102 68 66 372 8 292 240 236 0 12 480 251 118 397 156 100 281 255 221 90 402 160 75 265 26 168 302 183 151 393 159 316 99 36 79 276 190 91 113 162 111 322 467 63 323 40 286 394 164 138 11 53 95 267 260 32 121 197 49 117 135 230 215 404 191 363 362 336 122 421 128 244 48 250 25 14 333 226 224 395 84 96 334 182 83 169 42 301 259 235 132 82 335 210 351 249 279 170 185 34 61 319 22 297 305 85 252 295 29 270 58 71 299 462 413 5 9 70 392 187 386 287 275 384 293 126 94 434 35 150 173 310 131 76 367 125 427 1 233 194 123 89 198 86 483 212 225 317 473 328 364 78 57 127 45 387 296 23 184 33 3 207 262 180 416 418 400 214 165 
328
388 222 227 195 360 154 288 152 161 290 248 52 69 298 73 344 72 376 97 205 109 401 24 216 139 268 44 208 67 469 80 140 163 119 18 439 202 50 88 243 258 134 193 38 471 306 273 237 56 346 375 422 74 264 87 304 39 171 153 247 339 124 460 239 112 266 218 64 478 324 370 37 133 60 149 438 62 158 325 234 77 106 254 188 21 455 238 107 141 7 320 174 203 108 175 177 457 420 105 217 321 137 343 303 166 144 20 213 92 200 342 409 116 300 114 359 443 31 206 437 373 157 229 396 389 10 337 13 81 289 4 30 103 129 371 43 228 6 192 120 313 309 282 219 181 257 374 377 46 285 196 16 314 223 284 209 28 253 356 41 277 59 19 102 68 66 372 8 292 240 236 0 12 480 251 118 397 156 100 281 255 221 90 402 160 75 265 26 168 302 183 151 393 159 316 99 36 79 276 190 91 113 162 111 322 467 63 323 40 286 394 164 138 11 53 95 267 260 32 121 197 49 117 135 230 215 404 191 363 336 122 421 128 244 48 250 25 14 333 226 224 395 84 96 334 182 83 169 301 259 235 132 82 335 210 351 249 279 170 185 34 61 319 22 297 305 85 252 295 29 270 58 71 299 462 5 9 70 392 187 386 287 275 384 293 126 94 434 35 150 173 310 131 367 125 427 1 233 194 123 89 198 86 483 212 225 317 473 328 364 78 57 127 45 387 296 23 184 33 3 207 262 180 416 418 400 214 165 
314
388 222 227 195 360 154 288 152 161 290 248 52 69 298 73 344 72 376 97 205 109 401 24 216 139 268 44 208 67 469 80 140 119 439 202 50 88 243 258 134 193 471 306 273 237 56 346 375 422 74 264 87 304 39 171 153 247 339 124 460 239 112 266 218 64 478 324 370 37 133 60 149 438 62 158 325 77 106 254 188 21 455 238 107 141 7 320 174 203 108 175 177 457 420 105 217 321 137 343 303 166 144 20 213 92 200 342 409 116 114 443 31 373 437 157 229 396 10 337 13 81 289 4 30 103 129 371 43 228 6 192 120 313 309 282 219 181 257 374 46 285 196 16 314 223 284 209 28 253 356 41 277 59 19 102 68 66 372 8 240 236 0 12 251 118 397 156 281 255 221 90 402 160 75 265 26 168 302 183 151 393 159 316 99 36 79 276 190 91 113 162 111 322 467 63 323 40 286 394 138 11 53 95 267 260 32 121 49 117 135 230 215 404 191 363 336 122 421 128 244 48 250 25 14 333 226 224 395 84 96 334 182 83 169 301 259 235 132 82 335 210 351 249 279 170 185 34 61 319 22 297 305 85 252 295 29 270 58 71 299 462 5 9 70 392 187 386 287 275 384 293 126 94 434 35 150 173 310 131 367 125 427 1 233 194 123 89 198 86 483 212 225 317 473 328 364 78 57 127 45 387 296 23 184 33 3 207 262 180 416 418 400 214 165 
304
281 388 222 108 255 227 175 195 360 154 177 221 301 420 288 259 457 105 235 90 152 217 161 321 137 160 132 402 290 75 343 248 303 82 265 26 52 69 168 302 183 151 166 298 335 393 144 210 20 213 351 249 92 200 279 170 159 185 409 34 316 61 116 99 114 36 79 276 73 344 319 22 72 297 443 376 97 31 91 113 109 190 205 373 437 401 305 85 157 162 295 252 229 24 216 396 29 111 139 10 270 337 322 268 71 13 467 44 208 81 289 299 63 4 462 67 30 5 9 103 70 129 323 392 469 187 386 80 371 43 228 40 286 140 287 394 6 119 275 138 11 384 439 202 53 293 120 313 50 88 243 258 134 126 94 434 193 471 95 35 306 150 237 56 267 273 173 282 310 219 260 181 257 131 346 32 367 374 375 121 422 74 264 125 87 49 304 135 427 230 39 46 215 196 404 1 314 233 191 171 223 247 194 339 123 284 89 363 209 124 460 336 122 198 28 239 86 253 421 112 128 266 356 483 244 41 212 225 277 59 19 218 48 250 317 328 473 364 64 478 102 324 68 78 57 66 370 25 37 133 60 45 387 296 372 149 438 14 8 62 23 158 184 240 236 325 33 3 207 77 106 254 188 262 21 333 226 0 416 418 180 238 12 455 107 400 224 214 395 84 141 251 165 7 96 320 334 118 182 397 83 169 156 203 
293
281 388 222 108 255 227 175 195 360 154 177 221 301 420 288 259 457 105 235 90 152 217 161 321 137 160 132 402 290 75 343 248 303 82 265 26 52 69 168 302 183 151 166 298 335 393 144 210 20 213 351 249 92 200 279 170 159 185 409 34 316 61 116 99 114 36 79 276 73 344 319 72 297 443 376 97 31 91 113 109 190 205 373 437 401 305 85 157 162 295 252 229 24 216 396 29 111 139 10 270 337 322 268 71 13 467 44 208 81 289 299 63 4 462 67 30 9 103 129 323 392 469 187 386 80 371 43 228 40 286 140 287 394 6 119 275 138 11 384 439 202 53 293 313 50 88 243 258 134 126 94 434 193 471 95 35 306 150 237 56 267 173 260 282 310 219 181 257 131 346 32 367 374 375 121 422 74 264 125 87 49 304 135 427 230 39 46 215 196 404 1 314 233 191 171 223 247 194 339 123 363 89 209 460 336 122 198 28 239 86 253 421 112 128 266 356 483 244 41 212 225 277 59 218 48 250 317 473 364 64 478 102 324 68 78 57 66 370 25 37 133 60 45 387 296 372 149 438 14 62 8 23 158 184 240 236 325 33 3 207 77 254 188 262 21 333 226 0 416 418 180 238 12 455 107 400 224 214 395 84 141 251 165 7 96 320 334 118 182 83 169 156 203 
285
281 388 222 108 255 227 175 195 360 154 177 221 301 420 288 259 457 105 235 90 152 217 161 321 137 160 132 402 290 75 343 248 303 82 265 26 52 69 168 302 183 151 166 298 335 393 144 210 20 213 351 249 92 200 279 170 159 185 409 34 316 61 116 99 114 36 79 276 73 344 319 72 297 443 376 97 91 113 31 109 190 205 373 401 305 85 157 162 295 252 229 216 396 29 111 139 270 337 322 268 71 13 467 44 208 81 289 299 63 462 67 30 9 103 129 323 392 187 386 80 371 43 228 40 140 287 394 6 119 275 138 11 384 439 202 53 313 50 88 243 258 134 126 94 434 193 471 95 35 306 150 237 56 267 173 260 282 310 219 181 257 131 346 32 367 374 375 121 422 74 264 125 87 49 135 427 230 39 46 215 196 404 1 314 233 191 171 223 247 194 339 123 363 89 209 460 336 122 198 28 239 86 253 421 112 128 266 356 483 244 41 212 225 277 59 218 48 250 317 473 364 64 478 102 324 68 78 57 66 370 25 37 133 60 45 387 296 372 149 438 14 62 8 23 158 184 240 236 325 33 3 207 77 254 188 262 21 333 226 0 416 418 180 238 12 455 107 400 224 214 395 84 141 251 165 7 96 320 334 118 182 83 169 156 203 
