17
393
26 65 246 281 217 439 60 145 119 120 200 142 90 187 459 162 264 88 496 112 152 480 464 337 87 478 308 85 36 40 332 25 233 138 470 132 408 295 139 91 468 344 270 327 245 250 398 101 73 100 180 429 148 249 29 182 189 115 313 179 273 201 79 153 498 74 45 154 257 216 95 192 457 133 33 369 383 371 368 225 269 357 204 155 196 292 194 35 321 375 396 184 235 303 222 107 171 156 177 54 82 352 94 117 124 388 58 66 370 165 316 338 367 420 266 502 226 22 255 259 340 300 260 322 140 419 157 199 421 108 93 223 333 136 188 206 415 378 471 53 161 416 275 174 430 434 453 176 159 241 18 19 253 231 228 280 89 84 393 239 244 44 400 364 68 495 168 488 62 252 404 131 330 289 190 339 23 497 214 425 354 483 207 437 348 466 314 0 423 363 479 324 11 422 43 504 104 173 237 186 366 137 42 167 109 505 205 234 116 247 128 243 64 143 151 10 503 349 208 166 347 51 67 13 30 493 175 20 34 111 406 39 472 69 242 283 465 61 135 110 236 258 80 76 123 47 63 202 426 195 9 99 238 129 169 16 24 2 52 4 83 256 75 224 97 86 220 328 215 227 306 48 55 460 185 520 335 37 49 56 279 59 287 3 494 32 134 27 150 77 96 355 181 141 341 121 5 501 320 485 212 323 126 500 286 213 28 191 163 38 319 298 50 304 127 230 487 362 389 486 248 178 346 302 57 125 113 164 92 315 183 31 210 261 397 71 122 102 198 78 197 103 21 312 98 158 15 106 8 272 482 12 105 351 297 317 299 1 410 160 46 118 361 440 14 144 209 17 193 81 203 311 229 147 424 359 412 443 146 232 7 218 149 170 336 41 251 172 114 6 130 309 211 
385
26 65 246 281 217 439 60 145 119 120 200 142 90 187 459 162 264 88 496 112 152 480 464 337 87 478 308 85 36 40 332 25 233 138 470 132 408 295 139 91 468 344 270 327 245 250 398 101 73 100 180 429 148 249 29 182 189 115 313 179 273 201 79 498 74 45 154 257 216 95 192 457 133 33 369 371 368 225 269 357 204 155 196 292 194 35 321 375 396 184 235 303 222 107 171 156 177 54 82 352 94 117 124 388 58 66 370 165 316 338 367 420 266 502 226 22 255 259 340 300 260 322 140 157 199 421 108 93 223 136 188 206 415 378 471 53 416 161 275 174 430 434 453 176 159 241 18 19 253 231 228 280 89 84 393 239 244 44 400 364 68 495 168 488 62 252 404 131 330 289 190 339 23 497 214 425 354 483 207 437 348 466 314 0 423 363 479 324 11 422 43 504 104 173 237 186 366 137 42 167 109 505 205 234 116 247 128 243 64 143 151 10 503 349 208 166 347 51 67 13 30 493 175 20 34 111 406 39 472 69 242 283 465 61 135 110 236 258 80 76 123 47 63 202 426 195 9 99 238 129 169 16 24 2 52 4 83 256 224 97 86 220 328 215 227 306 48 55 460 185 335 37 49 56 279 59 287 3 494 32 134 27 150 77 96 355 181 141 341 121 5 501 320 485 212 323 126 500 286 213 28 191 163 38 319 298 50 304 127 230 487 389 486 248 178 346 302 57 125 113 164 92 315 183 31 210 261 397 71 122 102 198 78 197 103 21 312 98 158 15 106 8 272 482 12 105 351 297 317 299 1 410 160 46 118 361 440 14 144 209 17 193 81 203 311 229 147 424 412 443 146 232 7 218 149 170 336 41 251 172 114 6 130 309 211 
371
26 65 281 217 439 60 145 119 120 200 142 90 187 459 162 264 88 496 112 152 480 464 337 87 478 308 85 36 40 332 25 233 138 470 132 408 295 139 91 468 344 270 327 245 250 398 101 73 100 180 429 148 249 29 182 189 115 313 179 201 79 498 74 45 154 257 216 95 192 457 133 33 369 371 368 225 269 357 204 155 196 292 194 35 321 375 396 184 235 303 222 107 171 156 177 54 82 352 94 117 124 58 66 165 316 338 367 420 266 502 226 22 255 259 340 300 260 322 140 157 421 108 93 223 136 188 415 378 471 53 416 161 275 174 430 434 453 176 159 241 18 19 253 231 228 280 89 84 393 239 244 44 400 364 68 495 168 488 62 252 404 131 330 289 190 339 23 497 214 425 354 483 207 437 348 466 0 423 363 479 324 11 422 43 504 104 173 186 366 137 42 167 109 505 205 234 116 247 128 243 64 143 151 10 503 349 208 166 347 51 67 13 30 175 20 34 111 406 39 472 69 242 283 465 61 135 110 236 258 80 76 123 47 63 202 426 195 9 99 238 129 169 16 24 2 52 4 83 256 224 97 86 220 328 215 227 306 48 55 460 185 335 37 49 56 279 59 287 3 32 134 27 150 77 96 355 141 341 121 5 320 485 212 323 126 500 286 213 28 191 163 38 319 298 50 304 127 230 487 389 486 248 178 346 302 125 113 164 92 183 31 210 261 397 71 122 102 198 78 197 103 21 312 98 158 15 106 8 272 482 12 105 351 297 317 299 1 410 160 46 118 361 440 14 144 209 17 193 81 203 311 229 147 424 412 443 146 232 7 218 149 170 336 41 251 172 114 6 130 309 211 
360
26 65 281 217 439 60 145 119 120 200 142 90 187 459 162 264 88 496 112 152 480 464 337 87 478 308 85 36 40 332 25 233 138 470 408 295 139 91 468 344 270 327 245 250 398 101 73 100 180 429 148 249 29 182 115 313 179 201 79 498 74 45 154 257 216 95 192 457 133 33 369 371 368 225 269 357 204 155 196 292 194 35 321 375 396 184 303 222 107 171 156 177 54 82 352 94 117 124 58 66 165 316 338 367 420 266 502 226 22 259 340 300 260 322 140 157 421 108 93 223 136 188 378 471 53 416 161 275 174 430 434 453 176 159 241 18 19 253 231 228 280 89 84 393 239 244 44 400 364 68 495 168 488 62 252 404 131 330 289 190 339 23 497 214 354 483 207 437 348 466 0 423 363 479 324 11 422 43 504 104 173 186 366 137 42 167 109 505 205 234 116 247 128 243 64 143 151 10 349 208 166 347 51 67 13 30 175 20 34 111 406 39 472 69 242 283 465 61 135 110 236 258 80 76 123 47 63 202 426 195 9 238 99 129 169 16 24 2 52 4 83 256 224 97 86 220 328 215 227 306 48 55 185 335 37 49 56 279 59 287 3 32 134 27 150 96 355 141 341 121 5 320 485 212 323 126 500 286 213 28 191 163 38 319 298 50 304 230 487 389 248 178 346 302 125 113 164 92 183 31 210 261 397 71 122 102 198 78 197 103 21 312 98 158 15 106 8 272 482 12 105 351 297 317 299 1 410 160 46 118 361 440 14 144 209 17 193 81 311 203 229 147 424 412 443 146 232 7 218 149 170 336 41 251 172 114 6 130 309 211 
358
26 65 281 217 439 60 145 119 120 200 142 90 187 459 162 264 88 496 112 152 480 464 337 478 87 308 85 36 40 332 25 233 138 470 408 295 139 91 468 344 270 327 245 250 398 101 73 100 180 429 148 249 29 182 115 313 179 201 79 498 74 45 154 257 216 95 192 457 133 33 369 371 368 225 269 357 204 155 196 292 194 35 321 375 396 184 303 222 107 171 156 177 54 82 352 94 117 124 58 66 165 316 338 367 420 266 502 226 22 259 340 300 260 322 140 157 421 108 93 223 136 188 378 471 53 416 161 275 174 430 434 453 176 159 241 18 19 253 231 228 280 89 84 393 239 244 44 400 364 68 495 168 488 62 252 404 131 330 289 190 339 23 497 214 354 207 437 348 466 0 423 363 479 324 11 422 43 504 104 173 186 366 137 42 167 109 505 205 234 116 247 128 243 64 143 151 10 349 208 166 347 51 67 13 30 175 20 34 111 406 39 472 69 242 283 465 61 135 110 236 258 80 76 123 47 63 202 426 195 9 238 99 129 169 16 24 2 52 4 83 256 224 97 86 220 328 215 227 306 48 55 185 335 37 49 56 279 59 287 3 32 134 27 150 96 355 141 341 121 5 320 485 212 323 126 500 286 213 28 191 163 38 319 298 50 304 230 487 389 248 178 346 302 125 113 164 92 183 31 261 210 397 71 122 102 198 78 197 103 21 312 98 158 15 106 8 272 482 12 105 351 317 299 1 410 160 46 118 361 440 14 144 209 17 193 81 311 203 229 147 424 412 443 146 232 7 218 149 170 336 41 251 172 114 6 130 309 211 
346
26 65 281 217 439 60 145 119 120 200 142 187 459 264 88 496 112 152 480 464 337 478 87 308 85 36 40 332 25 233 138 470 408 295 139 468 344 270 327 245 250 398 101 73 100 180 429 148 29 182 115 313 179 201 79 498 74 45 154 216 95 192 133 33 369 371 368 225 357 204 155 196 292 35 321 375 396 184 303 222 107 171 156 177 54 82 352 94 117 124 58 66 165 316 338 367 420 266 226 22 259 340 300 260 322 140 157 421 108 93 223 136 188 378 471 53 416 161 275 174 430 434 453 176 159 241 18 19 253 231 228 280 89 84 393 239 244 44 400 364 68 495 168 488 62 252 404 131 330 289 190 339 23 497 214 354 207 437 348 466 0 423 363 479 324 422 11 43 504 104 173 186 366 137 42 167 109 505 205 234 116 247 128 243 64 143 151 10 349 208 166 347 51 67 13 30 175 20 34 111 406 39 472 69 242 283 465 61 135 110 236 258 80 76 123 47 63 202 426 195 9 238 99 129 169 16 24 2 52 4 83 256 224 97 86 220 328 215 227 306 48 55 185 335 37 49 56 279 287 3 32 134 27 150 96 355 141 341 121 5 320 485 212 126 500 286 213 28 191 163 38 319 298 50 304 230 487 389 248 178 346 302 125 113 164 92 183 31 261 210 397 71 122 102 198 78 197 103 21 312 98 158 15 8 272 482 12 105 351 317 299 1 410 160 46 118 361 440 14 144 209 17 193 81 311 203 229 147 424 412 443 146 232 7 218 149 170 336 41 251 172 114 6 130 309 211 
336
65 281 217 439 60 145 119 120 200 142 187 459 264 88 496 112 152 480 464 337 478 87 308 85 36 40 332 25 233 138 470 408 295 139 468 344 270 327 245 250 398 101 73 100 180 429 148 29 182 115 313 179 201 79 498 74 45 154 216 95 192 133 33 369 371 368 225 357 204 155 196 292 35 321 375 184 303 222 107 171 156 177 54 82 352 94 117 124 58 66 165 338 367 420 266 226 22 259 340 300 322 140 157 421 108 93 223 136 188 378 471 53 161 416 174 430 434 453 176 159 241 18 19 253 231 228 280 89 84 393 239 244 44 400 364 68 495 168 488 62 252 404 131 330 289 190 339 23 497 214 354 207 437 348 466 0 423 363 479 324 422 11 43 504 104 173 186 366 137 42 167 109 205 234 116 247 128 243 143 151 10 349 208 166 347 51 67 13 30 175 20 34 111 406 39 472 69 242 283 465 61 135 110 236 258 80 76 123 47 63 202 426 195 9 238 99 129 169 16 24 2 52 4 83 256 224 97 86 220 328 215 227 306 48 55 185 335 37 49 56 279 3 32 134 27 150 96 355 141 341 121 5 320 485 212 126 500 286 213 28 191 163 38 319 298 50 304 230 487 389 248 178 346 302 125 113 164 92 183 31 261 210 397 71 122 102 198 78 197 103 21 312 98 158 15 8 272 482 12 105 351 317 299 1 410 160 46 118 361 440 14 144 209 17 193 81 311 203 229 147 424 412 443 146 232 7 218 149 170 336 251 172 114 6 309 211 
327
65 281 439 60 145 119 120 200 142 187 459 264 88 496 112 152 480 464 337 478 87 308 85 36 40 332 233 138 470 408 139 468 344 270 327 245 250 398 101 73 100 180 429 148 29 182 115 313 179 201 79 498 74 45 154 216 95 192 133 33 369 371 225 357 204 155 196 292 35 321 375 184 303 222 107 171 156 177 54 82 352 94 117 124 58 66 165 338 367 420 266 226 22 259 340 300 322 140 157 421 108 93 223 136 188 378 471 161 416 174 430 434 453 176 159 241 18 19 253 231 228 280 89 84 393 239 244 44 400 364 68 495 168 488 62 404 252 131 330 289 190 339 23 497 214 354 207 437 348 0 423 363 479 324 422 11 43 504 104 173 186 366 137 42 167 109 205 234 116 247 243 143 151 10 349 208 166 347 51 67 13 30 175 20 34 111 406 39 472 69 242 283 465 61 135 110 236 258 80 76 123 47 63 202 426 195 9 238 99 129 169 16 24 2 52 4 83 256 224 97 86 220 328 215 227 306 48 55 185 335 37 49 56 279 3 32 134 27 150 96 355 141 341 121 5 320 212 126 500 286 213 28 191 163 38 319 298 50 304 230 487 389 248 346 302 125 113 164 92 183 31 261 210 397 71 122 102 198 78 197 103 21 312 98 158 15 8 272 482 12 105 351 317 299 1 410 160 46 118 361 440 14 144 209 17 193 81 311 203 229 147 424 412 443 146 232 7 218 149 170 336 251 172 114 6 309 211 
321
65 281 439 60 145 119 120 200 142 187 459 264 88 496 112 152 480 464 337 478 87 308 85 36 40 332 233 138 470 408 139 468 344 270 327 245 250 398 101 73 100 180 429 148 29 182 115 313 179 201 79 498 74 45 154 216 95 192 133 33 369 371 225 357 204 155 196 292 35 321 375 184 303 222 107 171 156 177 54 82 352 94 117 124 58 66 165 338 367 420 266 226 22 259 340 300 322 140 157 421 108 93 223 136 188 378 471 161 416 174 430 434 453 176 159 241 18 19 253 231 228 280 89 84 393 239 244 44 364 68 495 168 488 62 404 252 131 330 289 190 339 23 497 214 354 207 437 348 0 423 363 479 324 422 11 43 104 173 186 366 137 42 167 109 205 234 116 247 243 143 151 10 349 208 166 347 51 67 13 30 175 20 34 111 406 39 472 69 242 283 465 61 135 236 110 258 80 76 123 47 63 202 426 195 9 238 99 129 169 16 24 2 52 4 83 256 224 97 86 220 328 215 227 306 48 55 185 335 37 49 56 279 3 32 27 150 96 355 141 341 121 5 320 212 126 500 286 213 28 191 163 38 319 298 50 304 230 487 389 248 346 302 125 113 164 92 183 31 261 210 397 71 122 102 198 78 197 103 21 312 98 158 15 8 272 482 12 105 351 299 410 160 46 118 361 440 14 144 209 17 193 81 311 203 229 147 424 412 146 232 7 218 149 170 336 251 172 114 6 309 211 
304
66 121 43 165 5 65 104 281 439 367 60 180 173 420 404 266 186 145 366 137 226 119 22 212 320 42 120 167 109 259 126 205 500 234 116 247 340 286 200 143 142 187 300 28 151 191 322 140 163 38 10 157 429 459 319 298 50 304 349 208 88 496 166 152 112 347 421 230 480 464 108 51 93 337 223 389 248 478 87 67 85 308 346 136 36 13 188 302 40 332 233 30 138 470 378 175 20 125 113 34 161 164 111 416 406 174 39 430 69 139 242 434 453 92 283 468 465 61 183 31 261 210 344 270 327 422 397 245 71 250 398 135 236 176 110 258 80 122 101 102 73 159 198 78 100 76 241 18 123 197 103 253 21 47 19 312 148 98 228 63 202 158 280 231 15 89 29 182 426 195 8 495 272 482 393 99 238 313 12 239 105 351 244 129 179 299 16 24 201 79 44 2 52 4 498 83 410 256 364 68 160 46 118 97 74 168 224 45 62 154 361 86 488 220 440 14 216 328 95 192 144 215 227 133 17 193 209 33 252 369 306 48 55 330 371 81 289 190 311 339 203 229 23 225 185 147 357 497 204 214 335 155 424 196 412 292 35 37 146 232 49 7 279 321 354 218 375 184 207 149 170 336 303 222 107 251 171 3 156 172 348 177 114 32 54 6 352 94 27 117 150 124 96 355 58 309 211 141 0 423 341 479 324 11 
295
66 121 43 165 5 65 104 281 439 367 60 180 173 420 404 266 186 145 366 137 226 320 22 212 119 42 120 167 109 259 126 205 500 234 116 247 340 200 143 142 187 300 28 151 191 322 140 163 10 157 429 459 319 298 50 304 349 208 88 112 347 421 230 480 464 108 51 93 337 223 389 248 478 87 67 85 308 346 136 36 13 188 302 40 332 233 30 138 378 175 20 125 113 34 161 164 111 416 406 174 39 430 69 139 242 434 453 92 283 468 465 183 31 261 210 344 270 327 422 397 245 71 250 398 135 236 176 110 258 80 122 101 102 73 159 198 78 100 76 241 123 18 197 103 253 21 47 19 312 148 98 228 63 202 158 280 231 15 89 29 426 195 8 495 272 482 393 99 238 313 12 239 105 351 244 129 179 299 16 24 201 79 44 2 52 4 498 83 410 256 364 68 160 46 118 97 74 168 224 45 62 154 361 86 488 220 440 14 216 328 95 192 144 215 227 133 17 193 209 33 252 369 306 48 55 330 371 81 289 190 311 339 203 229 23 225 185 147 357 204 214 335 155 424 196 412 292 35 37 146 232 49 7 279 321 354 218 375 184 207 149 170 336 303 222 107 251 171 3 156 172 348 177 114 32 54 6 352 117 27 94 150 124 96 355 58 309 211 141 0 423 341 479 324 11 
291
66 121 43 165 5 65 104 281 439 367 60 173 420 404 266 186 145 366 137 226 320 22 212 119 42 120 167 109 259 126 205 500 234 116 247 340 200 143 142 187 300 28 151 191 322 140 163 10 157 429 459 319 298 50 304 349 208 88 112 347 421 230 480 464 108 51 93 337 223 389 248 478 87 67 85 308 346 136 36 13 188 302 40 332 233 30 138 378 175 20 125 113 34 161 164 111 416 406 174 39 430 69 139 242 434 453 92 283 465 183 31 261 210 344 270 327 422 397 245 71 250 398 135 236 176 258 80 122 101 102 73 159 198 78 100 76 241 123 18 197 103 253 21 47 19 312 148 180 228 63 202 158 280 98 15 231 89 29 426 195 8 495 272 482 393 99 238 313 12 239 105 351 244 129 179 16 24 201 79 44 2 52 4 498 83 410 256 364 68 160 46 118 97 74 168 224 45 62 154 361 86 488 220 440 14 216 328 95 192 144 215 227 133 17 193 209 33 252 369 306 48 55 330 371 81 289 190 311 339 229 23 225 185 147 357 204 214 335 155 424 196 412 292 35 146 37 232 49 7 279 321 354 218 375 184 207 149 170 336 303 222 107 251 171 3 156 172 348 177 114 32 54 6 352 117 27 94 150 124 96 355 58 309 211 141 0 423 341 479 324 11 
280
66 121 43 165 5 65 104 281 439 367 60 173 420 266 186 145 366 137 226 320 22 212 42 120 167 109 259 126 205 500 234 116 247 340 200 143 142 187 300 28 151 322 140 163 10 157 429 459 319 298 50 304 349 208 88 112 347 421 230 480 464 108 51 93 337 223 389 248 478 87 67 85 308 346 136 36 13 188 302 40 332 233 30 138 378 175 20 125 113 34 161 111 416 164 406 174 39 430 69 139 242 434 453 283 465 183 31 261 210 344 270 327 422 397 71 250 398 135 236 176 258 80 122 101 102 73 159 198 78 100 76 241 123 18 197 103 253 21 47 19 312 148 180 228 63 202 158 280 98 15 231 89 29 426 195 8 495 272 482 99 238 313 12 239 105 351 129 179 16 24 201 79 44 2 52 4 498 83 410 256 364 68 160 46 118 97 74 168 224 45 62 154 361 86 488 220 440 14 328 95 192 215 227 133 17 193 209 33 252 369 306 404 55 330 371 81 289 190 311 339 229 23 225 147 357 204 214 335 155 424 196 412 292 35 146 37 232 49 7 279 321 354 218 375 184 207 149 170 336 303 222 107 171 3 156 172 348 177 114 32 54 6 352 117 27 94 150 124 96 355 58 309 211 141 0 423 341 479 324 11 
268
66 121 43 165 5 65 104 281 439 367 60 173 420 266 186 145 366 137 226 320 22 212 42 120 167 109 259 126 205 500 234 116 247 340 200 143 142 187 300 151 322 140 163 10 157 459 319 298 50 304 349 208 88 112 347 421 230 480 464 51 93 337 223 389 248 478 87 67 85 308 346 136 13 188 302 40 332 30 138 378 175 20 125 113 34 161 111 416 174 39 430 69 139 242 453 283 465 183 31 261 210 344 270 327 422 397 71 250 398 135 236 176 258 80 122 101 102 73 159 198 78 100 76 241 123 18 197 103 253 21 19 180 312 148 429 228 63 202 158 280 98 15 231 89 29 426 195 8 272 482 99 238 313 12 239 105 351 129 179 16 24 201 79 44 2 52 4 498 83 410 256 364 495 160 46 118 97 74 168 224 45 62 154 361 86 220 440 14 328 95 192 215 209 133 17 193 252 33 404 369 306 55 330 371 81 289 190 311 339 229 23 225 147 357 204 214 335 155 424 196 412 292 35 146 37 49 7 279 321 354 218 375 184 207 149 170 336 303 222 107 171 3 156 172 348 177 114 32 54 6 352 117 27 94 150 124 96 355 58 309 211 141 0 423 341 479 324 11 
259
66 121 43 165 5 65 104 439 367 60 173 420 266 186 145 366 137 226 320 22 212 42 120 167 109 259 126 205 500 234 116 247 340 200 143 142 187 300 151 322 140 163 10 157 459 319 298 50 304 349 208 112 347 421 480 464 51 93 337 223 389 248 478 87 67 85 308 136 13 188 302 40 332 30 378 175 20 125 113 34 161 111 416 174 39 430 69 139 242 453 283 465 183 31 261 210 344 270 327 422 397 71 250 398 135 176 258 80 122 101 102 73 159 198 78 100 76 241 123 18 197 103 253 21 19 180 312 148 429 228 63 202 158 280 98 15 231 89 29 426 195 8 272 482 99 238 313 12 239 105 351 129 179 16 24 201 79 44 2 52 4 498 83 410 256 364 160 46 118 97 74 168 224 45 62 154 361 86 220 440 14 328 95 192 215 209 133 17 193 252 33 404 369 306 55 330 371 81 289 190 311 339 229 23 225 147 357 204 214 335 155 424 412 292 35 146 37 49 7 279 321 354 218 375 184 207 149 170 336 303 222 171 3 156 172 348 177 114 32 54 6 352 117 27 94 150 124 96 355 58 309 211 141 0 423 341 479 324 11 
249
66 121 43 165 5 65 104 439 367 60 173 420 266 186 145 366 137 226 320 22 212 42 120 167 109 259 205 500 234 116 247 340 200 143 142 187 300 151 322 140 163 10 157 319 298 50 304 349 208 112 347 421 480 464 337 93 223 389 248 478 87 67 85 308 136 13 188 302 40 332 30 378 175 20 125 113 34 161 416 174 39 430 69 139 242 453 283 465 183 261 210 270 327 422 397 71 250 398 135 176 258 80 122 101 102 73 159 198 78 100 76 241 123 18 197 103 253 21 19 180 312 148 429 228 63 202 158 280 98 15 231 89 29 426 195 8 272 482 99 238 313 12 239 351 129 179 16 24 201 79 44 2 52 4 498 410 83 256 364 160 46 118 97 74 168 224 45 62 154 361 86 220 440 14 328 95 192 215 209 133 17 193 252 33 404 369 306 55 330 371 81 289 190 311 339 229 23 225 147 357 204 214 335 155 424 412 292 35 146 37 49 7 354 218 375 184 207 149 170 336 303 222 171 3 156 172 348 177 114 32 54 6 352 117 27 150 124 96 355 58 309 211 141 0 423 341 479 324 11 
238
121 43 165 5 65 104 439 367 60 173 420 266 186 145 366 137 226 320 22 212 42 120 167 109 259 205 234 116 247 340 200 143 142 187 300 151 322 140 163 10 157 319 298 50 304 349 208 112 347 421 480 464 337 93 223 389 248 478 87 67 85 308 136 13 188 302 40 332 30 378 175 20 125 113 34 161 174 39 430 69 139 242 453 283 465 183 261 210 270 327 422 397 71 250 398 135 176 258 80 122 101 102 73 159 198 78 100 76 241 123 18 197 103 253 21 19 180 312 148 429 228 63 202 280 98 231 15 89 29 426 195 8 272 482 99 238 313 12 239 351 129 179 16 24 201 79 44 2 52 4 498 410 83 364 160 46 118 97 74 168 224 45 62 154 361 86 220 14 328 192 215 209 133 17 193 252 33 404 369 55 330 371 81 289 339 311 23 225 147 357 214 335 155 424 412 292 35 146 37 49 7 354 218 375 184 207 149 170 336 303 222 171 3 156 172 348 177 114 32 54 6 352 117 27 150 124 96 355 58 309 211 141 0 423 341 479 324 11 
