17
331
345 14 370 80 306 61 120 433 178 58 188 412 468 311 380 79 66 219 153 36 87 316 146 280 18 190 157 360 216 106 367 23 243 130 366 439 348 259 62 197 268 220 19 491 41 287 140 52 155 38 48 184 374 277 159 57 29 297 60 154 254 378 168 17 192 126 101 115 172 76 96 214 233 121 457 481 89 163 1 198 111 167 352 97 94 92 333 151 135 141 105 123 156 303 169 0 271 365 117 174 183 247 480 83 40 265 72 93 37 195 347 273 199 69 102 215 108 202 54 175 377 260 304 336 279 59 453 305 177 299 31 84 22 187 292 191 289 136 34 122 203 71 119 75 196 244 20 100 45 276 131 182 269 344 444 85 70 35 65 430 477 15 381 2 189 207 234 212 12 358 166 332 107 116 222 211 355 150 158 353 337 50 63 208 350 67 104 253 21 142 384 125 375 86 124 494 49 147 4 401 161 185 379 421 193 231 112 27 78 114 39 334 248 393 162 450 264 266 113 143 51 227 241 473 129 139 82 165 257 56 258 110 6 251 152 217 317 464 81 42 364 300 302 26 32 329 91 205 144 160 103 420 11 7 98 281 228 109 440 173 5 90 218 209 307 55 443 383 44 206 213 326 24 200 341 30 145 134 8 73 77 382 99 13 376 138 272 427 270 3 179 127 149 95 118 180 148 88 362 170 194 432 236 229 342 388 475 33 255 171 53 201 47 176 132 133 74 28 137 186 9 25 351 128 237 64 455 210 293 283 16 
316
345 14 370 80 306 61 120 433 178 58 188 412 468 311 380 79 66 153 36 87 316 146 280 18 190 157 360 216 106 367 23 243 130 366 439 348 259 62 197 268 220 19 41 287 140 52 155 38 48 374 277 159 57 29 297 60 154 254 378 168 17 192 126 101 115 172 76 96 214 233 121 457 481 163 1 111 167 352 97 94 92 333 151 135 141 105 123 156 303 169 0 271 365 117 174 183 247 480 83 40 265 72 93 37 347 273 199 69 102 215 108 202 54 175 377 260 304 336 279 59 305 177 299 31 84 22 187 292 191 289 136 34 122 203 71 119 75 196 244 20 100 45 276 131 182 269 344 444 85 70 35 65 430 477 15 381 2 189 207 234 212 12 358 166 332 107 116 222 211 355 150 158 353 337 63 208 350 67 104 21 142 384 125 375 86 124 494 49 147 4 401 161 185 379 421 193 231 112 27 78 114 39 334 248 393 162 450 264 266 113 143 51 227 241 473 129 139 165 257 56 258 110 6 251 152 217 317 464 81 42 364 300 302 26 32 329 91 205 144 160 103 420 11 7 281 228 440 173 5 90 218 209 307 55 443 44 206 213 326 24 200 341 30 145 8 73 77 382 99 13 376 138 272 427 270 3 179 127 149 95 118 180 148 88 362 170 194 432 236 229 342 388 475 33 255 171 53 201 47 176 132 133 74 28 186 9 25 351 128 237 64 455 210 293 283 16 
297
158 103 420 345 353 271 337 365 11 117 14 370 80 63 7 174 183 247 208 306 83 480 281 350 40 61 104 265 72 93 37 228 120 347 433 21 142 384 125 440 173 5 273 375 58 86 90 199 218 69 102 188 209 124 215 108 307 55 494 202 49 54 147 175 4 401 44 412 377 311 380 260 66 185 161 336 279 153 59 379 421 36 193 87 206 316 326 305 24 177 200 341 146 299 30 280 31 112 27 78 84 22 145 187 8 73 114 18 292 190 39 157 191 216 360 106 248 334 367 289 23 99 382 13 376 34 243 138 272 427 130 122 366 203 439 71 119 348 259 393 162 270 62 197 3 268 450 75 179 196 244 220 264 19 41 266 127 149 95 20 100 45 113 140 52 276 155 287 143 51 131 182 269 344 444 227 241 473 85 129 38 139 180 48 70 148 165 35 88 65 257 362 170 430 374 277 159 56 57 258 15 110 194 29 2 297 60 6 154 381 189 251 432 236 207 234 254 229 152 168 342 378 212 217 388 317 464 17 33 192 171 255 53 126 101 166 201 172 332 81 42 107 364 96 214 233 47 121 176 116 132 457 481 133 74 222 28 163 300 1 211 186 9 25 351 302 128 111 26 32 64 352 97 94 329 455 92 210 333 91 151 205 293 135 141 355 105 283 123 156 144 150 303 160 169 0 16 
286
158 103 420 345 353 271 337 365 11 117 14 370 80 63 7 174 183 247 208 306 83 480 281 350 40 61 104 265 72 93 37 228 120 347 433 21 142 125 440 173 5 273 375 58 86 90 199 218 69 102 188 209 124 215 108 307 55 494 202 49 54 147 175 4 401 44 412 377 311 380 260 66 185 161 336 279 153 59 379 421 36 193 87 206 326 305 24 177 200 341 146 299 30 280 31 112 27 78 84 22 145 187 8 73 114 18 292 190 39 157 191 216 360 106 248 334 367 289 23 99 382 376 34 243 138 272 427 130 122 366 203 71 119 348 259 393 162 270 62 197 3 268 450 75 179 196 244 220 264 19 41 266 127 149 95 20 100 45 113 140 52 276 155 287 51 131 182 269 344 444 227 241 473 85 129 38 139 48 70 148 165 35 88 65 257 362 170 430 374 277 159 56 57 258 15 110 194 29 2 381 60 6 154 432 189 251 236 207 234 254 229 152 168 342 378 212 388 317 464 17 33 192 171 255 53 126 101 201 172 332 42 107 364 96 214 233 47 121 176 132 457 481 133 74 222 28 163 300 1 211 186 9 25 351 302 128 111 26 32 64 352 97 94 329 455 92 210 333 91 151 205 293 135 141 355 105 283 123 156 144 150 303 160 169 0 16 
273
158 103 420 353 271 337 365 11 117 14 370 80 63 7 174 183 247 208 306 83 480 281 350 40 61 104 265 72 93 37 228 120 347 433 21 142 440 173 5 273 375 58 86 90 199 218 69 215 188 209 124 307 108 55 494 202 49 54 147 175 4 401 44 412 377 311 380 260 66 185 161 336 279 153 59 379 421 36 193 87 206 326 305 24 177 200 341 146 299 30 280 31 112 27 78 84 22 145 8 73 114 18 292 190 39 157 191 216 360 106 248 382 367 289 99 376 34 243 138 272 427 130 122 366 203 71 119 348 393 162 270 62 197 3 268 450 75 179 244 264 220 19 41 266 149 95 20 100 45 113 140 52 276 155 287 51 131 182 269 344 444 227 241 473 85 129 38 139 48 70 148 165 35 88 65 257 362 170 430 374 277 159 56 57 258 15 110 194 29 2 381 60 6 154 432 189 251 236 207 234 254 229 152 168 378 212 388 317 464 17 33 192 171 255 53 126 101 201 172 332 42 107 364 96 214 233 47 121 176 132 457 481 133 74 222 28 163 300 1 211 186 9 25 351 302 128 26 32 64 352 97 94 329 455 92 210 333 91 205 293 135 355 105 283 123 156 144 150 303 160 169 0 16 
263
158 103 420 353 271 337 365 11 117 14 370 80 63 7 174 183 247 208 306 83 480 281 350 40 61 104 265 93 37 228 120 347 433 21 142 440 173 5 273 375 58 86 90 199 218 69 188 209 124 307 108 55 494 202 49 54 147 175 4 401 44 412 377 311 380 260 66 185 161 336 279 153 59 379 421 36 193 87 206 326 305 24 177 200 341 146 299 30 31 112 27 78 84 22 145 8 73 114 18 292 190 39 157 191 216 360 106 248 382 367 289 99 376 34 243 138 272 427 130 366 203 71 119 348 393 162 270 62 3 268 450 75 179 244 264 220 19 41 266 149 95 20 100 45 113 140 52 276 155 287 51 131 182 344 444 227 241 473 129 38 139 48 70 148 165 35 88 65 257 362 170 430 374 277 159 56 57 258 15 110 194 29 2 381 60 6 154 432 189 251 236 207 234 254 229 152 168 378 212 388 317 464 17 33 192 171 255 53 126 101 201 172 332 42 107 364 96 214 233 47 121 176 132 457 481 133 74 222 163 300 1 211 186 9 25 351 302 32 64 352 97 94 329 455 92 210 333 91 205 293 135 355 105 283 123 156 144 150 303 160 169 0 16 
255
158 103 420 353 271 337 365 11 117 14 370 80 63 7 174 183 247 208 306 83 480 281 350 40 61 104 265 93 37 228 120 347 433 21 142 440 173 5 273 375 58 86 90 199 218 69 188 209 124 307 108 494 202 49 54 147 175 4 401 44 412 377 311 380 66 185 161 336 279 153 59 379 421 36 193 87 206 326 305 24 177 200 341 146 299 30 31 112 27 78 84 22 145 8 73 114 18 292 190 39 157 191 216 360 106 248 367 289 99 376 34 243 138 272 427 130 366 203 71 119 348 393 270 62 3 268 450 75 179 244 264 220 19 41 266 149 95 20 100 45 113 140 52 287 155 51 131 182 344 444 227 241 473 129 139 38 48 70 148 165 35 88 65 257 362 170 430 374 277 159 56 57 258 15 110 194 29 2 381 60 6 154 432 189 251 236 207 234 254 229 152 168 378 212 388 317 464 17 33 192 171 255 53 126 101 201 172 332 42 107 364 96 214 233 47 121 176 132 457 481 133 74 222 163 300 1 211 186 9 25 351 302 32 64 352 455 94 329 92 333 91 293 135 355 105 283 123 156 144 150 303 160 169 0 16 
243
158 103 420 353 271 337 365 11 14 370 80 63 7 174 183 247 208 306 83 480 281 350 40 61 104 265 93 37 228 120 347 21 142 440 173 5 273 375 58 86 90 199 218 69 188 209 124 307 108 494 202 49 54 147 175 4 401 44 412 377 311 380 66 185 161 336 279 153 59 379 421 36 193 87 206 326 24 177 200 341 146 299 30 31 112 27 78 84 22 145 8 73 114 18 292 39 157 191 216 360 106 248 367 289 99 376 34 243 138 272 427 130 366 203 71 119 348 393 270 62 3 450 75 244 264 220 19 41 266 95 113 100 45 140 287 52 155 51 131 182 344 444 227 241 473 129 139 38 48 70 148 165 35 88 65 257 362 170 430 374 277 159 56 57 258 15 110 194 29 2 381 60 6 154 189 251 236 207 234 254 229 152 168 378 212 388 317 464 17 33 255 171 53 126 101 201 172 332 42 107 364 96 214 47 121 176 132 457 481 133 74 222 163 300 1 211 9 25 351 302 32 64 352 455 94 329 92 333 91 293 135 355 105 283 123 156 144 150 303 160 169 0 16 
236
158 103 353 271 337 365 11 14 370 80 63 7 174 183 247 208 83 281 350 40 61 104 265 93 37 228 120 347 21 142 440 173 5 273 375 58 86 90 199 69 188 209 124 307 108 494 202 49 54 147 175 4 401 44 412 377 311 380 66 185 161 336 279 153 59 379 421 36 193 87 206 326 24 177 200 341 146 299 30 31 112 27 78 22 145 8 73 114 18 292 39 157 191 216 360 106 248 367 289 99 376 34 243 138 272 427 130 366 203 71 119 348 393 270 62 3 450 75 244 264 220 41 266 95 113 100 45 140 52 155 51 131 182 344 444 227 241 473 129 139 38 48 70 148 165 35 88 65 257 362 170 430 374 277 159 56 57 258 15 110 194 29 2 381 60 6 154 189 251 236 207 234 254 229 152 168 378 212 388 317 464 17 33 255 171 53 126 101 201 172 332 42 107 364 96 214 47 121 176 132 457 481 133 74 222 163 300 1 211 9 25 351 302 32 64 352 455 94 329 92 333 91 293 135 355 105 283 123 156 144 150 303 160 169 0 16 
227
158 103 353 271 337 365 11 14 370 80 63 7 174 183 247 83 281 350 40 61 104 265 93 37 228 120 347 21 142 440 173 5 375 58 86 90 199 69 188 209 124 307 108 494 202 49 54 147 175 401 44 412 377 311 380 66 185 379 336 279 153 59 421 36 193 87 206 326 24 177 200 341 146 299 30 112 31 27 78 22 145 8 73 114 18 292 39 157 191 216 360 106 248 367 289 99 376 34 243 138 272 427 130 203 71 119 348 393 270 62 3 450 75 244 220 266 95 113 100 45 140 52 51 131 182 344 444 227 241 473 129 139 38 48 70 148 165 35 88 65 257 362 170 430 374 277 159 56 57 258 15 110 194 29 2 381 60 6 154 189 251 236 207 234 254 229 152 168 378 212 388 317 464 17 33 255 171 53 126 101 201 172 332 42 107 364 96 214 47 121 176 132 457 481 133 74 222 163 300 1 211 9 25 351 302 32 64 352 455 94 329 92 91 293 135 355 105 283 123 156 144 150 303 160 169 0 16 
218
158 103 353 271 337 365 11 14 370 80 63 7 174 183 247 83 281 350 40 61 104 265 93 37 228 120 347 21 142 440 173 5 375 58 86 90 199 69 188 209 124 307 108 494 202 49 54 147 175 401 44 412 377 311 380 66 185 379 336 279 153 59 421 36 193 87 206 326 24 177 200 341 146 299 30 112 27 78 22 145 8 73 114 18 292 39 157 191 216 360 106 248 367 99 376 34 243 138 272 427 130 203 71 119 393 270 62 3 450 75 244 220 95 113 45 140 52 51 182 344 444 227 241 473 129 38 48 70 148 165 35 88 65 257 362 170 430 374 277 159 56 57 258 15 110 194 381 2 29 60 6 154 189 251 236 207 234 254 152 168 378 212 388 317 464 17 33 255 171 53 126 101 201 172 332 42 107 364 96 214 47 121 176 132 457 481 133 74 222 163 300 1 211 9 25 351 302 32 64 352 455 94 329 92 91 293 135 355 105 283 156 144 150 303 160 169 0 16 
207
158 103 353 271 337 11 14 370 80 63 7 174 183 83 281 350 40 61 104 265 93 37 228 120 347 21 142 173 5 375 58 86 90 199 69 188 209 124 307 108 494 202 49 54 147 175 401 44 412 377 311 380 66 185 379 336 279 153 59 421 36 193 87 206 326 24 200 341 146 299 30 112 27 78 22 145 8 73 114 18 292 39 157 191 216 360 106 248 367 99 376 34 243 272 427 130 203 71 119 393 270 62 3 450 75 220 95 113 45 140 52 51 182 344 444 227 241 473 129 38 48 70 148 165 35 88 65 257 362 170 430 374 277 159 56 57 258 15 110 194 381 2 29 60 154 189 251 236 207 234 254 152 168 378 212 388 317 464 17 33 255 171 53 126 101 201 172 332 42 364 96 214 47 121 176 132 457 481 74 163 300 1 211 25 9 351 302 32 64 352 455 329 92 91 293 135 355 105 283 156 144 150 303 160 169 0 16 
198
158 103 271 337 11 14 370 80 63 7 174 183 83 281 350 40 61 104 265 93 37 228 120 347 21 142 173 5 375 58 86 90 199 69 188 209 124 307 108 202 49 54 175 401 44 412 377 311 380 66 185 379 336 279 153 59 421 36 193 87 206 326 24 200 341 146 299 30 112 27 78 22 145 8 73 114 18 292 39 157 191 216 360 106 248 367 99 376 34 243 272 427 130 203 71 119 393 270 62 3 450 75 220 95 113 45 140 52 51 182 344 444 227 241 473 129 38 48 70 148 165 35 88 65 257 362 170 430 374 277 159 56 57 258 15 110 194 381 2 29 60 154 189 251 236 254 234 152 168 378 212 388 317 464 17 33 255 171 53 126 101 201 172 332 42 364 96 47 121 176 132 457 481 74 163 300 1 211 25 9 351 302 64 352 455 329 92 293 135 105 283 156 144 150 303 160 169 16 
194
158 103 271 337 11 14 370 80 63 7 174 183 83 281 350 40 61 104 265 93 37 228 120 21 142 173 5 375 58 86 90 199 69 188 209 124 307 108 202 49 54 175 401 412 377 311 380 66 185 379 336 279 153 59 421 36 193 206 87 326 24 200 341 146 299 30 112 27 78 22 145 8 73 114 18 292 39 157 191 216 360 106 248 367 99 376 34 243 272 427 130 203 71 119 393 270 62 450 75 220 95 113 45 140 52 51 182 344 444 227 241 473 129 38 48 70 148 165 35 88 65 257 362 170 430 374 277 159 56 57 258 15 110 194 381 2 29 60 154 189 251 236 254 234 152 168 378 212 388 317 464 17 33 255 171 53 126 101 201 172 332 42 364 96 47 121 176 132 457 481 74 163 300 211 25 9 351 302 64 352 455 329 92 293 135 105 283 156 144 150 303 160 169 16 
183
158 103 271 337 11 14 370 80 63 7 174 183 83 281 350 40 61 104 265 93 228 120 21 142 173 5 375 58 90 199 69 188 209 124 307 108 202 49 54 175 412 377 311 380 66 185 379 336 279 153 59 421 36 193 206 326 24 200 341 146 299 30 112 27 78 22 145 8 114 18 292 39 157 191 216 360 106 248 367 99 376 34 243 272 427 130 203 71 119 393 270 62 450 220 95 113 45 140 52 51 182 344 444 227 241 473 129 38 48 70 148 165 35 88 65 257 362 170 430 374 277 159 56 57 258 15 110 194 381 2 60 154 189 251 236 234 152 378 212 388 317 464 17 33 255 171 53 126 101 201 172 332 42 364 96 47 121 176 132 457 481 74 163 300 211 25 351 302 64 352 455 329 92 293 105 283 156 144 150 303 160 169 16 
178
158 103 271 337 11 14 370 80 63 7 174 183 83 281 350 40 61 104 265 93 228 120 21 142 173 5 375 58 90 199 69 188 209 124 307 108 202 49 54 175 412 377 311 380 66 185 379 336 279 153 59 421 36 193 206 326 24 200 341 146 299 30 112 27 78 22 145 8 114 18 292 39 157 191 216 360 106 248 367 99 376 34 272 427 130 203 71 119 393 270 450 220 95 113 45 140 51 182 344 444 241 473 129 38 48 70 148 165 35 88 65 257 362 170 430 374 277 159 56 57 258 15 110 194 381 2 60 154 189 251 236 234 152 378 212 388 317 464 17 33 255 171 53 126 101 172 332 42 364 96 47 121 176 132 457 481 74 163 300 211 25 351 302 64 352 455 329 92 293 105 283 156 144 150 303 160 169 16 
172
158 103 271 337 11 14 370 80 63 7 174 183 83 281 350 40 61 104 265 93 228 120 21 142 173 58 90 199 69 188 209 124 307 108 202 49 54 175 412 377 311 380 66 185 379 336 279 153 59 421 36 193 206 326 24 200 341 146 299 30 112 27 78 22 145 8 114 18 292 39 157 191 216 360 106 248 367 99 376 34 272 427 130 203 71 119 393 270 220 95 113 45 140 51 344 444 241 473 129 38 48 70 148 165 35 88 65 257 362 170 430 374 277 159 56 57 258 15 110 194 381 2 60 154 189 251 236 234 378 212 388 317 464 17 33 255 171 126 101 172 332 42 364 96 47 121 176 132 457 481 74 163 300 211 25 351 302 64 352 455 329 92 293 105 283 156 144 150 303 160 169 16 
