17
402
172 263 261 310 379 349 82 47 43 88 345 179 275 419 148 57 327 477 53 191 308 116 164 298 95 478 77 91 343 214 299 480 178 160 71 101 241 35 174 225 74 393 51 123 5 2 439 118 151 181 311 288 454 342 450 453 399 226 458 238 120 282 138 171 142 211 58 253 423 22 131 163 128 319 228 300 354 346 14 170 221 291 28 278 240 212 213 251 426 381 387 127 268 296 69 65 415 422 398 427 482 165 180 219 106 432 156 485 375 283 11 16 46 491 459 475 59 359 154 315 305 162 285 287 362 185 173 190 68 145 208 411 152 38 332 195 385 137 167 333 367 350 119 66 394 301 259 255 429 265 19 139 320 281 8 86 220 363 483 23 175 258 496 416 376 428 316 224 141 104 124 229 248 306 276 206 81 3 203 409 17 56 246 134 33 36 80 144 364 30 266 166 10 460 447 0 479 26 79 244 177 405 12 102 210 129 187 157 384 245 29 37 189 27 121 96 126 284 249 93 24 386 78 136 481 44 307 207 462 314 243 340 146 41 90 105 353 217 286 183 150 112 117 366 110 168 76 87 132 257 417 62 158 383 25 400 355 64 430 83 484 186 111 72 48 153 455 202 344 133 347 198 358 260 13 312 115 304 107 232 159 227 182 279 326 84 418 140 274 15 402 199 222 50 125 200 215 193 239 273 18 325 89 52 277 20 262 60 264 49 94 270 204 100 271 85 40 98 176 267 378 297 184 339 194 34 209 32 242 230 1 70 216 360 234 192 373 130 143 205 9 254 397 256 382 75 73 103 372 21 114 54 109 122 188 233 61 368 236 223 4 421 196 414 45 99 290 108 63 97 331 55 149 250 351 390 201 155 235 231 237 218 42 470 135 6 147 67 169 280 406 92 7 161 31 269 404 303 396 39 395 289 
394
172 263 261 310 379 349 47 43 88 345 179 275 419 148 57 327 477 53 191 308 116 164 298 95 478 77 91 343 214 299 480 178 160 71 101 241 35 174 225 74 393 51 123 5 2 439 118 151 181 311 288 454 342 450 453 399 226 458 238 120 282 138 171 142 211 58 253 423 22 131 163 128 319 228 300 354 346 14 170 221 291 28 278 240 212 213 251 426 381 387 127 268 296 69 65 415 422 398 427 482 165 180 219 106 432 156 485 375 283 11 16 46 491 459 475 59 359 154 315 305 285 287 362 185 173 190 68 145 208 411 152 38 332 195 385 137 167 333 367 350 119 66 394 301 259 255 429 265 19 139 320 281 86 8 220 363 483 23 175 258 496 416 376 428 316 224 141 104 124 229 306 276 206 81 3 203 409 17 56 246 134 33 36 80 144 364 30 266 166 10 460 447 0 26 79 244 177 405 12 102 210 129 187 157 384 245 29 37 189 27 121 96 126 284 249 93 24 386 78 481 44 307 207 462 314 243 340 146 41 90 105 353 217 286 183 150 112 117 366 110 168 76 87 132 257 417 62 158 383 25 400 355 64 430 83 484 186 111 72 48 153 455 202 344 133 347 358 260 13 312 115 304 107 232 159 227 182 326 279 84 418 140 274 15 402 199 222 50 125 200 215 193 239 273 18 325 89 52 20 262 264 49 94 270 204 100 271 85 40 98 176 267 378 297 184 339 194 34 209 32 242 230 1 70 216 360 234 192 373 130 143 205 9 254 397 256 382 75 73 103 372 21 114 54 109 122 188 233 61 368 236 223 4 421 196 414 45 99 290 108 63 97 331 55 149 250 351 390 201 155 235 231 237 218 42 470 135 6 147 67 169 280 406 92 7 161 31 269 404 303 396 39 395 289 
383
172 263 261 310 379 349 47 43 88 345 179 275 419 148 57 327 477 53 191 308 116 164 298 95 478 77 91 214 299 480 178 160 71 101 241 35 174 225 74 393 51 123 5 2 439 118 151 181 311 288 454 342 450 453 399 226 458 238 120 282 138 171 142 211 58 253 423 22 131 163 128 319 300 354 346 14 170 221 291 28 278 240 212 213 251 426 381 387 127 268 296 69 65 422 398 427 482 165 180 219 106 432 156 485 375 283 11 16 46 491 459 475 59 359 154 315 305 285 287 362 185 173 190 68 145 208 411 152 38 332 195 385 137 167 333 367 350 119 66 301 259 255 429 265 19 139 320 281 86 8 220 363 483 23 175 258 496 416 376 428 316 224 141 104 124 229 306 276 206 81 3 203 409 17 56 246 134 33 36 80 144 364 30 266 166 10 447 0 26 244 177 405 12 102 210 129 187 384 245 29 37 189 27 121 96 126 284 249 93 24 386 78 481 44 307 207 462 314 243 340 146 41 90 105 353 217 286 183 150 112 117 366 110 76 87 132 257 417 62 158 383 25 400 355 64 430 83 484 186 111 72 48 153 455 202 344 133 347 358 260 13 312 115 304 107 232 159 227 182 326 279 84 418 140 15 402 199 222 50 125 200 215 193 239 273 18 325 89 52 20 262 264 49 94 270 204 100 271 85 40 98 176 267 378 297 184 339 194 34 209 32 242 230 1 70 216 234 192 373 130 143 205 9 254 397 256 382 75 73 103 372 21 114 54 109 122 188 233 61 368 236 223 4 421 196 414 45 99 290 108 63 97 331 55 149 250 351 390 201 155 235 231 237 218 42 470 135 6 147 67 169 280 406 92 7 161 31 269 303 396 39 395 289 
374
172 263 261 310 379 349 47 43 88 345 179 275 419 148 57 327 477 53 191 308 116 164 298 95 478 77 91 214 299 480 178 160 71 101 241 35 174 225 74 393 51 123 5 2 439 118 151 181 311 288 454 342 450 453 399 226 458 238 120 282 138 171 142 211 58 253 423 22 131 163 128 319 300 354 346 14 170 221 291 28 278 240 212 213 251 426 381 387 127 268 296 69 65 422 398 427 482 165 180 219 106 432 156 485 375 11 16 46 491 459 475 59 359 154 315 305 285 287 362 185 173 190 68 145 208 411 152 38 332 195 385 137 167 333 367 350 119 66 301 259 255 429 265 19 139 320 281 86 8 220 363 483 23 175 258 496 416 376 428 316 224 141 104 124 229 306 276 206 81 3 203 409 17 56 134 33 36 80 144 364 30 266 166 10 447 0 26 244 177 405 12 102 210 129 187 384 245 29 37 189 27 121 96 126 249 93 24 386 78 481 44 307 462 314 243 146 41 90 105 353 217 286 183 150 112 117 366 110 76 87 132 257 417 62 158 383 25 400 355 64 430 83 484 186 111 72 48 153 455 202 344 133 358 260 13 312 115 304 107 232 159 227 182 326 279 84 418 140 15 402 199 222 50 125 200 215 193 239 273 18 325 89 52 20 262 264 49 270 204 100 271 85 40 98 176 267 378 297 184 339 194 34 209 32 242 230 1 70 216 234 192 373 143 205 9 254 397 256 382 75 73 103 372 21 114 54 109 122 233 188 61 368 236 223 4 421 196 414 45 99 290 63 97 331 55 149 250 351 390 201 155 235 231 237 218 42 470 135 6 147 67 169 280 406 92 7 161 31 269 303 396 39 395 289 
366
172 263 261 310 379 349 47 43 88 345 179 275 419 148 57 327 477 53 191 308 116 164 298 95 478 77 91 214 299 480 178 160 71 101 241 35 174 225 74 393 51 123 5 2 439 118 181 311 288 454 342 450 453 399 226 458 238 120 282 138 171 142 58 253 423 22 131 163 128 319 300 354 346 14 170 221 291 28 278 240 212 213 251 426 381 127 268 296 69 65 422 398 427 482 165 180 219 106 432 156 485 375 11 16 46 491 459 475 59 359 154 315 305 285 362 185 173 190 68 145 208 411 152 38 332 195 385 137 167 333 367 350 119 66 301 259 255 429 265 19 139 320 281 86 8 220 363 483 23 175 258 496 416 376 428 316 224 141 104 124 229 306 276 206 81 3 203 409 17 56 134 33 36 80 144 364 266 166 10 447 0 26 244 177 405 12 102 210 129 187 384 245 29 37 189 27 121 96 126 249 93 24 386 78 481 44 307 462 314 243 146 41 90 105 353 217 286 183 150 112 117 366 110 76 87 132 257 417 62 158 383 25 400 355 64 430 83 484 186 111 72 48 153 455 202 344 133 358 260 13 312 115 304 107 232 159 227 182 326 279 84 418 140 15 402 199 222 50 125 200 215 193 239 273 18 325 89 52 20 262 264 49 270 204 100 271 85 40 98 176 267 378 297 184 339 194 34 209 32 242 230 1 70 216 234 192 143 205 9 254 397 256 382 75 73 103 372 21 114 54 109 122 233 188 61 368 236 223 4 421 196 414 45 290 63 97 331 149 250 351 390 201 155 235 231 237 218 42 470 135 6 147 67 169 280 406 92 7 161 31 269 303 396 39 395 289 
358
172 263 310 261 379 349 47 43 88 345 179 275 419 148 57 327 477 53 191 308 116 164 298 95 478 77 91 214 299 480 178 160 71 101 241 35 174 225 74 393 51 123 5 2 439 118 181 311 288 454 342 450 453 399 226 458 238 120 282 138 171 142 58 253 423 22 131 163 128 319 300 354 346 14 170 221 291 28 278 240 212 213 251 426 381 127 268 296 69 65 422 398 427 482 165 180 219 106 432 156 485 375 11 16 46 491 459 59 359 154 315 305 285 362 185 173 190 68 145 208 411 152 38 332 195 385 137 167 333 367 350 119 66 301 259 255 429 265 19 139 320 281 86 8 220 363 483 23 175 258 496 416 376 428 316 224 141 104 124 229 306 276 206 81 3 203 409 17 56 134 33 36 80 144 364 266 166 10 447 0 26 244 177 405 12 102 210 129 187 384 245 29 37 189 27 121 96 126 249 93 24 386 78 481 44 307 462 314 243 146 41 90 105 353 217 286 183 150 112 117 110 76 87 132 257 417 62 158 383 25 400 355 64 430 83 484 186 111 72 48 153 455 202 344 133 358 260 13 312 115 304 107 232 159 227 182 326 279 84 418 140 15 402 199 222 50 125 200 215 193 239 273 18 89 52 20 264 49 270 204 100 85 40 98 176 267 378 297 184 339 194 34 209 32 242 230 1 70 216 234 192 143 205 9 254 397 256 75 73 103 372 21 114 54 109 122 233 188 61 368 236 223 4 196 414 45 290 63 97 331 149 250 351 201 155 235 231 237 218 42 470 135 6 147 67 169 280 406 92 7 161 31 269 303 396 39 395 289 
350
172 263 310 261 379 349 47 43 88 345 179 275 419 148 57 327 477 53 191 308 116 164 298 95 478 77 91 214 480 178 160 71 101 241 35 174 225 74 393 51 123 5 2 439 118 181 311 288 454 342 450 453 399 226 458 238 120 282 138 171 142 58 253 423 22 131 163 128 319 300 354 346 14 170 221 291 28 278 240 212 213 251 426 381 127 268 296 69 65 422 398 427 482 165 180 219 106 432 156 485 375 11 16 46 491 459 59 359 154 315 305 285 362 185 173 190 68 145 208 411 152 38 332 195 385 137 167 333 367 350 119 66 301 259 255 429 265 19 139 320 281 86 8 220 363 483 23 175 258 496 416 376 428 316 224 104 124 229 306 276 206 81 3 203 409 17 56 134 33 36 80 364 266 166 10 447 0 26 244 177 405 12 102 210 129 187 384 245 29 37 189 27 121 126 249 93 24 386 78 481 44 307 462 314 243 146 41 105 353 217 286 183 150 112 117 110 76 87 132 257 417 62 158 383 25 400 355 64 430 83 484 186 111 72 48 153 455 202 344 133 358 260 13 312 115 304 107 232 159 227 182 326 279 84 418 140 15 402 199 222 50 125 200 215 193 239 273 89 52 20 264 49 270 204 100 85 40 98 176 267 378 297 184 339 194 34 209 32 242 230 1 70 216 234 192 143 205 9 254 397 256 75 73 103 372 114 54 109 122 233 188 61 368 236 223 4 196 414 45 290 63 97 331 149 250 351 201 155 235 231 218 42 470 135 6 147 67 169 280 406 92 7 161 31 269 303 396 39 395 289 
339
172 263 310 261 379 349 47 43 88 345 179 275 419 148 57 327 477 53 191 308 116 164 298 95 478 77 91 214 480 178 160 71 101 241 35 174 225 74 393 51 123 5 2 439 118 181 311 288 454 342 450 453 399 226 458 238 120 282 138 171 142 58 253 423 22 131 163 128 319 300 354 346 14 170 221 291 28 278 240 212 213 426 381 127 268 69 65 422 398 427 482 165 180 219 106 432 156 485 375 11 16 46 491 459 59 359 154 315 305 285 362 185 173 190 68 145 208 152 38 332 195 385 137 167 333 350 119 66 301 259 255 429 265 19 139 320 281 86 8 220 363 483 23 175 258 496 416 376 428 316 224 104 124 229 306 276 206 81 3 203 409 17 56 134 33 36 80 364 266 166 10 447 0 26 244 177 405 12 102 210 129 187 384 245 37 189 27 121 126 249 93 24 78 481 44 307 462 314 243 146 41 353 217 286 183 150 112 117 110 76 87 132 257 417 62 158 383 25 400 355 64 430 83 484 186 72 48 153 455 202 344 133 358 260 13 312 115 304 107 232 159 227 182 326 279 84 418 140 15 402 199 222 125 200 215 193 239 273 89 52 20 264 49 270 204 100 85 40 98 176 267 297 184 339 194 34 209 32 242 230 1 70 216 234 192 143 205 9 254 397 256 75 73 103 372 114 54 109 122 233 188 61 368 236 223 4 196 414 45 290 63 97 331 149 250 351 201 155 235 231 218 42 470 135 6 147 67 169 280 406 92 7 161 31 269 303 396 395 289 
330
172 263 310 261 379 349 47 43 88 345 179 419 148 57 327 477 53 191 308 116 164 298 95 478 77 91 214 480 178 160 71 101 241 35 174 225 74 393 51 123 5 2 439 118 181 311 288 454 342 450 453 399 226 458 238 120 282 138 171 142 58 253 22 131 163 128 319 300 354 346 14 170 221 291 28 278 240 212 213 426 127 268 65 422 398 427 482 165 180 219 106 432 156 485 375 11 16 46 491 459 59 359 154 315 305 285 362 185 173 190 68 145 208 152 38 332 195 385 137 167 333 350 66 301 259 255 429 265 19 139 320 281 86 8 220 363 483 23 175 258 496 416 376 428 316 224 104 124 229 306 276 206 81 3 203 409 17 56 134 33 36 80 364 266 166 10 447 0 26 244 177 12 102 210 129 187 384 245 37 189 27 121 126 249 93 24 78 481 44 307 462 314 243 146 41 353 217 286 150 112 117 110 76 87 132 257 417 62 158 383 25 400 355 64 430 83 484 186 72 48 153 455 202 344 133 358 260 13 312 115 304 107 232 159 227 182 326 279 84 418 140 15 402 199 222 125 200 215 193 239 273 89 52 20 264 49 270 204 100 85 40 98 176 267 297 184 339 194 34 209 32 242 230 1 70 216 234 192 143 205 9 254 397 256 75 73 103 372 114 54 109 233 188 61 368 236 223 4 196 414 45 290 63 97 331 149 250 351 201 155 235 231 218 42 470 135 6 147 67 169 280 406 92 7 161 31 269 303 396 395 
323
172 263 310 261 379 349 47 43 88 345 179 419 148 57 327 477 53 191 308 116 164 298 95 478 77 91 214 480 178 160 71 101 241 35 174 225 74 393 51 123 5 2 439 118 311 288 454 342 450 453 399 226 458 238 120 282 138 171 142 58 253 22 131 163 128 319 300 354 346 14 170 221 291 28 278 240 212 213 426 127 268 65 422 398 427 482 165 180 219 106 432 156 485 375 11 16 46 491 459 59 359 315 305 285 362 185 173 190 68 145 208 152 38 332 195 137 167 333 350 66 301 259 255 429 265 19 139 320 281 86 8 220 363 483 23 175 258 496 416 376 428 316 224 104 124 229 306 276 206 81 3 203 409 17 56 134 33 36 80 364 266 166 10 447 0 26 244 177 12 102 210 129 187 384 245 37 189 27 121 126 249 93 24 78 481 44 307 462 314 243 41 353 217 286 150 112 117 110 76 87 132 257 417 62 158 383 25 400 355 64 430 83 484 72 48 153 455 202 344 133 358 260 13 312 115 304 107 232 159 227 182 326 279 84 418 140 15 402 199 222 125 200 215 193 239 273 52 20 264 49 270 204 100 85 40 98 176 267 297 184 339 194 34 209 32 242 230 1 70 234 192 143 205 9 254 397 256 75 73 103 372 114 54 109 233 188 61 368 236 223 4 196 414 45 290 63 97 331 149 250 351 201 155 235 231 218 42 470 135 6 147 67 169 280 406 92 7 161 31 269 303 396 395 
312
172 263 310 261 379 349 47 43 88 345 179 419 148 57 327 477 53 191 308 116 164 298 95 478 77 91 480 178 160 71 101 241 35 174 225 74 393 51 123 5 2 439 118 311 288 454 342 450 453 399 226 458 238 120 282 138 171 142 58 253 22 131 163 128 319 300 354 346 14 170 221 291 28 278 240 212 213 426 127 268 65 422 398 427 482 165 180 219 106 432 156 485 375 11 16 46 491 459 59 359 315 305 285 362 185 173 190 68 145 208 152 38 332 195 137 167 333 350 66 301 259 255 429 265 19 139 320 281 86 8 220 363 23 175 258 496 416 376 428 316 224 104 124 229 306 276 206 81 3 203 409 17 56 134 33 36 80 364 266 166 10 447 0 26 244 177 12 102 210 129 187 384 245 37 189 27 121 126 249 93 24 78 481 44 307 462 314 243 41 353 217 286 150 112 117 110 76 87 132 257 417 62 158 383 25 400 64 83 484 72 48 153 202 344 133 358 260 13 312 115 304 107 232 159 227 326 279 84 418 140 15 402 199 222 125 200 215 193 239 273 52 20 264 49 270 204 100 85 40 98 176 267 297 184 339 194 209 32 230 1 70 234 192 143 205 9 254 397 256 75 73 103 372 54 109 233 188 61 368 236 223 4 196 414 45 290 63 97 331 149 250 351 201 155 235 231 218 42 470 135 6 147 67 169 280 406 92 7 161 269 303 395 
303
129 52 172 187 432 263 20 384 310 261 379 156 349 245 485 375 264 49 47 43 11 16 37 88 204 270 46 189 491 345 179 459 419 148 27 121 59 85 359 57 40 98 126 315 249 93 176 305 327 267 24 285 362 297 184 185 339 173 190 194 477 53 68 78 145 481 44 209 32 307 191 314 462 208 116 164 298 152 95 478 243 38 91 41 77 496 332 195 230 1 137 70 480 167 178 333 160 353 217 286 71 350 234 192 101 241 35 150 174 66 225 112 74 117 301 143 259 205 255 123 9 429 51 265 308 19 139 254 5 397 256 110 320 281 76 2 87 132 86 118 8 257 417 75 62 73 158 220 103 311 372 25 383 400 54 288 363 454 342 450 453 64 399 109 226 23 175 458 238 233 188 120 258 61 282 416 83 138 376 428 171 223 236 484 368 316 4 142 72 48 224 153 104 196 202 124 414 45 229 344 133 306 276 58 290 206 63 253 22 97 3 131 163 203 331 128 17 409 319 56 260 13 149 250 300 312 115 354 346 134 36 80 304 107 14 159 351 201 227 364 155 170 326 235 279 231 221 291 266 166 28 10 218 278 84 418 140 15 240 212 402 42 213 470 135 147 447 426 199 0 67 280 222 406 26 92 127 7 161 269 268 125 303 65 200 244 215 177 398 422 427 482 193 239 395 12 273 102 165 180 219 210 106 
293
129 52 172 187 432 263 20 384 310 261 379 156 349 245 485 375 264 49 47 43 11 16 37 88 204 270 46 189 491 345 179 459 419 148 27 121 59 85 359 57 40 98 126 315 249 93 176 305 327 267 24 285 362 297 184 185 339 173 190 194 477 53 68 78 145 481 44 209 32 307 191 314 462 208 116 164 298 152 95 478 243 38 91 41 77 496 332 195 230 1 137 70 480 167 178 333 160 353 217 286 71 350 234 192 241 35 150 174 66 225 112 74 117 301 143 259 205 255 123 9 429 51 265 308 19 139 254 5 397 256 110 320 281 76 2 87 132 86 118 8 257 417 75 62 73 158 220 103 311 372 25 383 400 54 288 363 454 342 450 453 64 109 226 23 175 458 238 233 188 120 258 61 282 416 83 138 376 368 171 223 236 484 316 4 142 72 48 224 153 104 196 202 124 414 45 229 344 133 306 276 58 290 206 63 253 22 97 3 131 163 203 409 128 17 319 56 300 13 149 250 312 354 115 260 346 134 36 80 304 107 159 351 201 227 364 155 170 326 235 279 231 221 291 266 166 28 10 218 278 84 418 140 15 240 212 402 42 213 470 135 147 447 426 199 0 67 222 406 92 127 7 161 269 268 125 303 65 200 244 215 177 422 427 482 239 395 12 273 102 165 180 210 106 
286
129 52 172 187 432 263 20 384 310 261 379 156 349 245 485 375 264 49 47 43 11 16 37 88 204 270 46 189 491 345 179 459 419 148 27 121 59 359 57 40 98 126 315 249 93 176 305 327 267 24 285 362 297 184 185 339 173 190 194 477 53 68 78 145 481 44 209 32 307 191 314 462 208 116 164 298 152 95 478 243 38 77 41 332 195 230 1 137 480 167 178 333 160 353 217 286 71 350 234 192 241 35 150 174 66 225 112 74 117 301 143 259 205 255 123 9 429 51 265 308 19 139 254 5 397 256 110 320 281 76 132 2 87 86 118 8 257 417 75 62 73 220 103 311 372 25 383 400 54 288 363 454 342 450 453 64 109 226 23 175 458 238 233 188 120 258 61 496 416 83 138 376 368 171 223 484 316 4 142 72 48 224 153 104 196 202 124 414 45 229 344 133 306 276 290 58 206 63 253 22 97 3 131 163 203 409 128 17 319 56 300 13 149 250 312 354 115 260 346 134 36 80 304 107 159 351 227 364 155 170 326 235 279 231 221 291 266 166 28 10 218 278 84 418 140 15 240 212 402 42 213 470 135 147 447 426 199 0 67 222 406 92 127 7 161 269 268 125 303 65 200 244 215 177 422 427 482 239 395 12 273 102 165 180 210 106 
277
129 52 172 187 263 20 384 310 261 379 156 349 245 485 375 264 49 47 43 11 88 37 204 270 46 189 491 345 179 419 148 27 121 59 359 57 40 98 126 315 249 93 176 305 327 267 24 285 362 297 184 185 339 173 190 194 477 53 68 78 145 481 44 209 32 307 191 314 462 208 116 164 298 152 95 478 243 38 77 41 332 195 230 1 137 480 167 178 333 160 353 217 286 71 350 234 192 241 35 150 174 66 225 112 74 117 301 143 259 205 255 123 9 429 265 308 19 139 254 397 256 110 320 281 76 132 2 87 86 118 8 257 417 75 62 73 220 103 311 372 25 383 400 54 288 363 454 342 450 453 64 109 226 23 175 458 238 233 188 120 258 61 496 416 83 138 376 368 171 223 484 316 4 142 72 48 224 153 196 202 414 124 45 229 344 133 306 276 290 58 206 63 253 22 97 3 131 163 203 409 128 17 319 56 300 13 149 250 312 354 115 260 346 134 36 80 304 107 159 227 364 155 170 279 235 231 221 291 266 166 28 10 218 278 84 418 140 15 240 212 402 42 213 135 147 447 426 199 0 67 222 406 92 127 7 161 269 268 125 303 65 200 244 215 177 422 427 482 239 395 12 273 102 165 180 210 106 
268
129 52 172 187 263 20 384 310 261 379 156 349 245 485 375 264 49 47 43 11 88 37 204 270 46 189 491 345 419 148 27 121 59 359 57 40 98 315 249 93 176 305 327 267 24 285 362 297 184 185 339 173 190 194 477 53 68 78 145 481 44 209 32 307 191 314 208 308 116 164 298 152 95 478 243 38 77 41 332 195 230 1 137 480 167 178 333 160 353 217 286 71 350 234 192 241 35 150 174 66 225 112 74 143 259 205 255 123 9 429 265 19 139 254 397 256 110 320 281 76 132 2 87 86 118 8 257 417 75 62 73 220 103 372 383 25 400 54 288 363 454 342 450 453 64 109 226 23 175 458 238 233 188 120 258 61 496 416 83 138 376 368 171 223 484 316 4 142 72 48 224 153 202 414 124 45 229 344 133 306 276 290 58 206 63 253 22 97 131 163 203 409 128 17 319 56 300 13 149 312 354 260 115 346 134 36 80 304 107 159 227 364 155 170 279 235 231 221 291 266 166 28 10 218 278 84 418 140 15 240 212 402 42 213 135 147 447 426 199 0 67 222 406 92 127 7 161 269 268 125 303 65 200 244 215 177 422 427 482 239 395 12 273 102 165 180 210 106 
254
129 52 172 187 263 20 384 310 261 379 156 349 245 485 264 49 43 11 88 37 270 46 189 491 345 419 148 27 121 59 359 57 40 98 315 249 93 176 305 327 267 24 285 362 297 184 185 339 173 190 194 477 53 68 78 145 481 44 209 32 307 191 314 208 308 116 164 298 152 95 478 243 38 77 41 332 195 230 1 137 480 167 178 333 160 353 217 286 71 350 234 192 241 35 150 174 66 225 112 143 259 205 255 123 9 429 265 19 139 254 397 256 110 320 281 76 132 2 87 86 118 8 257 417 75 62 73 220 103 372 383 25 400 54 288 363 454 342 450 453 64 109 23 175 458 238 233 188 120 258 61 496 416 83 138 376 368 171 223 484 4 142 72 48 224 153 202 414 124 45 344 133 276 290 58 206 63 253 22 97 131 163 203 409 128 17 319 56 300 13 149 312 354 260 115 346 134 36 80 304 107 159 227 364 155 170 279 235 231 221 291 166 28 10 218 278 84 140 15 240 212 42 213 135 147 447 426 199 0 67 222 406 92 161 268 125 303 65 200 244 215 177 422 427 482 239 395 12 273 102 165 180 210 106 
