17
367
344 149 171 46 107 42 309 116 392 370 398 178 124 447 26 64 9 287 241 68 22 202 103 63 163 77 143 10 416 114 184 315 414 62 236 73 75 78 274 198 195 279 181 88 4 217 313 133 407 47 268 227 443 402 74 123 35 180 54 13 386 211 137 24 110 102 16 128 79 53 120 105 194 37 76 288 395 84 146 14 325 359 18 45 316 41 238 234 29 296 145 290 57 86 380 465 321 52 242 276 220 212 322 90 307 167 132 152 20 231 261 400 204 368 197 147 27 115 295 67 222 230 424 165 455 59 377 92 162 58 34 51 179 0 280 269 43 2 186 140 23 151 375 243 127 170 82 208 300 126 228 308 403 233 168 473 81 207 56 17 172 176 55 265 303 240 229 216 394 272 461 260 340 36 339 190 477 354 381 448 388 48 156 283 232 100 286 472 144 135 189 66 215 396 247 378 423 203 15 119 324 389 505 141 422 19 38 319 129 12 393 8 191 209 214 285 83 264 382 364 311 253 255 153 390 213 104 138 425 342 40 154 517 89 357 101 97 169 237 526 28 72 150 248 175 125 30 334 95 183 44 273 160 487 108 39 131 278 155 259 166 164 224 174 196 239 310 429 106 91 60 50 328 7 369 85 199 70 361 136 235 349 206 21 87 117 358 148 32 31 312 142 292 5 3 411 297 223 306 225 250 122 69 251 65 205 99 118 112 139 226 161 218 219 365 188 391 187 347 121 200 177 182 383 33 387 302 109 25 275 98 49 93 130 185 134 397 337 210 1 159 6 96 485 192 346 201 360 327 493 299 113 221 267 158 338 193 80 111 522 157 71 326 11 419 61 356 
357
344 149 171 46 107 42 309 116 392 370 398 178 124 26 64 9 287 241 68 22 202 103 63 163 77 143 10 416 114 184 315 414 62 236 73 75 78 274 198 195 279 181 88 4 217 313 133 407 47 268 227 443 402 74 123 35 180 54 13 386 211 137 24 110 102 16 128 79 53 120 105 194 37 76 288 395 84 146 14 325 359 18 45 316 41 238 234 29 296 145 290 57 86 380 465 321 52 242 276 220 212 322 90 307 132 152 20 231 261 400 204 368 197 27 115 295 67 222 230 424 165 455 59 377 92 162 58 34 51 179 0 280 269 43 2 186 140 23 151 375 243 127 170 82 208 300 126 228 308 403 233 168 81 207 56 17 172 176 55 265 303 240 229 216 394 272 461 340 36 339 190 477 354 381 448 388 48 156 283 232 100 286 472 144 135 189 66 215 396 247 378 423 203 15 119 324 389 505 141 422 19 38 319 129 12 393 8 191 209 214 285 83 264 382 364 311 253 255 153 390 213 104 138 425 342 40 154 517 89 357 101 169 237 526 28 72 150 248 175 125 30 334 95 183 44 273 160 487 108 39 131 278 155 259 166 164 224 174 196 239 310 429 106 91 60 50 328 7 369 85 70 361 136 235 349 206 21 87 117 358 148 32 31 312 142 292 5 3 411 297 223 306 225 250 122 69 251 65 205 99 118 112 139 161 218 219 365 188 391 187 347 121 177 182 383 33 387 302 109 25 275 98 49 93 130 185 134 397 337 1 159 6 96 485 192 346 201 360 327 493 299 113 221 267 158 338 193 80 111 522 157 71 326 11 419 61 356 
344
344 149 171 46 107 42 309 116 392 370 398 178 124 26 64 9 287 241 68 22 202 103 63 77 143 10 416 114 315 414 62 73 75 78 274 198 195 279 181 88 4 217 313 133 407 47 268 227 443 402 74 123 35 180 54 13 386 211 137 24 102 16 128 79 53 120 105 194 37 76 288 395 84 146 14 325 359 18 45 41 238 234 29 296 145 290 57 86 380 465 52 242 276 220 212 322 90 307 132 152 20 231 261 400 204 368 197 27 115 295 67 222 230 424 165 455 59 377 92 162 58 34 51 179 0 280 43 186 2 269 140 23 151 375 243 127 170 82 208 300 126 228 308 403 233 168 81 207 56 17 172 176 55 265 303 240 229 216 394 272 461 340 36 339 190 477 354 381 388 48 156 283 232 100 286 472 144 135 66 215 396 247 378 423 203 119 324 389 505 141 422 19 38 319 129 12 393 8 191 209 214 285 83 264 382 364 311 253 255 153 390 213 104 138 425 342 40 154 517 89 357 101 169 237 526 28 72 150 248 175 125 30 334 95 183 44 273 160 487 108 39 131 278 155 259 166 164 224 174 196 310 429 106 91 60 50 328 7 369 85 70 361 136 235 349 206 21 87 117 358 148 31 312 142 292 5 3 411 297 223 306 225 250 122 69 251 65 205 99 118 112 139 161 218 219 365 188 391 187 347 121 177 182 33 387 302 109 25 98 49 93 130 185 134 397 337 1 159 6 96 485 192 346 201 360 327 493 299 113 221 267 158 338 193 80 111 522 157 71 326 11 419 61 356 
336
344 149 171 46 107 42 309 116 392 370 398 178 124 26 64 9 241 68 22 202 103 63 77 143 10 416 114 315 414 62 73 78 75 274 198 195 279 181 88 4 217 313 133 47 268 227 443 402 74 123 35 180 54 13 386 211 137 24 16 128 79 53 120 105 194 37 76 288 395 84 146 14 325 359 18 45 41 238 234 29 296 145 290 57 86 380 465 52 242 276 220 212 322 90 307 132 152 20 231 261 400 368 197 27 115 295 67 222 230 424 165 59 377 92 162 58 34 51 179 0 280 43 186 2 269 140 23 151 375 243 127 170 82 208 300 126 228 308 403 233 168 81 207 56 17 172 176 55 265 303 240 229 216 272 461 340 36 339 190 477 354 381 388 48 156 283 232 100 286 472 144 135 66 215 396 247 378 423 203 119 324 389 505 422 19 38 319 129 12 393 8 191 209 214 285 83 264 382 364 311 253 255 153 390 213 104 138 425 342 40 154 517 89 357 101 169 237 526 28 72 150 248 175 125 30 334 95 183 44 160 487 108 39 131 278 155 259 166 164 224 174 196 310 429 106 91 60 50 328 7 369 85 70 361 136 235 349 206 21 87 117 358 148 31 312 142 292 5 3 411 297 223 306 225 250 122 69 251 65 205 99 118 112 139 161 218 219 365 188 391 187 347 121 177 182 33 387 302 109 25 98 49 93 130 185 134 397 337 1 159 96 6 485 192 346 201 360 327 493 299 113 221 267 158 338 193 80 111 522 157 71 326 11 419 61 356 
322
344 149 171 46 107 42 309 116 392 370 398 178 124 26 64 9 241 68 22 202 103 63 77 143 10 114 315 414 62 73 78 75 274 198 195 279 181 88 4 217 313 133 47 268 227 443 402 74 123 35 180 54 13 386 211 137 24 16 128 79 53 120 105 194 37 76 288 395 84 146 14 325 359 45 41 238 234 29 296 145 290 57 86 380 465 52 242 276 220 212 322 90 307 132 152 20 231 261 400 368 197 27 115 295 67 222 230 424 165 59 377 92 162 58 34 51 179 0 280 43 186 2 269 140 23 151 375 243 127 170 82 208 300 126 228 308 233 168 81 207 56 17 172 176 55 265 303 240 229 216 272 461 340 36 339 190 477 354 381 388 48 156 283 232 100 286 472 144 135 66 215 396 247 378 423 203 119 324 389 505 422 19 38 319 129 12 393 8 191 209 214 285 83 264 382 364 311 253 255 153 213 104 138 425 342 40 154 517 89 357 101 169 237 526 28 72 150 248 175 125 30 334 95 183 160 487 131 108 278 155 259 166 164 224 174 196 310 429 106 91 60 328 7 369 85 70 361 136 235 349 206 21 117 358 148 31 312 142 292 5 3 411 297 223 306 225 250 122 69 251 65 205 99 118 139 161 218 219 188 391 187 347 121 177 182 33 387 302 109 25 98 49 93 130 185 134 1 159 6 192 346 201 327 360 493 299 113 221 267 158 338 193 80 111 522 157 71 326 11 419 61 356 
313
344 149 171 46 107 42 309 116 392 370 398 178 124 26 64 9 241 68 22 202 103 63 77 143 10 114 315 414 62 73 78 75 274 198 195 279 181 88 4 217 313 133 47 268 227 443 402 74 123 35 180 54 13 386 137 24 16 128 79 53 120 105 194 37 76 288 395 84 146 14 325 359 45 41 238 234 29 296 145 290 57 86 380 465 52 242 276 220 212 322 90 307 132 152 20 231 261 400 368 197 27 115 295 67 222 230 424 165 59 377 92 162 58 34 51 179 0 280 43 186 2 269 140 23 151 375 243 127 170 208 300 126 228 308 233 168 81 207 56 17 172 176 55 265 303 240 216 272 461 340 36 339 190 354 381 388 48 156 283 232 100 286 472 144 135 66 215 396 247 378 423 203 119 324 389 505 422 19 38 319 129 393 191 8 209 214 285 264 382 364 311 253 255 153 213 104 138 425 342 40 154 517 89 357 101 169 237 526 28 72 150 248 175 125 30 334 95 183 160 487 131 108 278 155 259 166 164 224 174 196 310 429 106 91 60 328 7 369 85 70 361 136 235 349 206 21 117 358 148 312 142 292 5 3 411 297 223 306 225 250 122 69 251 65 205 99 118 139 161 218 219 188 391 187 347 121 177 182 33 387 302 109 25 98 49 93 130 185 134 1 159 6 192 346 201 327 360 493 299 113 221 267 158 193 80 111 522 157 71 326 11 419 61 
302
339 361 344 242 190 136 149 235 171 46 107 354 42 276 309 381 220 116 212 322 48 156 90 117 206 21 307 358 283 392 148 232 132 100 286 312 472 144 152 135 142 66 292 20 370 215 5 178 396 398 247 231 3 261 411 378 400 297 124 223 26 306 423 203 64 119 225 9 241 68 324 250 22 122 202 103 197 368 27 505 115 251 422 65 295 63 67 205 99 118 143 139 222 230 38 165 10 424 114 59 315 319 92 129 161 162 62 191 218 8 377 209 58 34 214 285 264 219 382 188 364 311 391 253 73 187 349 78 75 347 255 274 121 198 51 153 179 0 213 104 195 279 177 138 181 425 280 43 182 2 186 88 154 4 269 33 342 140 517 89 23 387 313 357 101 302 109 133 25 169 151 237 47 98 49 375 526 93 130 185 134 243 28 72 268 150 227 248 175 443 402 127 125 123 30 74 1 334 95 170 159 6 183 208 35 180 300 54 13 126 386 160 192 346 487 201 137 327 24 131 228 308 360 278 108 16 128 493 155 233 259 168 166 79 53 388 299 120 81 164 105 113 194 221 37 76 207 224 174 267 288 158 395 56 84 146 196 80 193 310 17 14 172 111 325 414 429 45 176 359 41 55 265 157 238 303 522 106 234 29 326 11 91 60 145 419 290 216 61 328 57 86 380 7 272 465 369 85 461 70 52 36 
292
339 361 344 242 190 136 149 235 171 46 107 354 42 276 309 381 220 116 212 322 48 156 90 117 206 21 307 358 283 392 148 232 132 100 286 312 472 144 152 135 142 66 292 20 370 215 5 178 396 398 247 231 3 261 411 400 297 124 223 26 306 423 203 64 119 225 9 241 68 324 250 22 122 202 103 197 368 27 505 115 251 422 65 295 63 67 205 99 143 139 222 230 38 165 10 424 114 59 414 319 92 129 161 162 62 191 218 8 377 209 58 34 214 285 264 219 382 188 364 311 391 253 73 187 349 78 75 347 255 274 121 198 51 153 179 0 104 195 279 177 138 181 425 280 43 182 2 186 88 154 4 269 33 342 140 517 89 23 387 357 101 302 109 133 25 169 151 237 47 98 49 375 526 93 130 185 134 243 28 72 268 150 227 248 175 402 127 125 123 30 74 1 334 95 170 159 6 183 208 35 180 300 54 13 126 386 160 192 346 487 201 137 327 24 131 228 308 360 278 108 16 128 493 155 233 259 168 166 79 53 388 299 120 81 164 105 113 194 221 37 76 207 224 174 267 288 158 395 56 84 196 80 193 310 17 14 429 111 325 359 45 176 41 55 265 157 238 303 522 106 234 29 326 11 91 60 145 419 290 216 328 57 86 380 7 272 465 85 461 70 52 36 
277
339 361 242 190 136 149 235 171 46 107 354 42 276 309 381 220 116 212 322 48 156 90 117 206 21 307 358 283 392 148 232 132 100 286 472 144 152 135 142 66 292 20 370 215 5 178 396 398 247 231 3 261 411 400 297 124 223 26 306 423 203 64 119 225 9 241 68 324 250 22 122 202 103 197 368 27 505 115 251 422 65 295 63 67 205 99 143 139 222 230 38 165 10 424 114 59 414 319 92 129 162 377 62 191 218 8 209 58 34 214 285 264 219 382 188 364 391 253 73 349 78 75 347 255 274 121 198 51 153 179 0 104 195 279 177 138 181 425 280 43 182 2 186 88 154 4 269 33 342 140 517 89 23 387 357 101 302 109 133 169 151 237 47 98 49 375 526 93 130 185 134 243 28 72 268 150 227 248 175 402 127 125 123 30 74 1 334 95 170 159 6 183 208 35 180 300 13 126 386 160 192 346 487 201 137 327 24 131 228 308 360 278 108 16 128 155 233 259 168 166 388 299 120 81 164 105 113 194 221 37 76 224 174 288 158 395 56 84 196 80 193 310 17 429 111 325 359 45 41 55 265 157 238 303 522 106 234 29 326 11 91 60 145 419 290 216 328 57 86 380 7 272 465 85 461 70 52 
266
339 361 242 190 149 235 171 46 107 354 42 276 309 381 220 116 212 322 48 156 90 206 307 349 358 388 283 392 148 232 132 100 286 472 144 152 135 142 66 292 20 398 215 5 178 396 247 231 3 261 411 400 297 124 223 26 306 423 203 64 119 225 9 241 68 324 250 22 122 202 103 197 368 505 115 251 422 65 295 63 67 205 99 143 222 230 38 165 10 424 59 414 319 92 129 377 62 191 218 8 209 58 34 285 264 219 382 188 364 391 253 73 78 75 347 255 274 121 198 51 153 179 0 104 195 279 177 138 181 425 280 43 182 2 186 88 154 4 269 33 342 140 517 89 23 387 357 101 302 109 133 169 151 237 47 98 49 375 526 93 130 185 134 243 28 72 268 150 227 248 175 402 127 125 123 30 74 1 334 95 170 159 6 183 208 35 180 300 13 126 386 160 192 346 487 201 137 327 24 131 228 308 360 278 108 16 128 155 233 259 168 166 299 120 81 164 105 113 194 221 37 76 224 288 158 56 84 196 80 193 310 17 429 111 325 359 45 41 55 265 157 238 303 522 106 234 29 326 11 91 60 145 419 290 216 328 57 86 380 7 272 465 85 461 70 52 
258
339 361 242 190 149 235 171 46 107 354 42 276 309 381 220 116 212 322 48 156 90 206 307 349 388 283 392 148 232 132 100 286 472 144 152 135 142 66 292 20 398 215 5 178 247 231 3 261 411 400 297 223 26 306 423 203 64 119 225 9 241 68 324 250 22 122 202 103 197 368 505 115 251 422 65 295 63 67 205 99 143 222 230 38 165 10 424 59 414 377 92 129 62 218 8 209 58 34 285 264 219 382 188 364 391 253 73 78 75 347 255 274 121 198 51 153 179 0 104 195 279 177 138 181 425 280 43 182 2 186 88 154 4 269 33 342 140 517 89 23 387 357 101 302 109 133 169 151 237 47 98 49 375 93 130 185 134 243 28 72 268 150 227 248 175 402 127 125 123 30 74 1 334 95 170 159 6 183 208 35 180 300 13 126 386 160 192 346 487 201 137 327 24 131 228 308 360 278 108 16 128 155 233 259 168 166 299 120 81 164 105 113 194 221 37 76 224 288 158 56 84 196 80 193 310 17 429 111 325 359 45 41 55 265 157 238 303 522 106 234 29 326 11 91 60 145 419 290 216 328 86 380 7 272 465 85 461 52 
253
339 361 242 190 149 235 171 46 107 354 42 276 309 381 220 116 212 322 48 156 90 206 307 349 388 283 392 148 232 132 100 286 472 144 152 135 142 66 292 20 398 215 5 178 247 231 261 411 400 297 223 26 306 423 203 64 119 225 9 241 68 324 250 22 122 202 103 197 368 505 115 251 422 65 295 63 67 205 99 143 222 230 38 165 10 59 414 377 92 129 62 218 8 209 58 34 285 264 219 382 188 364 391 253 73 78 75 347 255 274 121 198 51 153 179 0 104 195 279 177 138 181 425 280 43 182 2 186 88 154 4 269 33 342 140 517 89 23 387 357 101 302 109 133 169 151 237 47 98 49 375 93 130 185 134 243 28 72 268 150 227 248 175 402 127 125 123 30 74 1 334 95 170 159 6 183 208 35 180 300 13 126 386 160 192 346 487 201 137 327 24 131 308 360 108 278 16 128 155 233 259 168 166 299 120 81 164 105 113 194 37 76 224 288 158 56 84 196 80 193 310 17 429 325 359 45 41 55 265 157 238 303 522 106 234 29 326 11 91 60 145 419 290 216 328 86 380 7 272 465 85 461 52 
248
339 361 242 190 149 235 171 46 107 354 42 276 309 381 220 116 212 322 48 156 90 206 307 349 388 283 392 148 232 132 100 286 472 144 152 135 142 66 292 20 398 215 5 178 247 231 261 411 400 297 223 26 306 423 203 64 119 225 9 241 68 324 250 22 122 202 103 197 505 115 251 422 65 295 63 67 205 99 143 222 230 38 165 10 59 414 377 92 129 62 218 8 209 58 34 285 264 219 382 188 364 391 253 73 78 75 347 255 274 121 198 51 153 179 0 104 195 279 138 181 425 280 43 182 2 186 88 154 4 269 33 342 140 517 89 23 387 357 101 302 109 133 169 151 237 47 98 49 375 93 130 185 134 243 28 72 268 150 227 248 175 402 127 125 74 30 1 334 95 170 159 6 183 208 35 180 300 13 126 386 160 192 346 487 201 137 327 24 131 308 360 108 278 128 16 155 233 259 168 166 299 120 81 164 105 194 37 76 224 288 158 56 84 196 80 193 310 17 429 325 359 45 41 55 265 157 238 303 522 106 234 29 326 11 91 60 145 419 290 216 328 86 380 7 272 85 461 52 
240
339 361 242 190 149 235 171 46 107 354 42 276 309 381 220 116 212 322 48 156 90 206 307 349 388 283 392 148 232 132 100 286 472 144 152 135 142 66 292 20 398 215 5 178 231 261 411 400 297 223 26 423 203 64 119 225 9 241 68 324 250 22 122 202 103 197 505 115 251 422 65 295 63 67 205 99 143 222 230 38 165 10 414 377 92 129 62 8 209 58 34 285 264 219 382 188 364 391 253 73 78 75 347 255 274 121 198 51 153 179 0 104 195 138 181 425 280 43 182 2 186 88 154 4 342 33 517 140 89 23 387 357 101 302 109 133 169 151 237 47 98 49 375 93 130 185 134 243 28 72 268 150 227 248 175 402 127 125 74 30 1 334 95 170 159 6 183 208 300 180 13 126 386 160 192 346 487 201 137 327 360 131 308 108 278 16 155 233 259 168 166 299 120 81 164 105 194 37 76 224 288 158 56 84 196 80 193 310 17 429 325 359 45 41 55 265 157 238 303 522 106 269 234 29 326 11 91 60 145 419 290 328 216 86 380 7 272 85 461 52 
229
339 361 242 190 149 235 171 46 107 354 42 276 309 381 220 116 212 349 48 156 90 206 307 388 283 392 148 232 100 286 472 144 152 135 142 66 292 20 398 215 5 178 231 411 400 297 223 423 203 64 119 225 9 241 68 324 250 22 122 202 103 197 505 115 251 422 65 295 63 67 205 99 143 222 230 38 10 414 377 92 129 62 8 209 58 34 219 382 188 364 391 253 73 78 75 347 255 121 198 51 153 179 0 104 195 138 181 425 280 43 182 2 186 88 154 4 342 33 517 140 89 23 387 357 302 109 133 169 151 237 47 98 49 375 93 130 185 134 243 28 72 268 150 227 248 175 402 127 125 74 30 1 334 95 170 159 6 183 208 300 180 13 126 386 160 192 346 487 201 137 327 360 131 308 108 278 16 155 233 259 166 299 120 81 164 105 194 37 76 224 288 158 56 84 196 80 193 310 17 429 325 359 45 41 55 265 157 238 522 106 269 234 29 326 11 91 60 145 419 290 328 216 86 380 7 272 85 461 52 
218
361 242 190 149 235 171 46 107 354 42 276 309 381 220 116 212 349 48 156 90 206 307 388 283 148 232 100 286 472 144 152 135 142 66 292 20 398 215 5 178 231 411 400 297 223 203 64 119 225 9 241 68 324 250 22 122 202 103 197 505 115 251 422 65 295 63 67 205 99 143 222 230 38 10 377 92 129 62 8 209 58 34 219 382 188 364 391 253 73 78 75 347 255 121 198 51 153 179 0 104 195 138 181 425 280 43 182 186 342 88 154 4 269 33 140 89 23 387 357 302 109 169 151 237 47 98 49 375 93 130 185 243 28 72 268 150 227 248 175 402 127 125 74 30 1 334 95 170 159 6 183 208 300 180 13 126 386 192 346 487 201 137 327 360 131 308 108 278 16 155 233 259 166 299 120 81 164 105 194 37 76 224 288 158 56 84 196 80 193 310 17 429 359 45 41 55 265 157 238 522 106 234 29 326 11 91 60 145 419 290 328 216 86 380 7 272 85 52 
212
361 242 190 149 235 171 46 107 354 42 276 309 381 116 212 349 48 156 90 206 307 388 283 148 232 100 286 472 144 152 135 142 66 292 20 398 215 5 178 231 400 297 223 203 64 119 225 9 241 68 324 250 22 122 202 103 197 505 115 251 422 65 295 63 67 205 99 143 222 230 38 10 377 92 129 62 8 209 58 34 219 382 188 364 391 253 73 78 75 347 255 121 198 51 153 179 0 104 195 181 425 280 43 182 186 342 88 154 4 269 33 140 89 23 387 357 302 109 169 151 237 47 98 49 375 93 130 243 28 268 150 227 248 175 402 127 125 74 30 1 334 170 208 159 6 183 95 300 180 13 126 386 192 346 487 201 137 327 360 131 308 108 16 155 233 259 166 299 120 81 164 105 194 37 76 224 288 158 56 84 196 80 193 310 17 429 359 45 41 55 265 157 238 522 106 234 29 326 11 91 60 145 419 290 328 216 86 380 7 272 85 52 
