19
370
6 128 227 85 192 283 9 460 82 24 58 373 324 138 230 320 174 179 31 148 232 239 73 170 375 189 180 29 139 202 242 429 90 112 331 188 241 0 258 123 304 12 210 214 366 23 208 328 361 105 381 102 388 163 65 62 99 95 205 391 338 219 390 275 38 147 141 248 370 14 382 151 465 140 231 121 161 103 203 100 228 157 234 10 212 71 169 19 199 97 307 143 463 129 108 209 394 182 162 225 159 77 184 402 66 415 46 135 263 94 284 84 150 33 101 206 369 40 32 92 293 236 124 165 207 28 134 81 22 166 185 395 347 3 389 61 404 291 340 49 35 406 20 173 2 321 156 80 399 160 217 238 197 256 235 309 213 274 126 224 78 233 181 5 149 371 45 17 367 299 449 145 155 183 265 392 294 109 298 282 91 259 308 280 136 222 374 393 43 175 385 69 372 377 344 120 310 358 137 57 386 279 70 178 196 461 221 300 26 316 15 48 193 18 204 198 116 158 423 93 401 286 54 383 34 25 53 125 110 211 376 226 118 39 368 63 56 378 267 87 104 86 380 411 349 7 195 337 362 88 220 72 296 152 323 302 223 287 334 396 76 119 190 384 60 272 168 177 114 144 67 164 243 325 200 187 21 47 443 332 335 11 113 253 42 55 64 424 1 218 130 247 75 167 153 122 216 89 107 27 397 191 74 13 51 142 288 201 355 98 468 303 4 400 229 250 305 379 434 8 261 117 455 194 154 245 41 327 83 269 111 186 326 146 356 387 244 262 485 255 295 50 285 59 215 115 436 30 79 171 36 68 52 249 37 132 311 278 348 172 246 127 16 270 398 44 133 237 106 317 
362
6 128 227 85 192 283 9 460 82 24 58 373 324 138 230 174 179 31 148 232 239 73 170 189 180 29 139 202 242 429 90 112 331 188 241 0 258 123 304 12 210 214 366 23 208 328 361 105 381 102 388 163 65 62 99 95 205 391 338 219 390 275 38 147 141 248 370 14 382 151 465 140 231 121 161 103 203 100 228 157 234 10 212 71 169 19 199 97 307 143 463 129 108 394 182 162 225 159 77 184 402 66 415 46 135 263 94 284 84 150 33 101 206 369 40 32 92 293 236 124 165 207 28 134 22 166 185 395 347 3 389 61 404 291 340 49 35 406 20 173 2 321 156 80 399 160 217 238 197 256 235 309 213 274 126 224 78 233 181 5 149 371 45 17 367 299 449 145 155 183 265 392 294 109 298 282 91 259 308 280 136 222 374 393 43 175 385 69 372 377 344 120 310 358 137 57 386 279 70 178 196 461 221 300 26 316 15 48 193 18 204 198 116 158 423 93 401 286 54 383 34 25 53 125 110 211 376 226 118 39 368 63 56 378 267 104 86 380 349 7 195 337 362 88 220 72 296 152 323 302 223 287 334 396 76 119 384 190 60 272 168 177 114 144 67 164 243 325 200 187 21 47 443 335 11 113 253 42 55 64 424 1 218 130 247 75 167 153 122 216 89 107 27 397 191 74 13 51 142 288 201 355 98 468 303 4 400 229 250 305 379 434 8 261 117 455 194 154 245 41 327 83 269 111 186 326 146 356 387 244 262 485 255 295 50 285 59 215 115 436 30 79 171 36 68 52 249 37 311 278 348 172 246 127 16 270 398 44 133 237 106 317 
353
6 128 227 85 192 283 9 460 82 24 58 373 324 138 230 174 179 31 232 239 73 170 189 180 29 139 202 242 429 90 112 331 188 241 0 258 123 304 12 210 214 366 208 328 361 105 381 102 388 163 65 62 99 95 205 391 338 219 390 275 38 141 370 14 382 151 465 140 231 121 161 103 203 100 228 157 234 10 212 71 169 19 199 97 307 143 463 129 108 394 182 225 159 77 184 402 66 415 46 135 263 94 284 84 150 33 101 206 369 40 32 92 293 236 124 165 207 28 134 22 166 185 395 347 3 389 61 404 291 340 49 35 406 20 173 2 321 156 80 399 160 217 238 197 256 235 309 213 274 126 224 78 233 181 5 149 371 45 17 367 299 449 145 155 183 265 392 294 109 298 91 259 308 280 136 222 374 393 43 175 385 69 372 377 344 120 310 358 137 57 386 279 70 178 196 461 221 300 26 316 15 48 193 18 204 198 116 158 423 93 401 286 54 383 34 25 53 125 110 211 376 226 118 39 368 63 56 378 267 104 86 380 349 7 195 337 362 88 220 72 152 323 302 223 287 334 396 76 119 384 190 60 272 177 114 144 67 164 243 325 200 187 21 47 443 335 11 113 253 42 55 64 424 1 218 130 247 75 167 153 122 216 89 107 27 397 191 74 13 51 142 288 201 355 98 468 303 4 400 229 250 305 379 434 8 261 117 455 194 154 245 41 327 83 269 111 186 326 146 356 387 244 485 255 295 50 285 59 215 115 436 30 79 171 36 68 52 249 37 311 278 348 172 246 127 16 270 398 44 133 237 106 317 
340
6 128 227 85 192 283 9 460 82 24 58 373 324 138 230 174 179 31 232 239 73 170 189 180 29 139 202 242 429 90 112 331 188 241 0 258 123 304 12 210 214 208 328 361 105 381 102 388 65 62 95 205 391 338 219 390 275 38 141 370 14 382 151 465 140 231 121 161 103 203 100 228 234 10 212 71 169 19 199 97 143 463 129 108 394 182 225 159 77 184 402 66 415 46 135 263 94 284 84 150 33 101 206 369 40 32 92 293 236 124 165 207 28 134 22 166 185 395 347 3 389 61 404 291 340 49 35 20 173 2 321 156 80 160 217 238 197 256 235 309 213 274 126 224 78 233 181 5 149 371 45 17 367 299 449 145 155 183 265 392 294 109 298 91 259 308 280 136 222 374 393 43 175 385 69 372 377 344 120 310 358 137 57 386 279 70 178 461 221 26 316 15 48 193 18 204 198 116 158 423 401 286 54 383 34 25 53 125 110 211 226 118 39 368 63 56 378 267 104 86 380 349 7 195 337 362 88 220 72 152 323 302 223 287 334 396 76 119 384 190 60 272 177 114 144 67 164 243 325 200 187 21 443 335 11 113 253 42 55 64 424 1 218 130 247 75 167 153 122 216 89 107 27 397 191 74 13 51 142 288 201 355 98 468 303 4 400 229 250 305 379 434 8 261 117 455 194 154 245 41 327 83 269 111 186 326 146 356 387 244 255 295 50 285 59 215 115 436 30 79 171 36 68 52 249 37 311 278 348 172 246 127 16 270 398 44 133 237 106 317 
332
6 128 227 85 192 283 9 460 82 24 58 324 138 230 174 179 31 232 239 73 170 189 180 29 139 202 242 429 90 112 331 188 241 0 258 123 304 12 210 214 208 328 361 105 381 102 388 65 62 95 205 391 338 219 390 275 38 141 370 14 382 151 465 140 231 121 103 203 100 228 234 10 212 71 169 19 199 97 143 463 129 108 394 182 225 159 77 184 402 66 415 46 135 263 94 284 84 33 101 206 369 40 32 92 293 236 124 165 207 28 134 22 166 185 395 347 3 389 61 404 291 340 49 35 20 173 2 321 156 80 160 217 238 197 256 235 309 213 274 126 224 78 233 181 5 149 371 45 17 367 299 449 145 155 183 265 392 294 109 298 91 259 308 280 136 222 393 43 175 385 69 372 377 344 120 310 358 137 57 386 279 70 178 461 221 26 316 15 48 193 18 198 116 158 423 401 286 54 383 34 25 53 125 110 211 226 118 39 63 56 378 267 104 86 380 349 7 195 337 362 88 220 72 152 323 302 223 287 334 396 76 119 384 190 60 272 177 114 144 67 164 243 325 200 187 21 443 335 11 113 253 42 55 64 424 1 218 130 247 75 167 153 122 216 89 107 27 397 191 74 13 51 142 288 201 355 98 468 303 4 400 229 250 305 379 434 8 117 455 194 154 245 41 327 83 269 111 186 326 146 356 387 244 255 295 50 285 59 215 115 436 30 79 171 36 68 52 249 37 311 278 348 172 246 127 16 270 398 44 133 237 317 
315
6 128 227 85 192 283 9 460 82 24 58 324 138 230 174 179 31 232 239 73 170 189 180 29 139 202 242 90 112 331 188 241 0 258 123 304 12 210 214 208 328 361 105 381 102 388 65 62 95 205 338 219 390 275 38 141 370 14 382 151 465 231 121 103 100 228 234 10 212 71 169 19 199 97 143 463 129 108 394 182 225 159 77 184 415 46 135 263 94 284 84 33 101 206 369 40 32 92 293 236 124 165 207 28 134 166 22 185 395 347 3 389 61 404 291 340 49 20 173 2 321 156 80 160 217 238 197 256 235 309 213 274 126 224 78 233 181 5 149 371 45 17 299 449 145 155 183 392 294 109 298 91 259 308 280 136 222 393 43 175 385 69 372 377 344 120 310 358 137 57 386 279 70 178 461 221 26 316 15 48 193 18 198 116 158 423 401 286 54 383 34 25 53 125 110 211 226 118 39 63 56 378 267 104 86 380 349 7 195 337 362 88 220 72 152 323 302 223 287 334 396 76 119 384 190 60 272 177 114 144 67 164 243 200 187 21 443 335 11 253 42 55 64 424 1 218 130 75 167 153 122 216 89 107 27 397 191 74 13 51 142 288 201 98 468 303 4 400 229 250 305 379 434 8 117 455 194 154 245 41 327 83 269 111 186 326 146 356 387 244 255 295 50 285 59 215 115 436 30 79 171 36 68 52 37 311 348 246 127 16 398 44 133 237 317 
308
6 128 227 85 192 283 9 460 82 24 58 324 138 230 174 179 31 232 239 73 170 189 180 29 139 202 242 90 112 331 188 241 0 258 123 304 12 210 214 208 328 361 105 381 102 388 65 62 95 205 338 219 390 275 38 141 14 382 151 465 231 121 103 100 228 234 10 212 71 19 199 97 143 463 129 108 394 182 225 159 77 184 415 46 135 263 94 84 33 101 206 369 40 32 92 293 236 124 165 207 28 134 166 185 395 347 3 389 61 404 291 340 49 20 173 2 321 156 80 160 217 238 197 256 235 309 213 274 126 224 233 78 181 5 149 371 45 17 299 449 145 155 183 392 294 109 298 91 259 308 280 136 222 393 43 175 385 69 372 377 344 120 310 358 137 57 386 279 70 178 461 221 26 316 15 48 193 18 116 158 423 401 286 54 383 25 53 125 110 211 226 118 63 56 378 267 104 86 380 349 7 195 337 362 88 220 72 152 323 302 223 287 334 396 76 119 384 190 60 272 177 114 144 67 164 243 200 187 21 443 335 11 253 42 55 64 424 1 218 130 75 167 153 122 216 89 107 27 397 191 74 13 51 142 288 201 98 468 303 4 400 229 250 305 379 434 8 117 455 194 154 245 41 327 83 269 111 186 326 146 356 387 244 255 295 50 285 59 215 115 436 30 79 171 36 68 52 37 311 348 246 127 16 398 44 133 237 317 
304
222 182 393 43 6 128 253 227 85 175 192 225 159 283 460 385 77 184 69 372 377 42 55 46 64 82 135 24 344 415 58 263 120 94 424 310 1 358 218 137 130 57 84 279 386 70 178 33 138 230 324 75 461 221 167 101 153 206 122 26 40 369 32 174 216 31 89 107 27 316 179 15 92 48 232 193 293 239 191 236 124 18 165 207 116 11 74 28 158 73 13 51 170 142 288 423 134 201 166 189 180 185 29 139 202 395 242 98 286 347 54 303 3 4 389 90 383 112 61 331 404 25 53 188 291 400 125 229 110 211 250 241 305 0 258 379 123 226 8 304 434 12 118 340 49 117 210 63 214 56 455 378 20 173 2 194 267 154 208 321 104 245 86 380 361 41 327 83 156 105 381 269 80 111 349 102 186 326 160 388 146 217 356 387 238 244 7 195 255 295 337 50 65 197 62 256 235 362 88 220 72 285 152 309 59 213 323 302 126 95 274 205 401 224 223 215 115 287 338 219 390 334 275 38 436 30 233 141 79 171 78 396 14 76 36 181 5 382 149 119 151 68 371 465 45 52 37 17 231 384 190 121 311 103 299 60 272 100 348 449 228 468 177 114 145 144 155 183 246 67 10 127 212 71 392 16 164 234 398 243 19 44 199 133 97 200 294 237 143 463 129 108 109 317 187 21 443 91 335 259 308 280 394 136 
296
222 182 393 43 6 128 253 227 85 175 192 225 159 283 460 385 77 184 69 372 377 42 55 46 64 82 135 24 344 415 58 263 120 94 424 310 1 358 218 137 130 57 84 279 386 70 178 33 138 230 324 75 461 221 167 101 153 122 26 40 369 32 174 216 31 89 107 27 179 15 92 48 232 193 293 239 191 236 124 165 207 116 11 74 28 158 73 13 170 142 288 423 134 201 166 189 180 185 29 139 202 395 242 98 286 347 54 401 3 4 389 90 383 112 61 331 404 25 53 188 291 400 125 229 110 211 250 241 305 0 258 379 123 226 8 304 434 12 118 340 49 117 210 63 214 56 455 378 20 173 2 194 267 154 208 321 104 245 86 380 361 41 327 83 156 105 381 80 111 349 102 186 326 160 388 146 356 387 238 244 7 195 255 295 337 50 65 197 62 256 235 362 88 220 72 285 152 309 59 213 323 302 126 95 274 205 224 223 215 115 287 338 219 390 334 275 38 436 30 233 141 79 171 78 396 14 76 36 181 5 382 149 119 151 68 371 465 45 52 37 17 231 384 190 121 311 103 299 60 272 100 348 449 228 468 177 114 145 144 155 183 246 67 10 234 212 71 392 16 164 398 243 19 44 199 133 97 200 294 237 143 463 129 108 109 317 187 21 443 91 335 259 308 280 394 136 
287
222 182 393 43 128 253 227 85 175 192 225 159 283 460 385 77 184 69 372 377 42 55 46 64 82 135 24 344 415 58 263 120 94 424 310 1 358 218 137 130 57 84 279 386 70 178 33 138 230 324 75 461 221 167 101 153 122 26 40 369 32 174 216 31 89 107 27 179 15 92 48 232 193 293 239 191 236 124 165 207 116 11 74 28 158 73 13 170 142 288 423 134 201 166 189 180 185 29 139 202 395 242 98 286 347 54 401 3 4 389 90 383 112 61 331 404 25 53 188 291 400 125 229 110 211 250 241 305 0 258 379 123 226 8 304 434 12 118 340 49 117 210 63 214 56 455 378 20 173 2 194 267 154 208 104 245 86 380 361 41 327 83 156 105 381 80 111 349 102 186 326 160 388 146 356 387 238 244 7 195 255 295 337 65 197 256 235 362 88 220 72 285 152 309 59 323 302 126 95 224 223 215 115 287 338 219 390 334 275 38 436 30 233 141 79 171 78 396 14 76 36 181 5 382 149 119 68 371 465 45 52 37 17 231 384 190 121 311 103 299 60 272 100 348 449 228 468 177 114 145 144 183 246 67 234 10 212 71 392 16 164 398 243 19 44 199 133 97 200 294 237 143 463 129 108 109 317 187 21 443 91 335 259 308 280 394 136 
281
222 182 393 43 128 253 227 85 175 192 225 159 283 460 385 77 184 69 372 377 42 55 46 64 82 135 24 344 415 58 263 120 94 424 310 1 358 218 137 130 57 84 279 386 70 178 33 138 230 324 75 461 221 167 101 153 122 26 40 369 32 174 216 31 89 107 27 179 15 92 48 232 193 239 191 236 124 165 207 116 11 74 28 158 73 13 170 142 288 423 134 201 166 189 180 185 29 139 202 395 242 98 286 347 54 401 3 4 389 90 383 112 61 331 404 25 53 188 291 400 125 229 110 211 250 241 305 0 258 379 226 123 8 304 434 12 118 340 49 117 210 63 214 455 378 20 173 2 194 267 154 208 104 245 86 380 361 41 83 156 105 80 111 349 102 186 326 160 388 146 356 387 238 244 7 195 255 295 337 65 197 256 235 362 88 220 72 285 152 309 59 323 302 126 95 224 223 215 115 287 338 219 390 334 275 38 436 30 233 141 79 171 78 396 14 76 36 181 5 382 149 119 68 371 465 45 52 37 17 231 384 190 121 311 103 299 60 272 100 348 449 228 468 177 114 145 183 246 67 234 10 212 71 392 16 164 243 19 44 199 133 97 200 294 237 143 463 129 108 109 317 187 21 443 91 335 259 308 280 394 136 
271
222 182 393 43 128 253 227 85 175 192 225 159 283 460 385 77 184 69 372 377 42 55 46 64 82 135 24 344 415 58 263 120 94 424 310 1 358 218 137 130 57 84 279 386 70 178 33 138 230 324 75 461 221 167 101 153 122 26 40 369 32 174 216 31 89 107 27 179 15 92 48 232 193 239 191 236 124 165 207 116 11 74 28 158 73 13 170 142 288 423 134 201 166 189 180 185 29 139 202 395 242 98 286 347 54 401 3 4 389 90 468 112 61 331 404 25 53 188 291 400 125 229 110 211 250 241 305 0 258 379 226 123 8 304 434 12 118 340 49 117 210 63 214 378 20 173 2 194 154 208 104 86 380 361 41 83 156 105 80 349 102 186 326 160 388 146 356 387 238 244 7 195 255 295 337 65 197 256 235 362 88 220 72 285 152 309 59 323 302 126 95 224 223 215 115 287 219 334 390 275 38 436 30 233 141 79 171 78 396 14 76 36 181 5 382 149 68 371 465 45 37 17 231 384 190 121 311 103 299 60 272 100 348 449 228 177 114 145 183 246 67 234 10 212 71 392 16 164 243 44 199 133 97 200 294 237 143 463 129 108 109 317 187 21 91 335 259 308 280 394 136 
256
222 393 43 128 253 227 175 192 225 283 460 385 77 184 69 372 377 42 55 46 82 135 415 24 344 64 58 263 94 424 310 1 358 137 130 57 84 279 386 70 178 33 138 230 324 75 221 167 101 153 122 26 40 369 32 174 216 31 107 179 27 15 92 232 193 239 191 236 124 165 207 116 28 74 158 73 13 170 142 288 423 134 201 166 189 180 185 29 139 242 98 286 347 54 401 3 4 389 90 468 112 61 331 25 53 188 291 400 125 229 110 211 250 241 305 0 258 379 226 123 8 304 434 12 118 340 49 117 210 63 214 378 20 173 2 194 154 208 104 86 380 361 41 83 156 105 80 349 102 186 326 160 388 146 356 387 238 244 7 195 255 295 337 65 197 256 235 362 88 220 72 285 152 59 323 302 126 95 224 223 215 115 287 219 334 275 38 436 30 233 141 79 171 78 396 14 76 36 181 5 382 149 68 371 465 45 37 17 231 384 190 121 311 103 299 60 272 100 348 228 177 114 145 183 246 67 234 10 212 71 392 16 164 243 44 199 133 97 200 294 237 143 463 129 108 109 317 187 21 91 335 259 308 11 394 136 
249
222 393 43 128 253 227 175 192 225 283 460 385 77 184 69 372 377 42 55 46 82 135 415 24 344 64 58 263 94 424 310 1 358 137 130 57 84 279 386 70 178 33 324 230 75 167 101 153 122 26 40 369 32 174 216 31 107 179 27 15 92 232 193 239 191 124 165 207 116 28 74 158 73 13 170 142 288 423 134 201 166 189 180 185 29 139 242 98 286 347 54 401 3 4 389 90 468 112 61 331 25 53 188 291 400 125 229 110 211 250 241 305 0 258 379 226 123 8 304 434 12 118 340 49 117 210 63 214 378 20 173 2 194 154 208 104 86 380 361 41 83 156 105 80 349 102 186 326 160 388 146 356 387 238 244 7 195 255 295 337 65 197 256 235 362 88 220 72 152 59 323 302 126 95 224 223 215 115 287 219 334 275 38 436 30 233 141 79 171 78 396 14 76 36 181 5 382 149 68 371 465 45 37 17 231 384 190 121 311 103 299 60 272 100 348 228 177 114 145 183 246 67 234 10 212 71 392 16 243 44 199 133 97 200 294 237 143 463 129 108 109 317 187 21 91 335 11 394 136 
240
222 393 43 128 253 227 175 192 225 283 460 385 77 184 69 372 377 42 55 46 82 415 64 24 344 58 263 94 424 310 1 358 137 130 57 84 279 386 70 178 33 324 230 75 167 101 153 122 26 40 369 32 174 216 31 107 179 27 15 92 232 193 239 191 124 165 207 116 28 74 73 13 170 142 288 423 134 201 166 189 185 180 29 139 242 98 286 347 54 401 3 4 389 90 468 112 331 25 53 188 291 400 125 229 110 211 250 241 305 0 258 379 226 123 304 434 12 118 340 49 117 210 63 214 378 20 173 2 194 154 208 104 86 380 361 41 83 156 105 80 349 102 186 326 388 146 356 387 238 244 7 195 255 295 337 65 197 256 235 362 88 220 72 152 59 323 302 126 224 223 215 115 287 219 334 275 38 436 30 233 141 79 171 78 396 14 76 36 181 382 149 68 371 45 37 17 384 190 231 121 311 103 299 60 272 100 348 228 177 114 145 183 246 67 234 10 212 71 392 16 243 44 199 133 97 294 237 143 463 129 108 109 317 187 21 91 335 11 394 136 
226
222 393 43 128 253 227 175 192 225 283 460 385 77 184 69 372 377 42 55 46 82 415 64 24 344 58 263 94 424 310 1 137 130 57 84 279 386 70 178 33 324 230 75 167 153 122 26 40 369 32 174 216 31 107 179 27 15 92 232 193 239 124 165 207 116 28 74 73 13 170 288 423 134 201 166 189 185 180 139 242 98 286 347 54 401 3 4 389 90 468 112 331 25 53 291 400 125 229 110 211 250 241 305 0 258 379 226 123 304 434 12 118 340 49 117 210 63 214 20 173 2 154 208 104 86 380 361 41 83 156 105 80 349 102 186 326 388 146 356 387 238 244 7 195 255 295 337 65 197 256 235 362 88 220 72 152 59 323 302 126 223 215 115 287 219 334 275 38 436 30 233 141 79 171 78 396 14 76 36 181 382 149 371 45 37 17 384 190 311 103 60 272 100 348 228 177 114 145 183 246 67 234 10 212 71 16 243 44 199 133 97 294 237 143 463 129 108 109 317 187 21 91 335 11 394 136 
220
222 393 43 128 253 227 175 192 225 283 385 77 184 69 372 377 42 55 46 82 415 64 24 344 58 263 94 424 310 1 137 130 57 84 279 386 70 178 33 324 230 75 167 153 122 26 40 369 32 174 216 31 107 179 27 15 92 232 193 239 124 165 116 28 74 73 13 170 288 423 134 201 166 189 185 180 139 242 98 286 54 401 468 3 4 389 90 112 331 25 53 291 400 125 229 110 211 250 241 305 0 258 379 226 123 304 434 12 118 340 49 117 210 63 214 20 173 2 154 208 104 86 380 361 41 83 156 105 80 349 102 186 326 388 146 387 238 244 7 195 255 295 337 65 197 256 235 362 88 220 72 152 59 323 302 126 223 215 115 287 219 334 275 38 436 30 78 141 79 171 396 14 76 36 181 382 149 371 45 37 17 384 190 311 103 60 272 100 348 228 177 114 145 183 246 67 234 10 212 71 16 243 44 199 133 97 294 237 143 463 129 108 109 317 187 21 91 335 11 136 
212
222 393 43 128 253 227 175 192 225 283 385 77 184 69 372 377 42 55 46 82 415 64 24 344 58 263 94 424 310 1 137 130 57 84 279 386 70 178 33 324 230 75 167 153 122 26 40 369 32 174 216 31 107 179 27 15 92 232 193 239 124 165 116 28 74 73 13 170 288 423 134 201 166 189 185 180 139 242 98 286 54 401 468 3 4 389 90 112 331 25 53 291 400 125 229 110 250 241 305 0 258 379 226 123 304 434 12 118 340 49 117 210 63 214 20 173 2 154 208 104 86 380 361 41 83 156 105 80 349 102 186 388 146 387 238 244 195 255 295 337 65 197 256 235 362 88 220 72 152 59 323 302 126 223 215 115 287 219 334 275 38 436 30 78 141 79 171 396 14 36 181 382 149 371 45 37 17 384 190 311 103 60 272 100 348 228 177 114 145 183 246 67 234 10 212 71 44 199 133 97 294 237 463 129 108 109 187 21 91 335 11 136 
203
222 393 43 128 253 175 192 225 283 385 77 184 69 372 377 42 55 46 82 415 64 24 344 58 263 94 424 310 1 130 57 84 279 386 70 33 324 75 167 153 122 26 40 369 32 174 216 31 107 179 27 15 92 232 193 239 124 165 116 28 74 73 13 170 288 423 134 201 166 189 185 180 139 242 98 286 54 401 468 3 4 389 90 112 331 25 53 291 400 125 229 110 250 241 305 0 258 379 226 123 304 434 118 340 49 117 210 63 214 20 173 2 154 208 104 380 361 41 83 156 105 80 349 102 186 388 146 387 238 244 195 255 295 337 65 197 256 235 88 220 152 59 323 302 126 223 215 115 287 219 334 275 38 436 396 78 141 79 171 14 181 36 382 149 371 45 37 17 384 190 311 103 60 272 100 348 228 177 114 145 183 246 67 234 10 212 71 44 199 133 97 294 237 463 129 108 109 187 21 91 335 11 136 
