12
299
243 46 185 194 197 361 309 296 61 159 23 283 109 363 78 92 342 41 135 62 345 378 266 263 319 256 380 12 10 103 38 96 167 145 211 253 171 220 217 285 196 7 212 155 317 336 403 189 56 123 79 42 314 27 327 3 89 355 383 193 178 88 352 85 237 74 116 1 200 228 130 132 299 300 172 51 30 2 15 43 149 184 324 29 181 311 389 287 129 97 136 147 358 162 161 175 13 198 95 208 292 57 388 405 163 195 6 301 156 65 179 354 63 272 356 152 308 108 127 55 47 139 114 9 244 394 110 331 117 101 124 199 35 44 76 262 337 54 177 183 251 36 382 302 166 180 98 125 165 143 401 31 48 173 242 131 313 115 284 18 122 66 268 0 49 4 133 164 168 291 137 176 248 293 391 90 81 32 106 144 34 50 222 241 282 11 82 40 37 60 70 126 28 150 187 203 52 118 86 112 377 93 174 5 226 351 121 330 191 25 142 73 120 39 141 113 87 140 104 276 58 277 312 192 26 255 67 265 33 154 80 169 223 20 260 8 94 134 22 158 17 182 240 59 105 128 19 138 16 45 160 53 186 188 328 99 107 204 148 14 102 275 100 229 402 249 68 91 170 153 269 119 400 245 250 202 215 83 111 146 24 71 69 306 219 216 64 286 72 21 75 77 151 157 270 261 190 214 210 
286
243 46 185 194 361 309 296 61 159 23 283 109 363 78 92 342 41 135 62 378 266 263 319 256 380 12 10 103 38 96 145 211 253 171 220 217 285 196 7 212 155 317 336 403 189 56 123 79 42 314 27 327 3 89 355 193 178 88 352 85 237 74 116 1 200 228 130 132 299 300 172 51 30 2 15 43 149 184 324 29 181 311 389 287 97 136 147 358 162 161 175 13 198 208 292 57 388 405 163 195 6 301 156 65 179 354 63 272 356 308 108 127 55 47 139 114 9 244 394 110 331 117 101 124 199 35 44 76 262 337 54 177 183 251 36 382 302 166 180 98 125 165 401 31 48 173 242 131 313 115 284 18 122 66 268 0 49 4 133 164 168 291 137 176 248 293 391 383 81 32 106 144 34 50 222 241 282 11 82 40 37 60 70 126 28 150 187 203 52 118 86 377 93 174 5 226 351 121 330 191 25 73 120 39 141 113 87 140 104 276 58 277 312 192 26 255 67 265 33 154 80 169 223 20 260 8 94 134 22 158 17 182 240 59 105 128 19 138 16 45 160 53 186 188 328 99 107 204 148 14 102 275 100 229 402 249 68 91 170 153 269 245 250 202 215 83 111 146 24 71 69 306 219 216 64 286 72 21 75 77 151 157 261 190 214 210 
275
243 46 185 194 361 309 296 61 159 23 283 109 363 78 92 342 135 62 378 266 263 319 256 380 12 10 103 38 96 211 253 171 220 217 285 196 7 212 155 317 336 403 189 56 123 79 314 27 327 3 89 355 193 178 88 85 237 74 116 1 200 228 130 132 299 300 172 51 30 2 15 43 149 184 389 29 181 311 287 97 136 147 358 162 161 175 13 198 208 292 405 388 163 195 6 301 156 65 354 63 272 356 308 108 127 55 47 139 114 9 244 394 110 331 117 101 124 199 35 44 76 262 337 54 177 183 251 36 382 302 166 180 98 165 401 31 48 173 242 131 313 115 284 18 122 66 268 0 49 133 168 164 4 291 137 176 248 293 391 383 81 32 106 144 34 50 222 241 352 11 82 126 37 60 70 40 28 150 203 187 52 118 86 377 351 174 5 226 93 121 330 191 25 73 120 39 141 87 140 104 276 58 277 312 192 26 255 67 265 33 154 80 169 223 20 260 8 94 134 22 158 17 182 240 59 105 128 19 138 16 45 160 53 186 188 328 99 107 204 148 14 102 275 100 229 402 249 68 91 170 153 269 245 250 202 215 83 111 146 24 71 306 219 64 286 72 21 75 77 151 157 261 190 214 210 
263
243 46 185 194 361 309 296 61 159 23 283 109 363 78 92 342 135 62 378 266 263 319 256 380 10 103 38 96 211 253 171 220 217 285 196 7 212 155 317 336 403 189 56 79 314 27 327 3 89 355 193 178 88 85 237 74 116 1 200 228 130 132 299 300 172 30 2 15 43 149 184 389 29 181 311 287 97 136 147 358 161 175 13 198 208 292 405 388 163 195 6 301 156 65 354 63 272 356 308 108 127 55 47 139 114 9 244 394 110 331 117 101 124 199 35 44 76 262 54 177 183 36 382 302 166 180 98 165 31 48 173 131 313 115 284 18 122 66 268 0 49 133 168 164 4 291 137 248 293 176 391 383 81 32 106 144 34 50 222 241 352 11 82 126 37 60 70 40 28 150 203 187 52 118 86 377 351 174 5 226 93 121 330 191 25 73 120 39 141 140 87 104 276 58 277 312 192 26 255 67 265 33 154 80 169 223 20 260 8 94 134 22 158 17 182 240 105 128 19 138 16 45 160 53 186 188 328 107 204 148 14 275 100 229 402 249 68 91 170 153 269 245 250 202 215 83 111 146 24 71 306 219 286 72 21 75 77 151 157 261 190 214 210 
253
243 46 185 194 361 309 296 61 159 283 109 363 78 92 342 135 62 378 266 263 319 256 380 10 103 38 96 211 253 171 220 217 285 196 212 155 317 336 403 189 56 79 314 27 327 3 89 355 193 178 88 85 237 74 116 1 200 228 130 132 299 300 172 30 2 15 43 149 184 389 29 181 311 97 136 147 358 161 175 13 198 208 292 405 388 163 195 6 301 156 65 354 356 108 127 55 47 139 114 9 244 394 110 331 117 101 124 199 35 44 76 262 54 177 183 36 382 302 166 180 98 165 31 48 173 131 313 115 284 18 122 66 268 0 49 133 168 164 4 291 137 248 293 176 391 383 81 32 106 144 34 50 222 241 352 11 126 60 40 70 203 28 150 187 52 118 86 377 351 174 5 226 93 121 330 191 25 73 120 39 141 140 87 104 276 58 277 312 192 26 255 67 265 33 154 80 169 20 260 8 94 134 22 158 17 182 240 105 128 19 138 16 45 160 53 186 188 328 107 204 148 14 100 229 402 249 91 68 170 153 269 245 250 202 215 83 111 146 24 71 306 219 286 72 21 75 77 151 157 261 190 214 210 
244
243 46 185 194 361 309 296 61 159 283 109 363 78 92 342 135 62 378 266 263 319 256 380 10 103 38 96 211 253 171 220 217 285 196 212 155 317 336 403 189 56 79 314 27 327 3 89 193 178 88 85 237 74 116 1 200 228 130 132 299 300 172 30 2 15 43 149 184 389 29 181 311 97 136 147 358 161 175 13 198 208 292 388 163 195 6 301 156 65 354 356 108 127 55 47 139 114 9 244 394 110 331 117 101 124 199 35 44 76 262 54 177 183 36 382 302 166 180 98 165 31 48 173 131 313 115 284 18 122 66 268 0 49 133 168 164 4 291 137 248 293 176 383 81 32 144 34 50 222 241 352 11 126 60 40 70 203 28 150 52 118 86 377 351 174 5 226 93 121 330 191 25 73 120 39 141 140 104 276 58 277 312 192 26 255 67 265 33 154 80 169 20 260 8 94 182 22 158 17 105 128 19 138 16 45 160 53 186 188 328 107 204 148 100 229 402 249 91 68 170 153 269 245 250 202 215 83 111 146 24 71 306 219 286 72 21 75 77 151 157 261 190 214 210 
236
243 46 185 194 361 309 296 61 159 283 109 363 78 92 342 135 62 378 266 263 319 256 380 10 103 38 96 211 253 171 220 217 285 196 212 155 317 336 403 189 56 79 314 27 327 3 89 193 178 88 85 237 74 116 1 200 228 130 132 299 300 172 30 2 15 149 184 389 43 29 181 311 97 136 147 358 161 175 13 198 208 292 388 163 195 6 301 156 65 354 356 108 127 55 47 139 114 9 244 394 110 331 117 101 124 199 35 44 76 262 54 177 183 36 382 302 166 180 98 165 31 48 173 131 313 115 284 18 122 66 268 0 49 133 168 164 4 291 137 248 383 81 32 144 34 50 222 241 352 11 126 60 40 70 203 28 150 52 118 86 377 351 174 5 226 93 121 330 191 25 73 120 141 140 104 276 58 277 312 192 26 255 67 265 33 154 80 20 260 8 94 182 158 17 128 19 138 16 45 160 53 186 188 328 107 204 100 229 402 249 91 170 153 269 245 250 202 215 83 111 146 24 71 306 219 286 72 21 75 77 151 157 261 190 214 210 
229
243 46 185 194 361 309 296 61 159 283 109 363 78 92 342 135 62 266 263 319 256 380 103 38 96 211 253 171 220 217 285 196 212 155 317 336 403 56 79 314 27 327 3 89 193 178 88 85 237 74 116 1 200 228 130 132 299 300 172 30 2 15 149 184 389 43 29 181 311 97 136 147 358 161 175 13 198 292 388 163 195 6 301 156 65 354 356 108 127 55 47 139 114 9 244 394 110 331 117 101 124 199 35 44 76 262 54 177 183 36 382 302 166 180 98 165 31 48 173 131 313 115 284 18 122 66 268 0 49 133 168 164 4 291 137 248 383 81 32 144 34 50 222 241 352 11 126 60 40 70 203 28 150 52 118 86 377 93 174 5 226 121 330 191 25 73 120 141 104 276 58 277 312 192 26 255 67 265 33 154 80 20 260 8 94 182 158 17 128 19 138 16 45 160 53 186 188 328 107 204 100 229 402 249 91 170 153 269 245 250 202 215 83 111 146 24 71 306 219 286 72 21 75 77 157 261 190 214 210 
223
243 46 185 194 361 309 296 61 159 283 109 363 78 92 135 62 266 263 256 103 38 96 211 253 171 220 217 285 196 212 155 317 336 56 79 314 27 327 3 89 193 178 88 85 237 74 116 1 200 228 130 132 299 300 172 30 2 15 149 184 43 389 29 181 311 97 136 147 358 161 175 13 198 292 388 163 195 6 301 156 65 354 356 108 127 55 47 139 114 9 244 394 110 331 117 101 124 199 35 44 76 262 54 177 183 36 382 302 166 180 98 165 31 48 173 131 313 115 284 18 122 66 268 0 49 133 168 164 4 291 137 248 383 81 32 144 34 50 222 241 352 11 126 60 40 70 203 28 150 52 118 86 377 93 174 5 226 121 330 191 25 73 120 141 104 276 58 277 312 192 26 255 67 33 154 80 20 260 8 94 182 158 17 128 19 138 16 45 160 53 186 188 328 107 204 100 229 402 249 91 170 153 269 245 250 202 215 83 111 146 24 71 306 219 72 21 75 77 157 261 190 214 210 
218
243 46 185 194 361 309 296 61 159 283 109 363 78 92 135 62 266 263 256 103 38 96 211 253 171 220 217 285 196 212 155 317 336 56 79 314 27 327 3 89 178 88 85 237 74 200 228 130 132 299 300 172 30 2 15 149 184 43 389 29 181 311 97 136 147 358 161 175 13 198 292 388 163 195 6 301 156 65 354 356 108 55 47 139 114 9 244 394 110 331 117 101 124 199 35 44 76 262 54 177 183 36 382 302 166 180 98 165 31 48 173 131 313 115 284 18 122 66 268 0 49 168 4 164 383 291 137 248 81 32 144 34 50 222 241 352 11 126 60 40 70 203 28 150 52 118 86 377 93 174 5 226 121 330 191 25 73 120 141 104 276 58 277 312 192 26 255 67 33 154 80 20 260 8 94 182 158 17 128 19 138 16 45 160 53 186 188 328 107 204 100 229 402 249 91 170 153 269 245 250 202 215 83 111 146 24 71 306 219 72 21 75 77 157 261 190 214 210 
210
243 46 185 194 361 309 296 61 159 283 109 363 78 92 135 62 266 263 256 103 38 96 211 253 171 220 217 285 196 212 155 317 336 56 79 314 27 327 3 89 178 88 85 237 74 200 228 130 132 299 300 30 2 15 149 184 43 389 29 181 311 97 136 358 161 175 13 198 292 388 163 195 6 301 156 65 354 356 108 55 47 139 114 9 244 394 110 331 117 101 124 199 35 44 76 262 54 177 183 36 382 302 166 180 98 165 31 48 173 131 313 115 18 122 66 268 0 49 168 4 164 383 291 137 248 81 32 144 34 50 222 241 352 11 126 60 40 70 203 28 150 52 118 86 377 93 174 5 121 330 191 25 73 141 104 276 58 277 312 192 26 255 67 33 154 80 20 260 8 182 158 17 128 19 138 16 45 160 53 186 188 328 107 204 100 229 402 249 91 170 153 269 245 250 202 215 83 111 146 24 71 306 72 75 77 157 261 190 214 210 
205
243 46 185 194 361 309 296 61 159 283 109 363 78 92 135 62 266 263 256 38 96 211 253 171 220 217 285 196 212 155 317 336 56 79 314 27 327 3 89 178 88 85 237 74 200 228 130 132 299 300 30 2 15 149 184 43 389 29 181 311 97 136 358 161 175 13 198 292 388 163 195 6 301 156 65 354 356 108 55 47 139 114 9 244 394 110 331 117 199 124 262 35 44 76 54 177 183 36 302 166 180 98 165 31 48 131 313 115 18 122 66 268 0 49 168 4 164 383 291 137 248 81 32 144 34 50 222 241 352 11 126 60 40 203 150 28 52 118 86 377 93 174 5 121 330 191 25 73 141 104 276 58 277 312 192 26 255 67 33 154 80 20 260 8 182 158 17 128 19 138 16 45 160 53 186 188 328 107 204 100 229 402 249 91 170 153 269 245 250 202 215 83 111 146 24 71 306 72 75 77 157 261 190 214 210 
