17
388
191 8 123 464 148 113 43 87 222 208 180 439 469 71 39 225 120 114 53 165 229 172 411 118 346 89 7 457 199 91 516 277 100 96 501 252 218 367 364 23 455 174 79 164 264 472 171 280 144 343 366 248 186 64 386 60 246 417 502 300 183 18 511 2 223 362 173 261 370 11 334 216 192 88 143 250 25 29 3 97 185 333 47 202 505 482 110 204 153 159 487 152 160 341 19 107 63 125 303 24 209 443 112 170 167 45 22 406 378 42 254 127 294 142 139 77 132 62 354 384 32 119 66 324 230 276 190 5 194 55 506 76 106 278 147 397 178 188 401 68 239 348 493 138 124 241 52 369 232 214 116 101 273 355 115 301 275 155 73 405 235 286 321 59 117 20 102 156 90 242 69 197 70 84 396 154 136 255 253 15 176 237 473 410 498 353 50 111 74 503 187 427 342 17 99 305 419 265 58 284 306 150 243 376 13 231 256 98 128 257 78 137 157 215 83 399 428 262 479 103 161 434 21 328 16 198 268 388 168 299 424 134 205 331 345 179 287 371 228 122 177 31 510 240 61 169 233 26 385 195 352 133 80 109 259 38 249 260 425 304 266 210 375 221 0 456 130 373 36 182 349 166 131 35 292 181 121 44 382 56 212 251 51 57 220 219 140 48 94 34 196 295 193 310 372 238 4 224 488 46 206 92 293 518 282 163 316 420 258 290 350 234 151 158 1 344 226 149 126 274 184 404 75 430 105 330 339 72 40 189 10 285 203 368 217 451 12 104 236 270 67 30 108 312 175 414 81 492 244 146 54 27 213 200 269 272 162 201 297 95 227 9 247 145 207 129 14 383 508 37 318 93 245 65 28 85 315 135 33 211 271 283 41 86 336 267 263 298 
376
191 8 123 464 148 113 43 87 222 208 180 439 469 71 39 225 120 114 53 165 229 172 411 118 346 89 7 457 199 516 277 100 96 501 252 218 367 364 23 455 174 79 264 472 171 280 144 343 366 248 186 64 386 60 246 417 502 300 183 18 511 2 223 362 173 261 370 334 216 192 88 143 250 25 29 3 185 333 47 202 505 482 110 204 153 159 487 152 160 19 107 63 125 303 24 209 443 112 167 45 22 406 378 42 254 127 294 142 139 77 132 62 354 384 32 119 66 324 230 190 5 194 55 506 76 106 278 147 397 178 188 401 68 239 348 493 138 124 241 52 369 232 214 116 101 273 355 115 301 275 155 73 405 235 286 321 59 117 102 156 90 242 69 197 70 84 396 154 136 255 253 15 176 237 473 410 498 353 50 111 74 503 187 427 342 17 99 305 419 265 58 284 306 150 243 376 13 231 256 98 128 257 78 137 157 215 83 399 428 262 479 103 161 434 21 328 16 198 268 388 168 424 299 134 205 331 345 179 287 371 228 122 177 31 510 240 61 169 233 26 385 195 352 133 109 80 259 38 249 260 425 304 266 210 375 221 0 456 130 373 36 182 349 131 35 292 181 121 44 382 56 212 251 51 57 220 219 140 48 94 34 196 295 193 310 372 238 4 224 488 46 206 92 293 518 282 163 316 420 258 290 350 234 151 158 1 344 226 149 126 274 184 404 75 430 105 330 339 72 40 189 10 285 203 217 451 12 104 236 270 67 30 108 312 175 414 81 492 244 146 54 27 213 200 269 272 162 201 297 95 227 9 247 145 207 129 14 383 508 37 318 93 245 65 28 315 135 33 211 271 283 41 86 336 267 263 
364
191 8 123 464 148 113 43 87 222 208 180 439 469 71 39 225 120 114 53 165 229 172 411 118 346 89 7 457 199 516 277 100 96 501 252 218 367 364 23 455 174 79 264 472 171 280 144 343 366 64 386 60 246 417 502 300 183 18 511 2 223 362 173 261 370 334 216 192 88 143 250 25 29 3 185 47 202 505 482 110 204 153 159 487 152 160 19 107 63 125 303 24 209 443 112 45 22 406 378 42 254 127 294 142 139 77 132 62 354 384 32 119 66 324 230 190 5 194 55 76 106 278 147 397 178 188 401 68 239 348 493 138 124 241 52 369 232 214 116 273 355 115 301 155 73 405 235 286 321 59 117 102 156 90 242 69 197 70 84 396 154 136 255 253 15 176 237 473 410 498 353 50 111 74 503 187 427 342 17 99 305 419 265 58 284 306 150 243 376 13 231 256 98 128 257 78 137 157 215 83 399 428 262 479 103 161 434 21 328 16 198 268 388 168 424 299 134 205 331 345 179 287 371 228 122 177 31 510 240 61 169 233 26 385 195 352 133 109 80 259 38 249 260 425 304 266 210 375 221 0 456 130 373 36 182 349 131 35 292 181 121 382 56 212 251 51 57 220 219 140 48 94 34 196 295 193 310 372 238 224 488 46 206 92 518 282 163 316 420 258 290 350 234 151 1 344 226 149 126 274 184 404 75 430 105 330 339 72 40 189 10 285 203 217 451 12 104 236 270 67 30 108 175 414 81 492 244 146 54 27 213 200 269 272 162 201 297 95 227 9 247 145 207 129 14 383 508 37 318 93 245 65 28 315 135 33 211 271 283 41 86 336 267 263 
355
191 8 123 464 148 113 87 222 208 180 439 469 71 39 225 120 114 53 165 229 172 411 118 346 89 7 457 199 516 277 100 96 501 252 218 367 364 23 174 79 264 472 171 280 144 343 366 64 386 60 246 417 502 300 183 18 511 2 223 362 173 261 334 216 88 143 250 25 29 3 185 47 202 505 482 110 204 153 159 487 152 160 19 107 63 125 303 24 209 443 112 45 22 406 378 42 254 127 294 142 139 77 132 62 354 384 32 119 66 324 230 190 5 194 55 76 106 278 147 397 178 188 401 68 239 348 493 138 124 241 52 369 232 214 116 273 355 115 301 155 73 405 235 286 321 59 117 102 156 90 242 69 197 70 84 396 154 136 255 253 15 176 237 473 410 498 353 50 111 74 503 187 427 342 17 99 305 419 265 58 284 306 150 243 376 13 231 256 98 128 257 78 137 157 215 83 399 428 262 479 103 161 434 21 328 16 198 268 388 168 299 134 205 331 345 179 287 371 228 122 177 31 510 240 61 169 233 26 385 195 352 133 109 80 259 38 249 260 425 304 266 210 221 0 456 130 373 36 182 349 131 35 292 181 121 382 56 212 51 57 220 219 140 48 94 34 196 295 193 310 372 238 224 488 46 206 92 518 282 163 316 420 258 290 234 151 344 226 149 126 274 184 404 75 430 105 330 339 72 40 189 10 285 203 217 451 12 104 236 270 67 30 108 175 414 81 492 244 146 54 27 213 200 269 272 162 201 297 95 227 9 247 145 207 129 14 383 508 37 318 93 245 65 28 315 135 33 211 271 283 41 86 336 267 263 
345
191 8 123 464 148 113 87 222 208 180 439 469 71 39 225 120 114 53 165 229 172 411 118 346 89 7 457 199 516 277 96 501 252 218 367 364 23 174 79 264 472 171 280 144 343 366 64 386 60 246 417 502 300 183 18 511 2 223 362 173 261 334 216 88 143 250 25 29 3 185 47 202 505 482 110 204 153 159 487 152 160 19 107 63 125 303 24 209 443 112 45 22 406 378 42 254 127 294 142 139 77 132 62 354 384 32 119 66 324 230 190 5 194 55 76 106 147 397 178 188 401 68 239 348 493 138 124 241 52 369 232 214 116 355 273 115 301 155 73 405 235 286 321 59 117 102 156 90 242 69 197 70 84 396 154 136 255 253 15 176 237 473 410 498 353 50 74 503 187 427 342 17 99 305 419 265 58 284 306 150 243 376 13 231 256 98 128 257 78 137 157 215 83 399 428 262 479 103 434 21 328 16 198 268 388 168 299 134 205 331 345 179 287 371 228 122 177 31 510 240 61 169 233 26 385 195 352 133 109 80 259 38 249 260 425 304 266 210 221 0 456 130 373 36 182 349 131 35 292 181 121 382 56 212 51 57 220 219 140 48 94 34 196 295 310 372 238 224 488 46 206 92 518 282 163 316 420 258 290 234 151 344 149 126 274 184 404 75 430 105 330 339 72 40 189 10 285 203 217 451 12 104 270 236 67 30 108 175 414 81 492 244 146 27 213 200 269 272 162 297 95 227 9 247 145 207 129 14 383 508 37 318 93 245 28 315 135 33 211 271 41 86 336 267 263 
332
224 191 8 204 17 123 464 488 148 46 113 153 159 206 92 152 339 160 487 87 99 282 518 305 270 419 222 265 19 58 163 316 107 63 208 284 125 420 150 258 24 243 303 376 13 209 290 231 443 112 180 256 234 98 151 439 344 469 45 71 128 257 39 149 225 22 78 120 42 126 114 137 157 254 378 215 83 399 428 262 127 274 479 103 184 21 328 16 75 198 53 165 430 229 172 268 105 388 411 330 294 299 142 72 77 132 40 134 10 62 118 139 32 119 189 66 205 324 331 345 346 285 203 179 217 451 89 7 12 104 236 287 67 199 190 230 277 30 228 122 371 516 5 96 501 194 55 414 177 252 76 106 81 492 218 244 31 364 367 23 147 397 510 146 178 240 188 401 27 174 68 61 169 200 213 233 26 239 385 348 195 493 264 138 352 133 384 124 241 52 369 232 109 472 80 171 269 280 259 38 214 116 144 272 343 162 260 425 304 273 457 355 115 301 366 155 210 221 73 0 64 297 386 60 405 456 130 95 246 417 300 502 235 227 9 247 183 286 18 373 2 145 511 36 321 223 207 129 59 182 14 117 349 362 173 383 102 508 131 156 261 90 242 35 406 37 292 69 197 245 181 70 121 28 84 382 396 315 154 334 216 56 212 33 51 57 88 136 211 255 271 220 143 219 140 250 48 25 253 29 15 41 3 176 86 185 94 34 237 196 47 336 473 202 267 295 410 498 505 310 372 263 353 238 50 482 110 74 503 187 427 342 
322
224 191 8 204 17 123 464 488 148 46 113 153 159 206 92 152 339 160 487 87 99 282 518 305 270 419 222 265 19 58 163 316 107 63 208 284 125 420 150 258 24 243 303 376 13 209 290 231 443 112 180 256 234 98 151 439 344 469 45 71 257 39 149 225 22 78 120 42 126 114 137 157 254 378 215 83 399 428 262 127 274 479 103 184 21 328 16 75 198 165 53 430 229 172 268 105 388 411 330 294 299 142 72 77 40 134 132 189 62 118 205 32 119 10 66 331 324 345 346 384 285 203 179 217 451 89 7 12 104 236 287 67 199 190 230 277 30 228 122 371 516 5 96 501 194 55 414 177 252 106 81 492 218 244 31 364 367 23 147 397 510 146 178 240 188 401 27 174 68 61 169 200 213 233 26 239 385 348 195 493 264 138 352 133 124 52 369 232 109 472 80 171 269 280 259 38 214 116 272 343 162 260 425 304 273 457 355 115 301 366 155 210 221 73 0 64 297 386 60 456 130 95 246 417 300 502 235 227 9 247 183 286 18 373 2 145 511 36 321 223 129 59 182 14 117 349 362 173 383 102 508 131 156 261 90 35 406 37 292 69 197 245 181 70 121 28 84 382 396 315 154 334 216 56 212 33 51 57 88 136 211 255 271 220 143 219 140 250 48 25 253 29 15 41 3 176 86 185 94 34 237 196 47 473 202 267 295 410 498 310 372 263 353 238 50 482 110 74 503 187 427 342 
317
224 191 8 204 17 123 464 488 148 46 113 153 159 206 92 152 339 160 487 87 99 282 518 305 270 419 222 265 19 58 163 316 107 63 208 284 125 420 150 258 24 243 376 290 13 209 231 443 112 180 256 234 98 151 439 344 469 45 71 257 39 149 225 22 120 78 42 126 114 137 157 254 378 215 83 399 428 262 127 274 479 103 184 21 328 16 75 198 165 53 229 172 268 105 388 411 330 294 299 142 72 77 40 134 132 189 62 118 205 32 119 10 66 331 324 345 346 384 285 203 179 217 451 89 7 12 104 236 287 67 199 190 230 277 30 228 122 371 516 96 501 194 55 414 177 252 106 81 492 218 244 31 364 367 23 147 397 510 146 178 240 188 401 27 174 68 61 169 200 233 239 26 213 385 348 195 493 264 138 352 133 124 52 369 232 109 472 80 171 269 280 259 38 214 116 272 343 162 260 425 304 273 457 355 115 301 366 155 210 221 73 0 64 297 386 60 456 130 95 246 417 300 502 235 227 9 247 183 286 18 373 2 145 511 36 321 223 129 59 182 14 117 349 362 173 383 102 508 131 156 261 90 35 406 37 292 69 197 245 181 70 121 28 84 382 396 315 154 334 216 56 212 33 51 57 88 136 211 255 271 220 143 219 140 250 48 25 253 29 15 41 3 176 86 94 34 237 196 47 202 267 295 410 498 310 372 263 353 238 50 482 110 74 503 187 427 342 
302
191 8 204 17 123 464 488 148 46 113 153 159 206 92 339 487 160 87 99 282 518 305 270 419 222 265 19 58 163 316 107 63 208 284 125 420 150 258 24 243 376 290 13 209 231 443 112 180 256 234 98 151 439 344 469 45 71 257 39 149 225 22 120 78 42 126 114 137 157 254 378 215 83 399 262 127 274 479 103 184 21 328 16 75 198 165 53 229 172 268 105 388 411 330 294 299 142 72 77 40 134 132 10 62 118 205 32 119 384 66 331 324 345 346 285 203 179 217 89 7 12 104 236 287 67 199 190 230 277 30 228 122 371 516 96 501 194 55 414 177 252 106 81 218 244 31 364 367 23 147 397 510 146 178 188 401 27 174 68 239 169 200 233 213 26 348 385 195 264 138 352 133 124 52 369 232 109 472 80 171 269 280 259 38 214 116 272 343 260 425 304 273 355 115 301 366 210 221 73 0 64 297 386 60 456 130 95 246 417 300 502 235 227 9 247 183 286 18 373 2 145 511 36 321 223 129 59 182 14 117 349 362 173 383 102 508 131 156 261 90 35 406 37 292 69 197 245 181 70 121 28 382 396 315 154 334 216 56 212 33 51 57 88 136 255 271 220 143 219 140 250 48 25 253 29 15 3 176 86 94 34 237 196 47 202 267 295 410 498 310 372 263 353 238 50 482 110 74 503 187 427 342 
289
191 8 204 17 123 464 488 148 46 113 153 159 206 92 487 160 40 87 99 282 518 305 270 419 222 265 19 58 163 316 107 63 208 284 125 420 150 258 24 243 376 290 13 209 231 443 112 180 256 234 98 151 439 344 469 45 71 257 39 149 225 22 120 78 42 137 114 157 378 254 406 215 83 399 262 127 274 479 103 21 328 16 75 198 165 53 229 172 268 105 388 411 330 294 299 142 72 77 134 132 339 10 62 118 205 32 119 384 66 331 324 346 345 285 203 179 217 89 7 12 104 236 287 67 199 190 230 277 30 228 122 371 516 96 194 414 177 252 106 81 218 244 31 364 367 23 147 397 510 146 178 188 401 27 174 68 239 169 200 233 213 26 348 385 195 264 138 352 133 124 52 369 232 109 472 80 171 269 280 38 116 272 343 260 425 304 273 115 301 366 210 221 73 0 64 297 386 60 130 95 246 417 300 502 235 227 9 247 183 286 18 373 2 145 511 36 321 223 129 59 182 14 117 349 362 173 383 102 508 131 156 261 90 35 37 292 69 197 245 181 121 28 396 315 154 334 216 56 212 33 51 57 88 136 255 271 220 143 219 250 48 25 253 29 15 3 176 86 94 34 237 47 202 267 410 498 310 372 263 353 238 50 482 110 74 503 187 427 342 
269
191 8 204 17 488 464 148 46 113 153 159 206 92 487 160 40 87 99 518 305 270 419 222 265 58 163 316 107 208 63 284 125 420 150 258 24 243 376 290 13 209 231 443 112 180 256 234 151 439 344 469 45 71 257 39 149 225 22 120 137 42 78 114 157 378 254 215 399 262 127 274 479 103 21 328 16 75 198 165 53 229 172 268 105 388 411 330 294 299 142 134 72 77 132 339 10 62 118 205 32 119 384 66 331 324 346 345 285 203 179 217 89 7 12 104 236 287 67 199 190 230 277 30 228 122 371 516 96 194 414 177 252 106 81 218 244 31 364 367 23 147 397 510 146 178 188 401 27 174 68 239 169 200 233 348 385 195 138 352 133 124 52 369 232 472 80 171 269 280 38 116 272 260 425 304 273 115 301 73 0 64 297 386 60 130 95 246 502 300 235 227 9 286 183 373 18 511 2 145 321 36 223 129 59 182 14 117 349 362 173 383 102 508 131 156 261 90 35 37 292 69 197 245 181 121 28 396 315 154 334 216 56 212 33 51 57 88 255 271 220 143 219 250 48 25 253 15 176 86 94 34 237 47 202 267 498 310 372 263 353 238 50 482 110 74 503 187 427 342 
262
191 8 204 17 488 464 148 113 153 159 206 92 487 160 87 99 518 305 270 419 222 265 58 163 316 107 208 63 284 125 420 150 258 24 243 376 290 13 209 231 443 112 180 256 234 151 439 344 469 45 71 257 39 149 22 137 78 42 120 114 157 378 254 215 399 262 127 479 103 21 328 16 75 198 165 53 229 172 268 105 388 411 330 294 299 142 134 72 77 132 40 10 62 118 205 32 119 384 66 331 324 346 345 285 203 179 217 89 7 12 104 236 287 67 199 190 230 277 30 228 122 371 516 96 194 414 177 252 106 81 218 367 31 364 23 147 397 510 146 178 188 401 27 174 68 239 169 200 233 348 385 195 138 352 133 124 52 369 232 472 80 171 269 280 38 116 272 260 425 304 273 115 301 73 0 64 297 386 60 130 95 246 502 300 235 227 9 286 183 373 18 511 2 145 321 36 223 129 59 182 14 117 349 362 173 383 102 508 131 156 261 90 35 37 292 69 197 245 181 121 28 396 315 154 334 216 56 212 33 57 88 255 271 220 143 219 250 48 25 253 15 176 86 94 34 237 47 202 267 310 372 263 353 238 50 482 110 74 503 187 427 342 
249
191 8 204 17 488 464 148 153 159 206 92 487 160 87 99 518 305 419 222 265 58 163 316 107 208 63 284 125 420 150 258 24 243 376 290 13 209 231 443 112 180 256 234 151 439 344 469 71 39 149 22 78 120 42 137 114 157 378 215 399 262 127 479 103 21 328 16 75 198 165 53 229 172 268 105 388 411 330 294 299 142 72 77 132 134 40 10 62 118 205 32 119 384 66 331 324 346 345 285 203 179 217 89 12 287 104 236 270 67 199 190 230 277 30 228 122 371 516 96 194 414 177 252 106 81 218 367 31 364 23 147 397 510 146 178 188 401 27 174 68 239 200 348 385 195 352 133 124 52 369 232 472 80 171 269 280 38 116 272 260 425 304 273 115 301 73 0 64 297 386 60 246 95 502 300 235 227 9 286 183 373 18 511 2 145 321 36 223 129 59 182 14 117 349 362 173 383 102 131 156 261 90 35 37 292 197 245 181 121 28 396 315 154 216 56 33 57 88 255 271 220 143 219 250 48 25 253 15 176 86 94 34 237 47 202 267 310 372 263 353 238 50 482 110 74 503 187 427 342 
236
191 8 204 17 488 464 148 153 159 487 92 160 87 99 305 419 222 265 58 163 316 107 208 63 284 125 420 150 258 24 243 376 290 13 209 231 443 112 180 256 234 151 344 469 71 39 149 22 78 120 42 137 114 157 378 215 399 262 127 479 103 21 328 16 75 198 165 53 229 172 268 105 388 411 330 294 299 142 72 77 132 134 40 10 62 118 205 32 119 384 66 331 324 346 345 285 179 89 12 287 104 236 270 67 230 190 199 277 371 228 516 96 194 414 177 252 106 81 218 367 31 364 23 147 397 510 146 178 188 401 27 174 68 239 200 348 385 195 352 133 124 52 369 232 472 80 171 269 280 38 116 272 260 304 273 115 301 73 0 64 297 386 60 246 95 502 300 235 227 286 373 183 18 511 2 145 321 36 223 129 59 182 349 117 362 173 383 102 131 156 261 90 35 37 292 197 245 181 121 28 396 315 154 216 56 33 57 88 271 220 143 219 250 48 25 253 15 176 86 34 237 47 202 267 310 372 263 353 238 50 482 110 74 503 187 427 
231
191 8 204 17 488 464 148 153 159 487 92 160 87 99 305 419 222 265 58 163 316 107 208 63 284 125 420 150 258 24 243 376 290 13 209 231 443 112 180 256 234 151 344 469 71 39 149 22 78 120 42 157 114 378 215 399 262 127 479 103 21 328 16 75 198 165 53 229 172 268 105 388 411 330 294 299 142 72 77 132 134 40 10 62 118 384 32 119 66 331 324 346 345 285 179 89 12 287 104 236 270 67 230 190 199 277 371 228 516 96 194 414 177 252 106 81 218 367 31 23 147 397 510 146 178 188 401 27 174 68 239 200 348 385 195 133 124 52 369 232 472 80 171 269 280 38 116 272 260 304 273 115 301 73 0 64 297 386 60 246 95 502 300 235 227 286 373 183 511 2 145 321 36 223 129 59 182 349 117 362 173 383 102 131 156 261 90 35 37 292 197 245 181 121 28 396 315 154 216 56 33 57 88 271 220 143 219 250 48 25 253 15 176 86 34 237 47 202 267 310 372 263 353 238 50 482 110 74 503 187 427 
220
191 8 204 17 488 464 148 153 159 92 160 87 99 305 419 222 265 58 163 316 107 208 63 284 125 420 150 258 24 243 376 290 13 209 231 112 180 256 234 151 344 469 71 39 149 22 78 120 42 157 114 378 215 399 262 127 479 103 21 328 16 75 198 165 53 229 172 268 105 388 411 330 294 299 72 77 134 40 10 62 118 384 32 119 66 331 324 346 345 285 89 12 287 104 236 270 67 230 190 199 277 371 228 516 96 194 414 177 252 106 81 218 367 31 23 147 397 510 146 178 188 401 27 174 239 200 348 385 195 133 124 52 369 232 472 80 171 269 280 38 116 272 260 304 273 115 301 73 0 64 297 386 60 246 95 300 235 227 286 373 183 511 2 145 321 36 223 129 59 182 349 117 362 173 383 102 131 156 261 90 35 37 292 197 245 181 121 28 315 154 56 33 57 88 271 220 143 219 253 25 15 176 86 34 237 47 202 267 310 372 263 353 238 50 482 110 74 503 187 427 
215
191 8 204 17 488 464 148 153 159 92 160 87 99 305 419 222 265 58 163 316 107 208 63 284 125 420 150 258 243 376 290 13 209 231 112 180 256 234 151 344 469 71 39 149 22 78 120 42 157 114 378 215 399 262 127 479 103 21 328 16 75 198 165 53 229 172 268 105 388 411 330 294 299 72 77 134 40 10 62 118 384 32 119 66 331 324 346 345 285 89 12 287 104 236 270 67 230 190 199 277 371 228 516 96 194 414 177 252 106 81 218 367 31 23 147 397 510 178 146 188 27 174 239 200 348 385 195 133 124 52 369 232 472 80 171 269 280 38 116 272 260 304 273 115 301 73 0 64 297 386 60 246 95 300 235 227 286 373 183 511 2 145 36 223 129 59 182 349 117 362 173 383 102 131 156 261 90 35 37 292 197 245 181 121 28 315 154 56 33 88 271 220 143 219 253 25 15 176 86 34 237 47 202 267 310 372 263 353 50 482 110 74 503 187 427 
