10
406
84 337 265 431 19 181 126 350 149 58 178 228 355 352 393 334 155 309 361 138 202 446 438 288 143 42 250 174 299 471 375 91 128 100 148 297 116 7 152 171 92 82 125 197 195 134 194 267 272 26 300 461 23 421 6 38 139 4 296 205 94 211 380 199 270 388 392 104 117 218 184 357 436 238 323 462 252 254 222 367 109 182 478 183 479 124 99 328 28 136 187 2 410 170 295 158 33 333 56 186 113 377 112 146 243 418 190 324 217 229 330 85 141 216 317 15 21 298 121 220 53 44 169 406 331 310 66 212 344 249 437 189 247 76 237 416 422 351 278 274 245 123 162 411 440 83 257 46 273 384 65 67 154 432 140 210 96 223 179 464 312 93 127 208 387 63 167 8 133 87 77 95 322 98 150 201 207 32 114 379 175 166 271 22 448 206 463 129 358 193 59 359 415 304 232 156 122 39 12 37 313 163 68 48 108 275 221 476 398 74 226 90 10 346 118 289 269 215 343 1 445 57 307 365 306 342 427 219 64 165 5 160 115 240 456 80 277 363 321 180 231 258 25 78 253 280 276 40 185 400 168 35 279 420 284 45 0 439 192 70 403 79 319 426 405 347 9 369 412 224 214 17 430 397 103 339 71 372 435 34 151 69 43 395 159 481 119 227 196 18 20 230 105 293 3 47 336 370 373 383 316 111 51 381 327 73 283 204 444 11 106 101 213 86 142 366 16 235 262 89 259 200 203 177 332 172 61 54 447 340 132 256 341 433 60 234 88 335 102 110 449 301 236 161 241 473 305 135 239 24 308 302 147 131 348 414 260 294 50 120 29 320 434 424 55 173 30 13 52 315 282 27 345 41 198 391 242 144 14 401 153 263 36 209 49 191 97 311 75 285 31 188 353 130 251 176 107 62 474 349 286 72 225 255 290 233 
397
84 337 265 431 19 181 126 350 149 58 178 228 355 352 393 334 155 309 361 138 202 446 438 288 143 42 250 174 299 471 375 91 128 100 148 297 116 7 152 171 92 82 125 197 195 134 194 267 26 300 461 23 421 6 38 139 4 296 205 94 211 380 199 270 388 392 104 117 218 184 357 436 238 323 462 252 254 222 367 109 182 183 479 99 328 28 136 187 2 410 170 295 158 33 333 56 186 113 377 112 146 243 418 190 324 217 229 330 85 141 216 317 15 21 298 121 220 53 44 169 406 331 310 66 212 344 249 189 247 76 416 422 351 278 274 245 123 162 411 440 83 257 46 273 384 65 67 154 432 140 210 96 223 179 464 312 93 127 208 387 63 167 8 133 87 77 95 322 98 150 201 207 32 114 379 175 166 271 22 206 463 129 358 193 59 359 415 304 232 156 122 39 12 37 313 163 68 48 108 275 221 476 398 74 226 90 10 346 118 289 269 215 343 1 445 57 307 365 306 342 427 219 64 165 5 115 240 456 80 277 363 321 180 231 258 25 78 253 280 276 40 185 400 168 35 279 420 284 45 0 439 70 403 79 319 426 405 347 9 369 412 224 17 430 397 103 339 71 372 435 34 151 69 43 395 159 481 119 227 196 18 20 230 105 293 3 47 336 370 373 383 316 111 51 381 327 73 283 204 444 11 106 101 213 86 142 366 16 235 262 89 259 200 203 177 332 172 61 54 447 340 132 256 341 433 60 234 88 335 102 110 449 301 236 161 241 473 305 135 239 24 308 302 147 131 348 414 260 294 50 120 424 29 434 320 55 173 30 13 52 315 282 27 345 41 198 391 242 144 14 401 153 263 36 209 49 191 97 311 75 285 31 188 353 130 251 176 107 62 474 349 286 72 225 255 290 233 
391
84 337 265 431 19 181 126 350 149 58 178 228 355 352 393 334 155 309 361 138 202 446 438 288 143 42 250 174 299 471 375 91 128 100 148 297 116 7 152 171 92 82 125 197 195 134 194 267 26 300 461 23 421 6 38 139 4 296 205 94 211 380 199 270 388 392 104 117 218 184 357 238 323 462 252 254 367 109 182 183 479 99 328 28 136 187 2 410 170 295 158 33 333 186 113 112 146 243 418 190 324 217 229 330 85 141 216 317 15 21 298 121 220 53 44 169 406 331 310 66 212 344 249 189 247 76 416 422 351 278 274 245 123 162 411 440 83 257 46 273 384 65 67 154 432 140 210 96 223 179 464 312 93 127 208 387 63 167 8 133 87 77 95 322 98 150 201 207 32 114 379 175 166 271 22 206 463 129 358 193 59 359 415 304 232 156 122 39 12 37 313 163 68 48 108 275 221 476 398 74 226 90 10 118 289 269 215 343 1 445 57 307 365 306 342 427 219 64 165 5 115 240 456 80 277 363 321 180 231 258 25 78 253 280 276 40 185 400 168 35 279 420 284 45 0 439 70 403 79 319 426 405 347 9 369 412 224 17 430 397 103 339 71 372 435 34 151 69 43 395 159 481 119 227 196 18 20 230 105 293 3 47 336 370 373 383 316 111 51 381 327 73 283 204 444 11 106 101 213 86 142 366 16 235 262 89 259 200 203 177 332 172 61 54 447 340 132 256 341 433 60 234 88 335 102 110 449 301 236 161 241 473 305 135 239 24 308 147 131 348 414 260 294 50 120 424 29 434 320 55 173 30 13 52 315 282 27 345 41 198 391 242 144 14 401 153 263 36 209 49 191 97 311 75 285 31 188 353 130 251 176 107 62 474 349 286 72 225 255 290 233 
385
84 337 265 431 19 181 126 350 149 58 178 228 355 352 393 334 155 309 361 138 202 446 438 288 42 250 174 299 471 375 91 128 100 148 297 116 7 152 171 92 82 125 197 195 134 194 267 26 300 461 23 421 6 38 139 4 296 205 94 211 380 199 270 388 392 104 117 218 184 357 238 323 462 252 254 367 109 182 183 479 99 328 28 136 187 2 410 170 295 158 33 333 186 113 112 146 243 418 190 324 217 229 330 85 141 216 317 15 21 298 121 220 53 44 169 406 331 310 66 344 249 189 247 76 416 422 351 278 274 245 123 162 411 440 83 257 46 273 384 65 67 154 432 210 140 96 223 179 464 312 93 127 208 387 63 167 133 8 87 77 95 322 98 150 201 207 32 114 379 175 166 271 22 206 463 129 358 193 59 359 415 304 232 156 122 39 12 37 313 163 68 48 108 275 221 476 398 74 226 90 10 118 289 269 215 343 1 445 57 307 365 306 342 427 219 64 165 5 115 240 456 80 277 363 321 180 231 258 25 78 253 280 276 40 185 400 168 35 279 420 284 0 439 70 403 79 319 426 405 347 9 369 412 224 17 430 397 103 339 71 372 435 34 151 69 43 395 159 481 119 227 196 18 20 230 105 293 3 47 336 370 373 383 316 111 51 381 327 73 283 204 444 11 106 101 213 86 142 366 16 262 89 259 200 203 177 332 172 61 54 447 340 132 256 341 433 60 234 88 335 102 110 449 301 236 161 241 473 305 135 239 24 308 147 131 348 414 260 294 50 120 424 29 434 320 55 173 30 13 52 315 27 345 41 198 391 242 144 14 401 153 263 36 209 49 191 97 75 285 31 188 353 130 251 176 107 62 474 349 286 72 225 255 290 233 
373
84 337 265 431 19 181 126 350 149 58 178 355 352 393 334 155 309 361 138 202 446 438 288 42 250 174 299 471 91 128 100 148 297 116 152 171 92 82 197 195 134 194 267 26 300 461 23 421 6 38 139 4 296 205 94 211 380 199 270 388 392 104 117 218 184 357 238 323 462 252 254 367 109 182 183 479 99 328 28 136 187 2 410 170 295 158 33 333 186 113 112 146 243 418 190 324 217 229 330 85 141 216 317 15 21 298 121 220 53 44 169 406 331 310 66 344 249 189 247 76 416 422 351 278 274 123 411 440 83 257 46 273 384 65 67 154 210 140 96 223 179 464 312 93 127 208 63 387 167 133 8 87 77 95 322 98 150 201 207 32 114 379 175 166 271 22 206 463 129 358 193 59 359 415 304 232 156 122 39 12 37 313 163 68 48 108 275 221 476 398 74 226 90 10 118 289 269 215 343 1 445 57 307 365 306 342 219 64 165 5 115 240 456 80 277 363 321 180 231 258 25 78 253 276 40 185 400 168 35 279 420 284 0 439 70 403 79 319 405 347 9 369 412 224 17 430 397 103 339 71 372 435 34 151 69 43 395 159 481 119 227 196 18 20 230 105 293 3 47 336 370 373 383 316 111 51 381 327 73 283 204 444 11 106 101 213 86 142 366 16 262 89 259 200 203 177 332 172 61 54 447 340 132 256 341 433 60 234 88 335 102 110 301 236 161 241 473 305 135 24 308 147 131 348 414 260 294 50 120 29 424 434 320 55 173 30 13 52 315 27 345 41 198 391 242 144 14 401 153 263 36 209 49 191 97 75 285 31 188 353 130 251 176 107 62 474 349 286 72 225 255 290 233 
361
84 337 265 431 19 181 126 350 149 58 178 355 352 393 334 309 361 138 202 438 288 42 250 174 299 471 91 128 100 148 297 116 152 171 92 82 197 195 134 194 267 26 300 461 23 421 6 139 4 296 205 94 211 380 199 270 388 392 104 117 218 184 357 238 323 462 252 254 367 109 182 183 479 99 328 28 136 187 2 410 170 295 158 33 333 186 113 112 146 243 418 190 324 217 229 330 85 141 216 317 15 21 298 121 220 53 44 169 406 331 310 66 344 249 189 247 76 416 422 351 278 274 123 411 440 83 257 46 273 384 65 67 154 210 140 96 223 179 464 312 93 127 208 63 387 167 133 8 87 77 95 322 98 201 207 32 114 379 175 166 271 22 206 463 129 358 193 59 415 304 232 156 122 39 12 37 313 163 68 48 108 275 221 476 398 74 226 10 118 289 269 343 445 57 307 365 306 342 219 64 165 5 115 240 456 80 277 363 321 180 231 258 25 78 253 276 40 185 400 168 35 279 420 284 0 439 70 403 79 319 405 347 9 369 224 17 430 397 103 339 71 372 435 34 69 43 395 159 481 119 227 196 18 20 230 105 293 3 47 336 370 373 383 316 111 51 381 327 73 283 204 444 11 106 101 213 86 142 366 16 262 89 259 200 203 177 332 172 61 54 447 340 132 256 341 433 60 234 88 335 102 110 301 236 161 305 241 473 135 24 308 147 131 414 260 294 50 120 29 320 434 55 173 30 13 52 315 27 345 41 198 391 242 144 14 401 153 263 36 209 49 191 97 75 285 31 188 353 130 251 176 107 62 474 349 286 72 225 255 290 233 
352
84 337 265 431 19 181 126 350 149 58 178 355 352 393 334 309 361 138 202 438 288 42 250 174 299 471 91 128 100 148 297 116 152 171 92 82 197 195 134 194 267 26 300 461 23 421 6 139 4 296 205 94 211 380 199 270 388 392 104 117 218 184 357 238 323 462 252 254 367 109 182 183 479 99 328 28 136 187 2 410 170 295 158 33 186 113 112 146 243 418 190 324 217 229 330 85 141 216 317 21 298 121 220 53 44 169 406 331 310 66 344 249 189 247 76 416 422 351 278 274 123 411 440 83 257 46 384 65 67 154 210 140 96 223 179 464 312 93 127 208 63 387 167 133 8 87 95 322 98 201 207 32 114 379 175 166 271 22 206 463 129 358 193 59 415 304 232 156 122 39 12 37 313 163 68 48 108 275 221 476 398 74 226 10 118 289 269 343 445 57 307 365 306 219 165 5 115 240 456 80 277 363 321 180 231 258 25 78 253 276 40 185 400 168 35 420 284 0 439 70 403 79 319 405 9 369 224 17 430 397 103 339 71 372 435 34 69 43 395 159 481 119 227 196 18 20 230 105 293 3 47 336 370 373 383 316 111 51 381 327 73 283 204 444 11 106 101 213 86 142 366 16 262 89 259 200 203 177 332 172 61 54 447 340 132 256 341 433 60 234 88 335 102 110 301 236 241 305 161 473 135 24 308 147 131 414 260 294 50 120 29 320 434 55 173 30 13 52 315 27 41 198 391 242 144 14 401 153 263 36 209 49 191 97 75 285 31 188 353 130 251 176 107 62 474 349 286 72 225 255 290 233 
345
84 337 265 431 19 181 126 350 149 58 178 355 352 393 334 309 361 138 202 438 288 42 250 174 299 471 91 128 100 148 297 116 152 171 92 82 197 195 134 194 267 26 300 461 23 421 6 139 4 296 205 94 211 380 199 270 388 392 104 117 218 184 357 238 323 462 252 254 367 109 182 183 479 99 328 28 136 2 410 170 295 158 33 186 113 112 146 243 418 190 324 217 229 330 85 141 216 317 21 298 121 220 53 44 169 406 331 310 66 344 249 189 247 76 416 422 351 278 274 123 411 440 83 257 46 384 65 67 154 210 140 96 223 179 464 312 93 127 208 63 387 167 133 8 87 95 322 98 201 207 32 114 379 175 166 271 22 206 463 129 358 193 59 415 304 232 156 122 39 12 37 313 163 68 48 108 275 221 476 398 74 226 10 118 289 269 343 445 57 307 306 219 165 5 115 240 456 80 277 363 321 180 231 258 25 78 253 276 40 185 400 168 420 284 0 439 70 403 79 319 405 9 369 224 17 430 397 103 339 71 372 435 34 69 43 395 159 481 119 227 196 18 20 230 105 293 3 47 336 370 373 383 316 111 51 327 73 283 204 444 11 106 101 213 86 142 366 16 262 89 259 200 203 177 172 61 54 447 340 132 256 341 433 60 234 88 335 102 110 301 236 241 305 161 135 24 308 147 131 414 260 294 50 120 29 320 434 173 30 13 52 315 27 41 198 391 242 144 14 401 153 263 36 209 49 191 97 75 285 31 188 353 130 251 176 107 62 474 349 286 72 225 255 290 233 
340
86 84 108 275 337 142 418 366 265 190 221 324 16 229 217 330 262 476 431 74 19 226 89 259 85 141 126 181 200 216 118 350 10 149 203 289 317 269 21 343 177 298 121 58 445 178 220 172 61 54 447 53 340 355 57 352 132 393 44 334 169 256 406 306 331 309 341 219 433 361 60 165 310 66 138 5 88 234 202 344 249 115 416 240 456 438 80 288 335 277 363 102 110 321 301 236 201 42 180 231 189 241 258 161 305 247 25 250 174 278 274 78 422 253 299 351 276 40 24 308 471 405 91 128 100 131 148 147 123 116 297 414 185 400 260 294 50 152 120 411 171 92 168 440 29 320 82 434 197 195 134 83 194 257 46 173 384 65 67 154 267 30 13 52 26 210 140 420 300 461 23 96 223 284 179 315 464 312 0 93 439 421 6 70 403 79 139 27 319 41 4 127 208 63 387 296 167 133 9 198 87 94 205 8 369 211 95 199 224 391 380 17 242 322 270 144 388 430 392 397 14 104 401 103 153 207 218 117 357 339 98 71 184 238 323 32 263 114 372 36 435 209 34 252 462 49 191 69 379 97 254 43 175 166 271 395 159 75 285 481 119 227 31 188 22 196 353 130 18 109 20 251 230 105 367 293 176 206 463 3 182 107 129 62 358 474 183 479 47 336 349 99 370 328 28 383 136 316 111 286 51 72 225 327 193 59 2 410 170 255 295 158 415 290 232 233 33 73 156 186 113 122 373 39 283 204 444 112 12 11 106 37 146 243 313 163 101 213 68 48 
326
86 84 108 275 337 142 418 366 265 190 221 324 229 217 330 476 431 74 19 226 89 259 85 141 126 181 200 350 118 10 149 203 289 317 269 21 343 177 298 121 58 445 178 220 172 61 54 447 53 340 355 57 352 132 393 44 334 169 256 406 306 331 309 433 361 60 165 310 66 138 5 88 234 202 344 249 115 416 240 456 80 288 335 277 363 102 110 321 301 236 201 42 180 231 189 241 258 161 305 247 25 250 174 278 274 78 422 253 351 276 40 24 308 471 91 128 100 131 148 147 123 116 297 414 185 400 260 294 50 152 120 411 171 92 168 440 29 320 82 434 197 195 134 83 257 46 173 384 65 67 154 267 30 52 420 210 140 26 300 461 23 96 223 284 179 315 464 312 0 93 439 421 6 70 403 79 139 27 319 41 4 127 208 63 387 405 167 133 198 205 87 94 8 369 9 211 95 199 224 391 380 17 242 322 270 144 388 430 392 397 14 104 401 103 153 207 218 117 357 339 98 71 184 238 323 32 263 114 372 36 435 209 34 252 462 49 191 69 379 97 254 43 175 166 271 395 159 75 285 31 119 227 188 22 353 130 367 109 20 251 230 105 293 176 206 463 3 182 107 129 62 358 474 183 479 47 336 349 99 370 328 28 383 136 316 111 286 51 72 225 327 193 59 2 410 170 255 295 158 415 290 232 233 33 73 156 186 113 122 373 39 283 204 444 112 12 11 106 146 243 313 163 101 213 68 48 
