11
409
412 419 143 212 257 413 84 440 54 334 344 343 8 445 47 73 170 291 122 283 22 455 279 130 79 184 246 471 113 134 286 207 128 355 55 52 3 203 179 80 33 61 36 111 272 420 401 140 171 115 233 201 195 361 26 435 293 110 135 152 414 260 308 202 219 199 177 304 31 15 150 370 164 123 58 125 34 512 371 119 124 228 129 377 5 174 386 51 114 242 200 88 421 269 105 68 82 70 133 367 456 221 136 101 310 147 139 56 222 258 316 62 261 271 488 153 369 25 423 296 197 424 226 149 213 322 74 317 112 96 331 393 71 508 205 181 404 165 264 345 126 397 506 121 428 318 92 230 259 287 198 188 16 492 107 137 144 86 13 151 379 249 218 17 27 215 0 429 168 465 267 301 12 342 1 90 214 141 103 65 270 76 120 75 443 53 395 48 466 145 24 382 285 67 340 511 278 338 106 21 248 183 192 9 204 490 116 319 329 240 163 280 156 196 176 211 245 148 359 247 389 42 166 118 189 155 206 14 231 295 307 100 63 32 408 175 191 178 173 373 194 94 453 299 288 392 60 210 172 268 225 190 493 50 19 315 37 234 44 239 364 400 30 193 255 277 273 349 154 7 312 238 185 384 325 323 330 138 81 167 254 326 244 444 78 162 289 357 276 252 93 95 360 311 458 232 449 182 489 77 452 64 160 186 72 209 302 220 57 132 368 487 346 216 391 28 433 251 351 20 109 45 352 282 306 161 102 69 333 4 358 336 87 284 158 483 187 10 253 99 85 347 180 23 496 431 236 98 108 500 117 2 363 274 127 157 40 303 217 142 146 448 35 341 208 290 457 6 11 366 224 43 327 49 403 97 256 378 405 83 39 300 131 350 396 314 305 59 339 398 354 38 227 434 321 353 29 390 416 41 362 348 169 484 159 223 365 320 415 
398
412 419 143 212 257 413 84 440 54 334 344 343 8 445 47 73 170 291 122 283 22 455 279 130 79 184 246 471 113 134 286 207 128 355 55 52 3 203 179 80 33 61 36 272 420 401 140 171 115 233 201 195 361 26 435 293 110 135 152 414 260 308 202 219 199 177 304 31 15 150 370 164 123 125 34 512 371 119 124 228 129 377 5 174 386 51 114 242 200 88 421 269 105 68 82 70 133 367 456 221 136 101 310 147 139 56 222 258 316 62 261 271 488 153 25 423 296 197 424 226 213 149 322 74 112 96 331 393 71 508 205 404 165 264 345 126 397 506 121 428 318 92 230 259 287 198 188 16 492 107 144 86 13 151 379 249 218 17 27 215 0 429 168 465 267 301 12 342 1 90 214 141 103 65 270 76 120 75 443 53 395 48 466 145 24 382 285 67 340 278 338 106 21 248 183 192 9 204 490 116 319 329 240 163 280 156 196 176 211 245 148 359 247 389 42 166 118 189 155 206 14 231 295 307 100 63 32 408 175 191 178 173 373 194 94 453 299 288 392 60 210 172 268 225 190 493 50 19 315 37 234 44 239 364 400 30 193 255 277 273 349 154 7 312 238 185 384 325 323 330 138 81 167 254 326 244 444 78 162 289 357 252 93 95 360 311 458 232 449 182 489 77 452 160 64 186 72 209 302 220 57 132 368 487 346 216 391 28 433 251 351 20 109 45 352 282 306 161 102 69 333 4 358 336 87 284 158 483 187 10 253 99 85 347 180 23 496 431 236 98 108 500 117 2 363 274 127 157 40 303 217 142 146 448 35 341 208 290 457 6 11 366 224 43 327 49 403 97 256 378 405 83 39 300 131 396 314 305 59 339 398 354 38 227 434 321 29 390 416 41 362 169 484 159 223 365 320 415 
383
412 419 143 212 257 84 54 334 344 343 8 445 47 73 170 291 122 283 22 279 130 79 184 246 471 113 134 286 207 128 355 55 52 3 203 179 80 33 61 36 272 420 401 140 171 115 233 201 195 26 435 293 110 135 152 414 260 308 202 219 199 177 304 31 15 150 370 164 123 125 34 512 371 119 124 228 129 377 5 174 51 114 242 200 88 421 269 105 68 82 70 133 367 456 221 136 101 310 147 139 222 258 316 62 261 271 488 153 25 423 296 197 424 226 213 149 322 74 96 331 393 71 508 205 404 165 264 345 126 397 506 121 428 318 92 259 287 198 188 16 492 107 144 86 13 151 379 218 17 27 215 429 168 465 267 301 12 342 1 90 214 141 103 65 270 76 120 75 443 395 48 466 145 24 382 285 67 340 278 338 106 21 248 183 192 9 204 490 116 319 329 240 163 280 156 176 211 245 148 359 247 389 42 166 118 189 155 206 14 231 295 307 100 63 32 408 175 191 178 173 373 194 94 453 299 288 392 60 210 172 268 225 190 50 19 315 37 234 44 239 364 400 30 193 255 277 273 349 154 7 312 238 185 384 325 323 330 81 167 254 326 244 444 78 162 289 357 252 93 95 360 311 458 232 449 182 489 77 452 160 64 186 72 209 302 57 132 368 487 346 216 391 28 433 251 351 20 109 45 352 282 306 161 102 69 333 4 358 336 87 284 158 483 187 10 253 99 85 347 180 23 496 431 236 98 108 500 117 2 363 274 127 157 40 303 217 142 146 448 35 341 208 290 457 6 11 366 224 43 327 49 403 97 256 378 405 83 39 300 131 396 314 305 59 339 398 354 38 227 434 321 29 390 416 41 362 169 484 159 223 365 320 415 
372
412 419 143 212 84 54 334 344 343 8 445 47 73 291 122 283 22 279 130 79 246 471 113 134 286 207 128 355 55 52 3 203 179 80 33 61 272 420 401 140 171 115 233 201 195 26 435 293 110 135 152 414 260 308 202 219 199 177 304 31 15 150 370 164 123 125 34 512 371 119 124 228 129 377 5 174 51 114 242 200 88 421 269 105 68 82 70 133 367 456 221 136 101 310 147 139 222 258 316 62 261 271 488 153 25 423 296 197 424 226 213 149 322 96 331 393 71 508 205 404 165 264 345 126 397 506 121 428 318 92 259 287 198 188 16 492 107 144 86 13 151 218 17 27 215 429 168 465 267 301 12 342 1 90 214 141 103 65 76 120 75 443 395 48 466 145 24 382 285 67 340 278 338 106 21 248 183 192 9 204 490 116 319 329 240 163 280 156 176 211 245 148 359 247 389 42 166 118 189 155 206 14 231 295 307 100 63 32 408 175 191 178 173 373 194 94 453 299 288 392 60 210 172 268 225 190 50 19 315 37 234 44 239 364 30 193 255 277 273 349 154 7 312 238 185 384 325 323 330 81 167 254 326 244 444 78 162 289 357 252 93 95 360 311 458 232 449 182 489 77 452 160 64 186 72 302 57 132 368 487 346 216 391 28 433 251 351 20 109 45 352 282 306 161 102 69 333 4 358 336 87 284 158 187 10 253 99 85 347 180 23 496 431 236 98 108 500 117 2 363 274 127 157 40 303 217 142 146 448 35 341 208 290 457 6 11 366 224 43 327 49 403 97 256 378 405 83 39 300 131 396 314 305 59 398 354 38 227 434 321 29 390 416 41 362 169 484 159 223 365 320 415 
359
412 419 143 212 84 54 334 344 343 8 47 73 291 122 22 279 130 79 246 471 113 134 286 207 128 355 55 52 3 203 179 80 33 61 272 420 401 140 171 115 233 201 195 26 435 293 110 135 152 414 260 202 219 199 177 304 31 15 150 370 164 123 125 34 512 371 119 124 228 129 377 5 174 51 114 242 200 88 421 269 105 68 82 70 133 456 221 136 101 310 147 139 222 258 316 62 261 271 488 153 423 296 197 424 226 213 149 322 96 331 393 71 508 205 404 165 264 345 126 397 506 121 428 318 92 259 287 198 188 16 492 107 144 86 13 151 218 17 27 215 429 168 465 267 301 12 342 1 90 214 141 103 65 76 120 75 443 395 48 466 145 24 382 285 67 340 278 338 106 21 248 183 192 9 204 116 319 329 240 163 280 156 176 211 245 148 359 247 389 42 166 118 189 155 206 14 231 295 307 100 63 32 408 175 191 178 173 373 194 94 299 288 392 60 210 172 268 225 190 50 19 315 37 234 44 239 364 30 193 255 277 273 349 154 7 312 238 185 384 325 323 330 81 167 254 326 244 78 162 289 357 252 93 95 360 311 458 232 449 182 489 77 452 160 64 186 72 302 57 132 368 487 346 216 391 28 433 251 351 20 109 45 352 282 306 161 102 69 333 4 358 336 87 284 158 187 10 253 99 85 347 180 23 496 431 236 98 108 500 117 2 363 274 127 157 40 303 217 142 146 448 35 341 208 457 290 6 11 366 224 43 327 403 97 256 378 405 83 39 300 131 396 314 305 59 354 38 227 321 29 390 416 41 169 484 159 223 365 415 
348
412 419 143 212 84 54 334 344 343 8 47 73 291 122 22 279 130 79 246 471 113 134 286 207 128 355 55 52 3 203 179 80 33 272 420 401 140 171 233 201 195 26 435 293 110 135 152 414 260 202 199 177 304 31 15 150 370 164 123 34 512 371 119 124 228 129 377 5 174 51 114 242 200 88 421 269 105 68 82 70 133 456 221 136 101 310 147 139 222 258 316 62 261 271 488 153 423 296 197 424 226 213 149 322 96 331 393 71 508 205 404 165 264 345 126 397 506 121 428 318 92 259 287 198 188 16 492 107 144 86 13 151 218 17 27 215 429 168 465 267 301 12 342 1 90 214 141 103 65 76 120 75 443 395 48 466 145 24 382 285 67 278 338 106 21 248 183 192 9 204 116 319 329 163 280 156 176 211 245 148 359 389 42 166 118 189 155 206 14 231 307 100 63 32 408 175 191 178 173 373 194 94 299 288 392 60 210 172 268 225 190 50 19 315 37 234 44 239 364 193 255 277 273 349 154 7 312 238 185 384 325 323 330 81 167 254 326 244 78 162 289 357 252 93 95 360 311 458 232 449 182 489 77 452 160 64 186 72 302 57 132 368 487 346 216 391 28 433 251 351 20 109 45 352 282 306 161 102 69 333 4 336 87 284 158 187 10 253 99 85 347 180 23 431 236 98 108 500 117 2 363 274 127 157 40 303 217 142 146 448 35 341 208 457 290 6 11 366 224 43 327 403 97 256 378 405 83 39 300 131 396 314 305 59 354 38 227 321 29 390 416 41 169 484 159 223 365 415 
337
57 222 412 419 280 143 156 258 212 132 316 176 62 211 346 148 216 261 245 368 271 84 359 153 389 391 42 488 54 28 166 251 296 334 344 433 343 197 424 351 118 8 226 213 47 73 149 20 189 109 155 322 45 291 206 352 122 282 14 96 231 161 102 22 279 307 331 100 69 333 130 79 4 393 63 71 336 87 113 284 32 158 134 175 187 408 286 191 508 10 205 178 173 207 253 373 99 404 128 85 165 264 355 347 345 126 55 180 397 52 23 3 194 506 121 203 428 94 179 80 318 92 33 299 431 259 236 98 108 288 287 392 117 500 198 272 60 188 16 2 107 210 423 144 420 86 492 401 13 151 225 190 268 274 218 17 27 50 127 140 171 19 215 157 233 457 201 195 315 40 26 168 435 303 37 465 293 234 44 239 267 217 364 142 146 193 448 487 35 135 152 12 255 277 1 208 90 260 141 273 341 6 11 103 65 202 301 349 366 224 76 154 199 177 304 7 43 75 120 327 443 31 312 15 150 403 370 164 238 123 185 325 395 97 414 48 466 145 323 256 378 405 34 330 83 214 81 39 167 24 254 326 342 382 285 131 371 396 512 67 244 314 78 162 278 289 119 124 228 59 305 357 129 377 5 354 38 174 227 252 338 93 95 360 311 51 114 321 458 232 449 182 29 489 88 390 77 421 106 269 452 21 68 105 248 416 82 183 160 64 192 41 9 70 133 186 456 221 72 136 169 302 290 204 101 310 484 159 223 116 319 365 147 329 139 163 415 
327
57 222 412 419 280 143 156 258 212 132 316 176 62 211 346 148 216 261 245 368 271 84 359 153 389 391 42 488 54 28 166 251 296 414 344 423 343 197 424 351 118 8 213 47 73 149 20 189 109 155 322 45 291 206 352 122 282 14 96 231 161 102 22 307 331 100 69 333 130 79 4 393 63 71 336 87 113 284 32 158 134 175 187 408 286 191 508 10 205 178 173 207 253 373 99 404 128 85 165 264 355 347 345 126 55 180 397 52 23 3 194 506 121 203 94 179 80 318 92 33 299 431 259 236 98 108 288 287 392 117 500 198 272 60 188 16 2 107 210 144 492 420 86 401 13 151 225 190 268 218 17 27 50 127 140 171 19 215 157 233 457 201 195 315 40 26 168 435 303 37 465 293 234 44 239 267 217 364 142 146 193 448 487 35 135 152 12 255 277 1 208 90 260 141 273 341 6 11 103 65 202 301 349 366 224 76 154 199 177 304 7 43 75 120 327 443 31 312 15 150 403 370 164 238 123 185 325 395 97 48 466 145 323 256 378 405 34 330 83 214 81 39 167 24 254 326 342 382 285 131 371 396 512 67 314 78 162 278 289 119 124 228 59 305 357 129 377 5 354 38 174 227 252 338 93 95 360 311 51 114 321 458 232 449 182 29 489 88 390 77 421 106 269 21 68 105 248 416 82 183 160 64 192 41 9 70 133 186 456 221 72 169 290 302 204 101 310 484 159 223 319 365 147 329 139 163 415 
321
57 222 412 419 280 143 156 258 212 132 176 368 211 346 148 216 261 245 214 271 84 359 153 389 391 42 488 166 28 54 251 296 414 344 423 343 197 424 351 118 8 213 47 73 149 20 189 109 155 322 45 291 206 352 122 282 14 96 231 161 102 22 307 331 100 69 333 130 79 4 393 63 71 336 87 113 284 32 158 134 175 187 408 286 191 508 10 205 173 207 253 373 99 404 128 85 165 264 355 347 345 126 55 180 397 52 23 3 194 506 121 203 94 179 80 318 92 33 299 431 259 236 98 108 288 287 392 117 500 198 272 60 188 492 2 107 210 144 86 401 13 151 225 190 268 218 17 140 50 127 171 27 19 215 157 233 457 201 195 315 40 26 168 435 303 37 465 293 234 267 239 217 44 364 142 146 193 448 487 35 135 152 12 255 277 1 208 90 260 141 273 341 301 11 103 65 349 366 6 202 224 76 154 199 177 304 7 43 75 120 327 443 31 312 15 150 403 370 164 238 123 185 325 395 97 48 466 145 323 256 378 405 34 330 83 81 39 167 24 254 326 342 382 285 131 371 396 512 67 314 78 162 278 289 119 124 228 59 305 357 129 377 5 354 38 174 227 252 338 93 95 360 311 51 114 321 458 232 449 182 489 88 390 77 421 106 269 21 68 105 248 416 82 183 160 64 192 41 9 70 133 186 456 221 72 169 290 302 204 101 310 484 159 223 319 365 147 329 139 163 415 
313
57 222 412 419 143 156 258 212 132 176 368 211 346 148 216 261 245 214 271 84 359 153 389 391 42 488 166 28 54 251 296 414 344 423 343 197 424 351 118 8 213 47 73 149 20 189 109 155 322 45 291 206 352 122 282 14 96 231 161 102 22 307 331 100 69 333 130 79 4 393 63 71 336 87 113 284 32 158 134 175 187 408 286 191 508 10 205 173 207 253 373 99 404 128 85 165 264 355 347 345 126 55 180 397 52 23 3 194 506 121 203 94 179 80 318 92 33 299 431 259 236 98 108 288 287 392 117 198 272 60 188 492 2 107 210 144 86 401 13 151 225 190 268 218 17 140 50 127 171 27 19 215 157 233 457 201 195 315 40 26 168 435 303 37 465 293 234 267 239 217 364 142 146 193 448 487 35 135 152 12 255 277 1 208 90 260 141 273 341 301 11 349 65 366 103 6 202 224 76 154 199 177 304 7 43 75 120 327 443 31 312 15 150 403 370 164 238 123 185 325 395 97 48 466 323 256 378 405 34 330 83 81 39 167 24 254 326 342 382 285 131 371 396 512 67 314 78 162 278 289 119 124 305 59 357 129 377 5 354 38 174 227 252 338 93 95 360 311 51 114 321 458 232 449 489 88 390 77 421 106 269 21 68 105 248 416 82 183 64 192 41 9 70 133 186 456 221 72 169 302 204 101 310 484 159 223 319 365 147 329 139 163 415 
305
57 222 412 419 143 156 258 132 176 368 211 346 148 216 245 214 487 271 359 389 153 391 488 42 84 54 28 414 251 296 423 344 343 197 424 351 118 8 213 47 73 149 20 189 109 155 322 45 291 206 352 122 282 14 96 231 161 102 22 307 331 69 333 4 79 393 63 71 336 87 113 284 32 158 134 175 187 408 286 191 508 10 205 173 207 253 373 99 404 128 85 261 165 264 355 347 345 126 55 180 397 52 23 3 506 121 203 94 179 80 318 92 33 299 431 259 236 98 108 288 287 392 117 198 272 60 188 492 2 107 210 144 86 401 13 151 225 190 268 218 17 140 50 127 171 27 19 215 157 233 457 201 195 315 40 26 168 435 303 37 465 293 234 267 239 217 364 142 146 193 448 35 135 152 12 255 277 1 208 90 260 141 273 341 301 11 349 65 366 103 6 202 224 76 154 177 304 7 43 75 120 327 443 31 312 15 150 403 370 164 238 123 185 325 395 97 48 466 256 378 405 34 330 83 81 39 167 24 254 326 342 382 285 131 371 396 512 67 314 78 162 278 289 124 119 305 59 357 129 377 5 354 38 174 227 252 338 93 95 360 311 51 114 321 458 232 449 489 88 390 77 421 106 269 21 68 105 248 416 82 183 64 192 41 9 70 133 186 456 221 72 169 302 204 101 310 484 159 223 319 365 147 329 163 415 
