16
369
181 13 67 26 0 80 261 122 168 375 228 19 30 355 242 143 251 92 336 114 130 73 290 66 235 46 329 38 417 141 176 206 137 369 10 267 140 121 7 275 54 164 157 96 254 201 319 395 215 225 213 108 88 255 37 359 75 135 118 370 15 35 380 222 335 65 259 396 274 147 132 165 93 9 39 405 161 365 47 189 142 146 198 156 238 6 447 191 202 90 62 247 347 51 126 350 61 249 167 237 111 244 196 226 36 394 129 172 187 241 21 314 8 332 76 78 128 252 43 232 24 81 354 218 361 431 134 389 55 52 107 256 268 260 368 23 449 125 450 68 179 358 219 25 212 209 250 269 5 265 16 272 333 160 117 101 390 404 138 270 352 340 492 493 102 298 281 264 109 188 312 292 58 34 91 144 472 353 49 100 152 276 190 14 243 171 348 20 360 257 372 158 113 326 86 330 231 1 436 84 200 248 180 236 239 174 139 74 153 106 94 77 183 409 159 28 403 199 293 423 116 376 97 373 210 263 17 41 211 291 104 103 334 112 483 284 224 278 175 64 186 207 136 173 87 22 412 301 12 195 466 32 216 45 294 148 240 205 95 208 414 2 123 177 266 230 217 29 184 313 154 401 303 44 170 71 245 155 321 366 60 221 166 40 70 89 149 178 4 82 185 193 197 295 162 204 120 115 495 124 98 69 220 57 273 11 131 305 331 56 402 133 214 31 246 33 53 343 300 169 127 194 234 151 351 424 418 85 229 110 50 83 253 385 382 18 426 145 63 304 203 227 310 59 262 223 323 182 163 490 349 386 416 3 119 392 42 192 99 341 393 363 233 105 48 72 258 297 316 
354
181 13 67 26 0 80 261 122 168 375 228 19 30 355 242 143 251 92 336 114 130 73 290 66 235 46 329 38 417 141 176 206 137 369 10 267 140 121 7 275 54 164 157 96 254 201 319 395 215 225 213 108 88 255 37 359 75 135 118 370 15 35 380 222 335 65 259 396 274 147 132 93 9 39 405 161 365 47 189 142 146 156 238 6 447 191 202 90 62 247 347 51 350 61 249 167 237 111 244 196 226 36 394 129 172 187 241 21 314 8 332 76 78 128 252 43 232 24 81 354 218 361 431 134 389 55 52 107 256 268 260 23 449 125 450 68 179 358 219 25 209 250 269 5 265 16 272 333 160 117 101 404 138 270 340 492 493 102 298 281 264 109 312 292 58 34 91 144 472 353 49 100 152 276 190 14 243 171 348 20 360 257 372 158 113 326 86 330 231 1 436 200 248 180 236 239 174 139 74 153 106 94 77 183 409 159 28 199 293 423 116 376 97 373 210 263 17 41 211 291 104 103 334 112 483 284 224 175 64 186 207 136 173 87 22 412 301 12 195 466 216 45 294 148 240 205 95 208 414 2 123 177 266 230 217 29 313 154 401 303 44 170 71 245 155 321 366 60 221 166 40 70 89 149 178 4 82 185 193 197 295 162 204 120 115 124 98 69 220 57 11 131 305 331 56 402 133 214 31 246 33 53 343 300 169 127 194 234 151 351 424 418 85 229 110 50 83 253 385 382 18 426 145 63 304 203 227 310 59 262 223 323 182 163 490 349 386 416 3 119 392 42 192 99 341 393 363 233 105 48 72 258 297 316 
344
181 13 67 26 0 80 261 122 168 375 228 19 30 355 242 143 251 92 336 114 130 73 290 66 235 46 329 38 417 141 176 137 369 10 267 140 121 7 275 54 164 157 96 254 201 319 395 215 225 213 108 88 255 37 359 75 135 118 370 15 35 380 222 335 65 259 396 274 147 132 93 9 39 405 161 365 47 189 142 146 156 238 447 191 202 90 62 247 347 51 350 61 249 167 111 244 196 226 36 394 129 172 187 241 21 314 8 332 76 78 128 252 43 232 24 81 354 218 361 431 134 389 55 52 107 256 268 260 23 449 125 450 68 179 358 219 25 209 269 5 265 16 272 333 160 117 101 404 138 270 340 492 493 102 298 281 264 109 312 292 58 34 91 144 472 353 49 100 152 276 190 14 243 171 348 20 360 257 372 158 113 86 330 231 1 436 200 248 180 236 239 174 139 74 153 106 94 77 183 409 159 28 199 293 423 116 376 97 373 210 263 17 41 211 291 104 103 334 112 284 224 175 64 186 207 136 173 87 22 412 301 12 195 466 216 45 294 148 240 205 95 208 414 2 123 177 266 230 217 29 313 154 401 303 44 170 245 155 321 366 60 221 166 40 70 89 149 178 4 82 185 197 295 162 204 120 115 124 98 69 220 57 11 131 305 331 56 402 133 214 31 246 33 53 300 169 127 194 234 151 351 424 418 85 229 110 50 83 253 385 382 18 426 145 63 304 203 227 310 59 262 223 323 182 163 490 349 386 416 3 119 392 42 192 99 341 363 233 105 48 72 258 297 316 
331
181 13 67 26 0 80 261 122 168 375 228 19 30 355 242 143 251 92 336 114 290 73 130 66 46 329 38 417 141 176 137 369 10 267 140 121 7 275 54 164 157 96 254 201 319 395 215 225 213 108 88 255 37 359 75 135 118 370 15 35 380 222 335 259 396 274 147 132 93 9 39 405 161 365 47 142 146 156 238 447 191 202 90 62 247 347 51 350 61 249 111 244 196 226 36 394 129 172 187 241 21 314 8 332 76 78 128 252 43 232 24 81 354 218 361 431 389 55 52 107 256 268 260 23 449 125 450 68 179 358 219 25 209 269 5 16 272 333 160 117 101 404 138 270 492 493 102 298 281 264 109 312 292 58 34 91 144 472 353 49 100 152 276 190 14 243 171 348 20 360 257 372 158 113 86 330 231 1 200 248 180 236 239 174 139 74 153 106 94 77 183 409 159 28 199 293 423 116 376 97 373 210 17 41 211 291 104 103 334 112 284 224 175 64 186 207 136 173 87 22 412 301 12 195 466 216 45 148 240 205 95 208 414 2 123 177 266 230 217 29 313 154 401 303 44 170 155 321 366 60 221 166 40 70 89 149 178 4 82 185 197 295 162 204 120 115 124 98 69 220 57 11 131 305 331 56 402 133 214 31 246 33 53 300 169 127 194 234 151 351 418 85 229 110 50 83 253 385 382 18 426 145 63 304 203 227 310 59 262 223 323 182 163 490 349 386 416 3 119 392 42 192 99 341 363 105 48 72 258 297 316 
323
181 13 67 26 0 80 261 122 168 375 228 19 30 355 242 143 251 92 336 114 290 73 130 66 46 329 38 417 176 141 137 369 10 267 140 121 7 275 54 164 157 96 254 201 395 215 225 213 108 88 255 37 359 75 135 118 370 35 380 222 335 259 396 147 132 93 9 39 405 161 365 47 142 146 156 238 447 191 202 90 62 247 347 51 350 61 249 111 244 196 226 36 394 129 172 187 241 21 314 8 332 76 78 128 252 43 232 24 81 354 218 361 431 389 55 52 107 256 268 260 23 449 125 450 68 179 358 219 25 209 269 5 16 272 333 160 117 101 404 138 270 492 493 102 298 281 264 109 312 292 58 34 91 144 472 353 49 100 276 190 14 243 171 348 20 360 257 372 158 113 86 330 231 1 200 248 180 236 174 139 74 153 106 94 77 183 409 159 28 199 293 423 116 376 97 373 210 17 41 291 104 103 334 112 284 224 175 64 186 207 136 173 87 22 412 12 195 466 216 45 148 240 95 208 414 2 123 177 266 230 217 29 313 154 401 303 44 170 155 321 366 60 221 166 40 70 89 149 178 4 82 185 197 295 162 204 120 115 124 98 69 220 57 11 131 305 331 56 402 133 214 31 246 33 53 300 169 127 194 234 151 351 418 85 229 110 50 83 253 385 382 18 426 145 63 304 203 227 310 59 262 223 323 182 163 490 349 386 416 3 119 392 42 192 99 341 363 105 48 72 258 297 316 
311
181 13 67 26 0 80 261 122 168 375 228 19 30 355 242 143 251 92 336 114 290 73 130 66 46 329 38 417 176 141 137 369 10 267 140 121 7 275 54 164 157 96 254 201 395 215 225 213 108 88 255 37 359 75 135 118 370 35 380 335 259 396 147 132 93 9 39 405 161 365 47 142 146 156 238 447 191 202 90 62 247 347 51 350 61 249 111 196 226 36 394 129 172 187 21 314 8 332 76 78 128 252 43 232 24 81 361 431 389 55 52 107 256 268 260 23 449 125 450 68 179 358 219 209 269 5 16 272 333 160 117 101 404 138 270 492 493 102 298 281 264 109 312 292 58 34 91 144 472 353 49 100 276 190 14 243 171 348 20 360 257 372 158 113 86 330 231 1 200 248 180 236 174 139 74 153 106 94 183 409 159 28 199 293 423 116 376 97 210 17 41 291 104 103 334 112 284 224 175 64 186 207 136 173 87 22 412 12 195 466 216 45 148 240 95 208 414 2 123 177 266 230 217 29 313 154 401 303 44 170 321 366 60 221 166 40 70 89 149 178 4 82 185 197 295 162 204 120 115 124 98 69 220 57 11 131 305 331 56 402 133 214 31 246 33 53 169 127 194 234 151 351 418 85 229 110 50 83 253 385 382 18 426 63 304 310 227 59 262 223 323 182 163 490 349 386 416 3 119 392 42 192 99 341 363 105 48 72 258 297 316 
303
181 154 13 196 401 20 303 67 226 360 26 0 36 80 122 257 168 261 372 394 158 129 172 44 113 170 187 375 21 228 8 314 19 30 332 355 321 242 76 78 86 128 366 60 143 221 231 252 251 1 43 40 166 200 248 92 232 114 290 70 180 66 89 336 236 130 24 149 46 178 4 329 82 185 81 38 417 197 295 176 141 162 137 174 369 10 361 204 120 115 140 267 139 74 153 106 121 431 94 124 389 55 7 98 69 220 275 183 52 57 54 107 256 409 164 157 23 449 159 125 28 11 96 199 131 450 254 68 201 179 423 293 305 395 331 116 56 376 493 402 133 97 214 31 215 219 225 246 210 33 53 213 108 17 41 291 104 269 5 103 88 334 255 169 112 16 127 272 37 194 234 151 351 359 75 333 418 160 284 135 85 117 224 101 118 404 138 110 229 270 175 370 50 83 64 35 253 186 492 380 335 385 207 136 382 18 102 87 173 298 426 259 281 396 264 22 412 63 147 132 12 304 310 227 195 109 93 59 9 312 39 466 216 292 45 58 405 161 365 262 34 91 144 223 323 47 182 472 142 163 146 490 349 156 49 148 240 386 416 3 238 447 95 208 191 119 202 90 100 392 42 192 2 99 341 414 62 363 247 123 177 276 266 230 51 347 350 190 14 105 61 48 217 249 29 72 258 243 316 171 313 348 111 
293
181 154 13 196 401 20 303 67 226 360 26 0 36 80 122 257 168 372 394 158 129 172 44 113 170 187 314 228 8 332 19 30 355 321 242 76 78 86 128 366 60 143 221 231 252 251 1 43 40 166 200 248 92 232 114 290 70 180 66 89 336 236 130 24 149 46 178 4 82 185 81 38 417 197 295 176 141 162 137 174 369 10 361 204 120 115 140 267 139 74 153 106 121 431 94 124 389 55 7 98 69 220 275 183 52 57 54 107 256 409 164 157 23 449 159 125 28 11 96 199 131 450 254 68 201 179 423 293 305 395 331 116 56 376 493 402 133 97 214 31 215 219 225 246 210 33 53 213 108 17 41 291 104 269 5 103 88 334 255 169 112 16 127 272 37 194 234 151 351 359 75 333 418 160 284 135 85 117 224 101 118 404 138 110 229 270 175 370 50 83 64 35 253 186 492 335 385 207 136 382 18 102 87 173 298 426 259 281 396 264 412 63 147 132 12 304 310 227 195 312 93 59 9 466 39 216 292 45 405 161 262 34 91 144 223 323 47 182 472 142 163 146 490 349 156 49 148 240 386 416 3 238 447 95 208 191 119 202 90 100 392 42 192 2 99 341 414 62 363 247 123 177 276 266 230 51 347 190 14 105 61 48 217 249 29 72 258 243 316 171 313 348 111 
284
181 154 13 196 401 20 303 67 226 360 26 0 36 80 122 257 168 372 394 158 129 172 170 113 187 314 228 8 332 19 30 321 242 76 78 86 128 366 60 143 221 231 252 251 1 166 40 200 248 92 232 114 290 70 180 66 89 336 236 130 24 149 46 178 4 82 185 81 38 417 197 295 176 141 162 137 174 369 10 361 204 120 115 140 267 431 74 153 106 121 124 389 55 7 98 69 220 275 183 52 57 107 256 409 164 157 23 449 159 125 28 11 96 199 131 450 254 68 201 179 423 293 305 395 331 116 56 376 493 402 133 97 214 31 215 219 225 246 210 33 53 213 108 17 41 291 104 269 5 103 88 334 255 169 112 16 127 272 37 194 234 151 351 359 75 333 418 160 284 135 85 117 224 118 404 138 110 229 270 370 50 83 64 35 253 186 492 335 385 207 136 382 18 102 87 173 298 426 259 281 396 264 412 63 147 132 12 304 310 227 195 312 93 59 9 466 39 216 292 45 405 161 262 34 91 144 223 323 47 182 472 142 163 146 490 349 156 49 148 240 386 416 3 238 447 95 208 191 119 202 90 100 392 42 192 2 99 341 414 62 363 247 123 177 276 266 230 51 347 190 14 105 61 48 249 29 72 258 243 316 171 313 348 111 
273
181 154 13 196 401 303 226 360 26 0 36 80 122 257 372 394 158 129 172 170 113 187 314 228 8 19 30 321 242 76 78 86 128 366 60 143 221 231 252 251 1 166 40 200 248 92 232 114 290 70 180 66 89 336 236 130 24 149 46 178 4 82 185 38 417 197 295 176 141 162 137 174 369 10 361 204 120 115 140 267 431 74 153 106 121 124 389 55 7 98 69 220 275 183 52 57 107 256 409 164 157 23 449 159 125 28 11 96 199 131 450 254 68 201 293 423 305 331 116 56 376 493 402 133 97 214 31 215 219 225 246 210 33 213 108 17 41 291 104 269 5 103 88 334 255 169 112 16 127 272 37 194 234 151 351 359 75 333 418 160 284 135 85 117 224 118 138 110 229 270 370 50 83 64 253 186 492 335 385 207 136 382 18 102 87 173 298 426 259 281 396 264 412 63 147 132 12 304 310 227 195 312 93 59 9 466 39 216 292 45 405 161 262 34 91 144 223 323 47 182 472 142 163 146 490 349 156 49 148 240 386 416 3 238 447 95 208 191 119 202 90 100 392 42 341 2 99 414 62 363 247 123 177 276 266 230 51 347 190 14 105 61 48 249 29 72 258 243 316 171 313 348 111 
263
181 154 13 196 401 303 226 360 0 80 257 122 372 394 158 129 172 170 113 187 314 228 8 19 30 321 242 76 78 86 128 366 60 143 221 231 252 251 1 166 40 200 248 92 232 114 290 70 180 66 89 336 236 130 24 149 46 178 4 82 185 38 417 197 295 176 141 162 137 174 369 10 361 204 120 115 140 267 431 74 153 106 121 124 389 55 7 98 69 275 183 52 57 256 409 164 157 23 449 159 125 28 11 96 199 131 450 254 68 201 293 423 305 331 116 56 376 493 402 133 214 215 31 219 225 246 210 33 213 108 17 41 291 269 5 103 88 334 255 169 112 16 127 37 194 234 151 351 359 75 333 418 160 284 85 117 224 118 229 110 138 270 370 83 64 253 186 492 335 385 207 136 382 18 102 87 173 298 426 259 281 396 264 412 63 147 132 12 304 310 227 195 312 93 59 9 466 39 216 292 45 405 161 262 34 91 144 223 323 182 472 142 163 146 490 349 156 49 148 240 386 416 3 238 447 95 208 191 119 202 90 100 392 42 341 2 99 414 62 363 247 123 177 276 266 230 51 347 190 14 105 61 48 249 29 72 258 243 316 171 313 348 111 
253
181 154 13 196 401 303 226 360 0 80 257 122 372 394 158 129 172 170 113 187 314 228 8 19 30 321 242 76 78 86 128 366 60 143 221 231 252 1 166 40 200 248 92 232 114 290 70 180 66 89 336 236 130 24 149 46 178 4 82 185 38 417 197 295 176 141 162 137 174 369 10 361 204 120 115 140 267 431 153 106 121 124 389 55 7 98 69 275 183 52 57 256 409 164 157 23 449 159 125 28 11 96 199 131 254 68 201 293 423 305 116 56 376 402 133 214 215 31 219 225 210 33 213 108 17 41 291 269 5 103 88 334 255 169 112 16 127 194 234 151 351 359 75 333 418 160 284 85 117 224 118 229 110 138 270 370 83 64 253 186 492 335 385 207 136 382 18 173 87 298 426 493 259 281 396 264 412 63 147 132 12 304 310 227 195 312 93 59 9 466 216 292 45 405 161 262 34 91 144 223 323 182 472 142 163 146 490 349 156 49 148 386 416 3 238 447 95 208 191 119 202 90 100 392 42 341 2 99 414 62 363 247 123 177 276 266 230 51 347 190 14 105 61 48 249 29 72 258 243 316 313 348 111 
242
181 154 13 196 303 226 360 0 257 372 122 394 158 129 172 170 113 187 314 228 8 19 30 321 242 76 78 86 128 366 60 143 221 231 252 166 40 200 248 92 232 114 290 180 336 66 89 130 236 24 149 46 178 4 82 185 38 417 197 295 176 141 162 137 174 369 10 361 204 120 115 140 267 431 106 121 124 389 55 7 98 69 275 183 57 256 409 164 157 23 449 159 125 28 11 96 199 131 254 68 201 293 423 305 116 56 376 402 133 214 215 31 219 225 210 33 213 108 17 41 291 269 5 103 88 334 255 112 16 127 194 234 151 351 359 75 333 418 160 284 85 117 224 118 229 110 138 270 370 83 64 253 186 492 335 385 207 136 382 18 173 87 298 426 493 259 281 396 264 412 63 147 132 12 310 227 312 93 59 9 466 216 292 45 405 161 262 34 91 144 223 323 182 472 142 163 490 349 156 49 148 386 416 3 238 447 95 208 191 119 202 90 100 42 341 2 99 414 62 363 247 123 177 276 266 230 51 347 190 14 105 61 48 249 29 72 258 243 316 313 348 111 
234
181 154 13 196 303 226 360 0 257 372 122 158 129 172 170 113 187 314 228 8 19 30 321 242 76 78 86 128 366 60 143 221 231 252 166 40 200 248 92 232 290 336 180 130 66 89 236 24 149 46 178 4 82 185 38 417 197 295 176 141 162 137 174 369 10 361 204 120 115 140 267 431 106 121 124 389 55 7 98 69 275 183 57 256 409 164 157 23 159 125 28 11 96 199 131 254 68 201 293 423 305 116 376 402 133 214 215 31 219 225 210 33 213 108 17 41 291 269 5 103 88 334 255 112 16 127 194 151 351 359 75 333 418 160 284 85 117 224 118 229 110 138 270 370 83 64 253 186 492 385 207 136 382 18 173 87 298 426 493 259 281 396 264 412 63 147 132 12 310 227 312 93 59 9 466 216 292 45 405 161 262 34 91 144 223 323 182 472 142 163 490 349 156 49 148 386 416 3 238 95 208 191 119 202 90 100 42 341 2 99 414 62 363 247 123 177 276 266 230 51 347 190 14 105 61 48 249 29 72 258 243 313 348 111 
226
181 154 13 196 303 226 360 0 257 372 158 129 172 170 113 187 228 8 19 30 321 242 76 78 86 128 366 60 143 221 231 252 166 40 248 92 232 290 336 180 130 66 89 236 24 149 46 178 4 82 185 38 417 197 295 176 141 162 137 174 369 10 361 204 120 115 140 267 431 106 121 124 389 55 7 98 69 275 183 57 256 409 164 157 23 159 125 28 11 96 199 131 254 68 201 293 423 305 116 376 402 133 214 31 219 225 210 33 213 108 17 41 291 269 103 88 334 255 112 16 127 194 151 351 75 333 418 160 284 85 117 224 118 229 110 138 270 370 83 64 253 186 492 385 207 136 382 18 173 87 298 426 493 259 281 396 264 412 63 147 132 12 310 227 312 93 59 9 466 216 292 45 405 161 262 34 91 144 223 323 182 472 142 163 490 349 156 49 148 386 416 3 238 95 208 191 119 202 90 100 42 341 2 99 414 62 363 247 123 177 276 266 230 51 347 190 14 105 48 249 29 72 258 313 348 111 
219
181 13 196 303 226 360 0 257 372 158 129 172 170 113 187 228 8 19 30 321 242 76 78 86 128 366 60 143 221 231 252 166 40 248 336 232 290 130 180 66 89 236 24 149 46 178 4 82 185 38 417 197 295 176 141 162 137 174 369 10 361 204 120 115 140 267 431 106 121 124 389 55 7 98 69 275 183 57 256 409 164 157 23 159 125 28 11 96 199 131 254 68 201 293 423 305 376 402 133 214 31 219 225 210 33 213 108 17 41 291 269 103 88 334 255 112 16 127 194 151 75 333 418 160 284 85 117 224 118 229 110 138 270 370 83 64 253 186 492 385 207 136 382 18 173 87 298 426 493 259 281 396 264 412 63 147 132 12 310 227 312 93 59 9 466 216 292 45 405 262 34 91 144 323 182 142 163 490 349 156 49 148 386 416 3 238 95 208 191 119 202 90 100 42 341 2 99 414 62 363 247 123 177 276 266 230 51 347 190 14 105 48 249 29 72 258 313 348 111 
