15
340
255 70 100 21 225 137 262 238 205 26 382 436 61 223 169 42 59 241 3 433 138 444 146 307 186 218 73 106 122 240 170 438 58 354 305 190 60 24 2 259 39 289 248 38 54 149 220 314 394 332 432 237 249 25 81 203 125 129 109 107 337 51 104 11 47 185 10 328 136 212 71 266 34 23 312 334 229 226 139 78 430 102 292 18 192 177 191 247 88 207 199 296 297 118 437 202 156 27 172 52 280 425 423 311 147 35 284 124 274 409 7 245 295 56 50 160 151 221 299 209 421 286 319 165 86 298 173 120 216 63 41 12 365 366 5 13 210 158 443 48 310 435 4 37 123 1 87 163 333 166 293 188 28 45 162 93 30 130 222 79 442 235 36 369 64 142 195 339 77 200 193 269 360 103 204 315 389 114 8 85 201 40 150 17 171 316 336 182 427 168 214 183 363 441 69 180 155 116 115 80 110 98 32 279 426 352 273 22 208 401 175 15 224 232 211 376 57 304 43 154 132 140 0 144 9 301 400 99 277 174 261 29 196 96 152 178 179 135 46 271 440 213 252 161 19 434 159 89 68 325 321 119 145 157 16 256 127 176 92 148 55 198 90 422 417 117 82 164 420 112 141 20 197 260 97 126 187 267 111 411 254 335 91 6 215 49 313 108 67 189 134 94 342 31 429 95 385 283 133 290 217 343 270 153 242 265 53 405 44 65 317 62 84 74 105 76 300 278 131 66 143 181 206 194 72 320 184 128 113 323 83 348 291 318 356 398 14 33 329 428 
328
255 70 100 21 225 137 262 238 205 26 382 436 61 223 169 42 59 241 3 433 138 444 146 307 186 218 73 106 122 240 170 438 58 354 305 190 60 24 2 259 39 289 248 38 54 149 220 314 394 332 432 237 249 25 81 203 125 129 109 107 337 51 104 11 47 185 10 328 136 212 71 266 34 23 312 334 229 226 139 78 430 102 292 18 192 177 191 247 88 207 199 296 297 118 437 202 172 27 52 280 425 423 311 147 35 284 124 274 409 7 245 295 56 50 160 151 299 209 421 286 319 165 86 298 120 216 63 41 12 365 366 5 13 210 158 443 48 435 4 37 123 1 87 163 333 166 293 188 28 45 162 93 30 130 222 79 442 235 36 369 64 142 195 339 77 200 193 269 360 103 204 315 389 114 8 85 201 40 150 17 316 336 182 427 168 214 183 363 441 69 180 155 116 115 80 110 98 32 279 426 352 273 22 208 175 15 224 232 211 376 57 304 43 154 132 140 0 144 9 301 400 277 174 261 29 196 96 152 178 179 135 46 271 440 213 252 161 19 434 159 89 68 325 321 119 157 16 256 127 176 92 148 55 198 90 422 417 117 164 420 112 141 20 197 260 97 126 187 267 111 411 254 335 91 6 215 49 313 108 189 134 94 342 31 429 95 385 283 133 290 217 343 270 153 242 265 53 405 44 65 317 62 84 74 105 76 300 66 143 181 206 194 72 320 184 128 113 323 83 348 291 356 398 14 33 318 329 428 
314
255 70 100 21 225 137 262 26 382 436 223 169 42 59 241 3 433 138 444 146 307 186 218 73 106 122 170 438 58 354 305 190 60 24 2 259 39 289 248 38 54 149 220 314 394 332 432 237 249 25 81 203 125 109 107 337 51 104 11 47 185 10 328 136 212 71 266 34 23 312 334 229 226 139 78 430 102 292 18 192 177 191 247 88 207 199 296 297 118 437 202 172 27 52 280 425 423 311 147 35 284 124 274 409 7 245 295 56 50 160 151 299 209 421 286 319 165 86 298 120 216 63 41 12 365 366 5 13 158 443 435 4 37 123 1 87 163 333 166 293 188 28 45 162 93 30 130 222 79 442 235 36 369 64 142 195 339 77 200 193 269 360 103 204 315 389 114 8 85 40 150 17 316 336 182 427 168 214 183 363 441 69 180 115 80 110 98 32 279 426 352 273 22 208 175 15 224 232 376 57 304 43 154 132 140 0 144 9 400 277 174 261 29 196 96 152 178 179 135 46 271 440 213 252 161 19 434 159 89 68 325 321 119 157 16 256 127 176 92 148 55 198 90 422 417 117 164 420 141 20 197 260 97 126 187 267 411 254 335 91 6 215 49 313 108 189 134 94 342 31 429 95 385 283 133 290 217 343 270 153 242 265 53 405 44 65 317 62 84 74 105 76 300 66 143 181 206 194 72 320 184 128 113 323 83 348 291 356 398 14 33 318 329 428 
308
255 70 100 21 225 137 262 26 382 436 223 169 42 59 241 3 433 138 444 146 307 186 218 73 122 170 438 58 354 305 190 60 24 2 259 39 248 38 54 149 220 314 394 332 432 237 249 25 81 203 125 109 107 337 51 104 11 47 185 328 136 212 71 266 34 23 312 334 229 226 139 78 430 102 292 18 192 177 191 247 88 207 199 296 297 437 202 172 27 52 280 425 423 311 147 35 284 124 274 409 7 245 295 56 50 151 299 209 421 286 319 165 86 298 120 216 63 41 12 365 366 5 13 158 443 435 4 37 123 1 87 163 333 166 293 188 28 45 162 93 30 130 222 79 442 235 36 369 64 142 195 339 77 200 193 269 360 103 204 315 389 114 8 85 40 150 17 316 336 182 427 168 214 183 363 441 69 180 115 80 110 98 32 279 426 352 273 22 208 175 15 224 232 376 57 304 43 154 132 140 0 144 9 400 277 174 261 29 196 96 152 178 179 135 46 271 440 213 252 161 19 434 159 89 68 325 321 119 157 16 256 127 176 92 148 55 198 90 422 417 117 164 420 141 20 197 260 97 126 187 267 411 254 335 91 6 215 49 313 108 189 134 94 342 31 429 95 385 283 133 290 217 343 270 153 242 265 53 405 44 65 317 62 84 74 105 76 300 66 143 181 206 194 72 320 184 128 113 323 83 348 291 398 356 14 33 329 428 
301
168 207 214 255 70 183 100 199 420 21 225 137 296 363 297 441 262 437 69 180 202 26 172 27 141 382 52 115 280 436 223 80 260 423 425 110 169 97 98 126 147 32 311 279 35 42 284 124 409 7 187 59 56 245 267 295 50 411 254 426 335 13 352 273 22 151 208 91 299 175 3 6 215 241 138 433 146 307 15 186 209 218 73 232 224 421 286 313 319 165 376 122 108 86 298 57 170 304 120 438 216 58 354 63 41 305 317 12 365 43 366 5 190 154 60 189 24 134 94 2 158 342 443 31 429 95 259 435 132 4 37 140 123 0 1 39 87 144 248 385 9 38 283 54 400 133 149 290 217 343 277 163 220 314 394 333 174 332 270 153 242 432 237 166 249 265 25 81 293 261 53 188 28 29 45 405 44 65 196 162 203 125 96 93 152 62 178 30 135 179 84 130 222 46 79 271 74 235 105 440 36 213 76 369 300 64 109 107 337 51 142 104 195 11 252 339 47 77 161 19 200 193 66 269 360 434 159 103 89 143 185 204 315 68 389 181 206 325 328 194 136 212 114 8 71 72 85 321 119 266 34 23 157 312 334 320 398 184 229 226 16 128 113 323 256 40 127 150 83 348 291 139 78 430 102 176 17 92 14 33 148 55 18 292 356 192 329 198 316 90 422 336 428 177 191 417 247 182 117 427 88 
288
168 207 214 255 70 183 100 199 420 21 137 296 363 297 441 262 437 69 180 202 26 172 27 141 382 52 115 280 436 223 80 260 423 425 110 169 97 98 126 147 32 311 279 35 42 284 124 409 7 187 59 56 245 267 295 50 411 254 426 335 13 352 22 151 208 91 299 175 3 6 215 241 138 433 146 307 15 186 209 218 73 232 421 286 313 319 165 376 122 108 86 298 57 170 304 120 438 58 354 63 41 305 12 365 43 366 5 190 154 60 189 24 134 94 2 158 342 443 31 429 95 259 435 4 37 140 123 0 1 39 87 144 248 385 9 38 283 54 400 149 290 217 343 277 163 220 314 394 333 174 332 270 153 242 432 237 166 249 265 25 81 293 261 53 188 28 29 45 405 44 65 196 162 203 125 96 93 152 62 178 135 30 84 130 222 46 79 271 74 235 105 440 36 213 76 369 300 64 109 107 337 51 142 104 195 11 252 339 47 77 161 19 200 269 66 360 434 159 103 89 143 185 204 315 68 389 181 206 325 328 194 136 212 114 8 71 72 85 321 119 266 34 23 157 312 334 320 184 229 226 16 128 113 323 256 127 150 83 348 291 139 78 430 102 176 17 92 33 148 18 55 292 356 398 192 329 198 316 90 422 336 428 177 247 182 117 427 88 
280
168 207 214 255 70 183 100 199 420 21 137 296 363 297 441 262 437 69 180 202 26 141 382 52 115 280 436 223 80 260 423 425 110 169 97 98 126 147 32 311 279 42 35 284 124 409 7 187 59 56 245 267 295 50 411 254 426 335 13 22 151 208 91 299 175 3 6 215 241 138 433 146 307 15 186 209 218 73 232 421 286 313 319 165 376 122 108 86 298 57 170 120 438 58 354 63 41 305 12 365 43 366 5 190 154 60 189 24 134 94 2 158 342 443 31 429 95 259 435 4 37 140 123 0 1 39 87 144 248 385 9 38 400 54 283 149 290 217 343 277 163 220 314 333 174 332 270 153 242 432 237 166 249 265 25 81 293 53 188 28 29 45 405 44 65 196 162 203 125 96 93 152 62 178 135 30 84 130 222 46 79 271 74 235 105 440 36 76 369 300 64 109 107 337 51 142 104 195 11 252 339 47 77 161 19 200 269 66 360 434 159 103 89 143 185 204 315 68 389 181 206 325 328 194 136 212 114 8 71 72 85 321 119 266 34 23 157 312 334 320 184 229 226 16 128 113 323 256 127 150 348 291 139 78 430 102 176 17 92 33 148 18 55 292 356 398 192 329 198 316 90 422 336 428 177 247 182 117 427 88 
272
168 207 214 255 70 199 100 420 21 137 296 363 297 441 262 437 69 180 202 26 141 382 52 115 280 436 223 80 260 423 425 110 169 97 98 126 147 32 311 279 42 35 284 124 409 7 187 59 56 245 267 295 50 411 254 426 335 13 22 151 208 91 299 175 3 6 215 241 138 433 146 307 15 186 209 218 73 232 421 286 313 319 165 376 122 108 86 298 57 170 120 438 58 354 63 41 305 12 365 43 366 5 190 154 60 189 24 134 94 2 158 342 443 31 429 95 259 435 4 37 140 123 0 1 39 87 144 385 9 38 400 54 283 149 290 217 343 277 163 220 314 333 174 332 270 153 242 432 237 166 249 265 25 81 293 188 405 28 29 44 65 196 162 203 125 96 93 152 62 135 30 84 130 222 46 79 271 74 235 105 440 36 76 369 300 64 109 107 337 51 142 104 195 339 47 77 161 19 200 269 66 360 434 159 103 89 143 185 204 315 68 389 181 206 325 328 194 136 212 114 71 72 85 321 119 266 34 23 157 312 334 320 184 229 226 16 128 113 323 256 127 150 348 291 139 78 430 102 176 17 92 33 148 18 55 292 356 398 192 329 198 316 90 422 336 428 177 247 182 117 427 88 
260
168 207 214 255 70 199 100 21 137 296 363 297 441 262 437 69 180 202 26 141 382 52 115 280 436 223 80 260 423 425 110 169 97 98 126 147 32 311 279 42 35 284 124 409 7 187 59 56 245 267 295 50 411 254 426 335 13 22 151 208 91 299 175 3 6 215 241 138 433 146 307 15 186 209 218 232 421 286 319 165 376 122 108 86 298 57 170 120 438 58 354 41 305 12 365 43 366 5 190 154 60 189 24 134 94 2 158 342 443 31 429 95 259 435 4 37 140 123 0 1 39 87 144 385 9 38 400 54 283 149 290 217 343 277 163 220 314 333 174 332 270 153 242 432 237 166 249 265 25 81 293 188 405 28 29 44 65 162 203 125 96 93 152 62 135 30 84 130 222 46 79 271 74 235 440 36 76 369 300 109 107 51 142 104 195 339 47 77 161 19 200 269 66 434 159 103 89 143 185 204 315 68 389 181 206 325 328 194 136 114 71 72 85 321 119 266 34 23 157 312 334 320 184 229 226 16 128 113 323 256 127 150 291 139 78 430 102 17 92 33 148 18 55 292 356 398 192 329 198 316 90 422 336 428 177 247 182 117 427 88 
250
168 207 255 214 199 100 21 137 296 363 297 441 262 437 69 180 202 26 141 382 52 115 280 436 223 80 260 423 425 110 169 97 98 126 147 32 311 279 42 35 284 124 409 7 187 59 56 245 267 295 50 411 254 426 335 22 151 208 91 299 175 3 6 215 241 138 433 146 307 15 186 209 218 286 319 165 376 122 108 86 298 57 170 120 438 58 354 41 305 12 365 43 366 190 154 189 60 13 24 134 94 2 158 342 443 31 429 95 259 435 4 37 140 123 0 1 39 87 144 385 9 38 400 54 283 149 290 217 343 277 163 220 333 174 270 153 242 432 237 166 249 265 25 81 293 188 405 28 29 44 65 162 203 125 96 93 152 62 135 30 84 130 222 46 79 271 74 235 440 36 76 369 300 109 107 51 142 104 195 339 47 77 161 19 200 269 66 434 159 103 89 143 185 204 315 68 389 181 206 328 194 136 114 71 72 85 321 119 266 34 23 157 312 334 320 184 229 226 128 113 323 256 127 150 291 139 78 430 102 17 92 33 148 18 55 292 356 398 192 329 198 316 90 336 428 177 247 182 117 427 
239
168 207 214 199 100 21 137 296 363 297 441 262 437 69 180 202 26 141 382 52 115 280 436 223 80 260 423 425 110 169 126 98 147 311 32 279 42 35 284 124 409 7 187 59 56 267 295 411 50 254 426 335 22 151 208 299 175 3 6 215 241 138 433 146 307 15 186 209 218 286 319 165 376 122 108 86 298 57 170 120 438 58 354 41 305 12 365 43 366 190 154 189 60 13 24 134 94 2 158 342 443 429 95 259 435 4 37 140 123 0 1 39 87 144 385 9 38 400 54 283 290 217 343 277 163 220 333 174 270 153 242 432 237 166 249 265 25 81 293 188 405 28 29 44 65 162 203 125 96 93 152 62 135 30 84 130 222 46 271 74 235 440 36 76 369 300 109 107 51 142 104 195 339 47 77 161 19 200 269 66 434 159 103 89 143 185 204 315 68 389 181 206 328 194 136 114 71 72 85 321 119 266 34 23 157 312 334 320 184 229 226 113 323 256 150 291 139 78 430 17 92 33 148 18 55 356 398 192 329 198 316 90 336 428 177 247 182 117 427 
228
168 207 214 199 100 21 137 296 363 297 441 262 437 69 202 26 141 382 52 115 280 436 223 80 260 423 425 110 169 126 98 147 311 32 279 42 35 284 124 409 7 187 59 56 267 295 411 50 254 426 22 151 208 299 175 3 6 215 241 138 433 146 307 15 186 209 218 286 319 165 376 122 108 86 298 57 170 120 438 58 354 41 305 12 365 43 366 190 154 189 60 13 24 134 94 2 158 342 443 429 95 259 435 37 140 123 39 1 144 87 385 9 38 400 54 283 290 217 343 277 163 220 333 174 270 153 242 432 237 249 265 25 293 188 405 29 44 65 162 203 125 96 93 152 62 135 30 84 130 46 271 74 235 440 36 76 369 300 109 107 51 142 104 195 339 47 161 19 200 269 66 434 159 103 89 143 185 204 315 68 389 206 328 194 136 114 71 72 85 321 119 266 34 312 157 334 320 184 229 226 113 323 256 150 291 139 78 430 17 92 33 148 18 55 356 398 192 329 198 316 90 336 428 177 247 182 117 427 
219
168 207 214 199 100 21 137 296 297 441 262 437 69 202 26 141 382 52 115 280 436 223 260 423 425 110 169 147 98 32 279 42 35 284 124 409 7 187 59 56 267 295 411 50 254 426 22 151 299 175 3 6 215 241 138 146 307 15 186 209 218 286 319 165 376 122 108 86 298 57 170 120 438 58 354 41 305 12 365 43 366 190 154 189 60 13 24 134 94 2 158 342 443 429 95 259 435 37 140 123 39 1 144 87 385 9 38 400 54 283 290 217 343 277 163 333 174 270 153 242 432 237 249 265 25 293 405 29 44 65 162 203 125 96 93 152 62 135 30 84 130 46 271 74 235 440 36 76 369 300 109 107 51 142 104 195 339 47 161 19 200 269 66 434 159 103 89 143 185 204 315 68 389 206 328 194 136 114 72 85 321 119 266 34 312 157 334 320 184 229 226 113 323 256 150 291 139 78 430 17 92 33 148 18 55 356 398 192 329 198 316 90 336 428 177 247 182 117 427 
212
168 207 214 199 100 137 296 297 441 262 437 69 202 26 141 382 52 115 280 436 260 423 425 110 169 147 32 279 42 35 284 124 409 7 187 59 56 267 295 411 50 254 426 22 151 299 175 3 6 215 241 138 146 307 15 186 209 218 286 319 165 376 122 108 86 298 57 170 120 438 58 354 41 305 12 365 43 366 190 154 189 60 13 24 134 94 2 158 342 443 429 95 259 435 37 140 123 39 1 87 385 9 38 400 54 283 290 217 343 277 163 333 174 270 153 242 432 237 249 265 25 293 405 29 44 65 162 203 125 96 93 152 62 135 30 84 130 46 271 74 235 440 36 76 369 300 109 107 51 142 104 195 339 47 161 19 200 269 66 434 159 103 89 143 185 204 315 68 389 206 328 194 136 114 72 321 119 312 157 334 320 184 229 226 113 323 256 150 291 139 78 430 17 92 33 148 356 55 398 18 192 329 198 316 90 336 428 177 247 182 117 427 
205
168 207 214 199 100 137 296 297 441 262 437 69 202 26 141 382 52 115 280 260 423 425 110 147 32 279 35 284 124 409 7 187 59 56 267 295 411 50 254 426 151 299 175 3 6 215 241 138 146 307 15 186 209 218 286 319 165 376 122 108 86 298 57 170 120 438 58 354 41 305 12 365 43 366 190 154 189 60 13 24 134 94 2 158 342 443 429 95 259 435 37 140 123 39 1 87 385 9 38 400 54 283 290 217 277 163 333 174 270 153 242 432 237 249 265 25 293 29 44 65 162 203 125 96 93 152 62 135 30 84 130 46 271 74 235 440 36 76 369 300 109 107 51 142 104 195 339 47 161 19 200 269 66 434 159 103 89 143 185 204 315 68 389 206 328 194 136 114 72 321 119 312 157 334 320 184 229 226 113 323 256 150 291 139 78 430 17 92 33 148 356 55 398 192 329 198 316 90 336 428 177 247 182 117 427 
