13
391
166 355 106 177 314 104 315 165 144 28 38 41 116 95 84 295 309 130 2 321 231 50 342 283 351 14 291 151 100 436 56 204 171 121 152 364 186 85 65 211 379 409 13 162 87 285 432 110 234 348 442 76 281 434 103 219 12 46 312 180 123 410 271 397 119 278 156 229 327 30 449 86 256 347 226 147 0 210 307 360 445 185 276 19 45 120 420 346 37 175 257 8 113 201 107 337 134 182 216 27 20 334 89 261 138 380 191 174 320 262 54 34 92 101 109 202 371 133 249 255 159 57 184 79 167 389 406 354 33 127 394 78 93 143 395 392 237 260 239 325 209 407 160 72 196 366 361 39 454 215 236 61 203 135 218 455 59 64 55 31 414 82 207 222 195 155 3 356 267 200 68 157 266 382 383 99 148 36 333 212 197 243 339 391 240 305 173 11 32 25 52 263 48 405 206 326 303 69 91 187 290 435 5 224 105 22 310 329 246 298 299 117 29 26 137 169 376 372 43 384 80 433 47 300 163 265 131 296 313 324 164 365 386 108 114 35 220 94 238 158 422 139 23 7 97 335 301 24 161 168 248 446 128 258 179 126 208 1 284 318 269 253 423 251 245 145 302 136 88 359 146 124 403 341 62 115 125 15 244 294 53 176 192 18 77 129 227 96 280 430 194 293 118 272 429 378 190 153 323 141 282 71 42 74 49 73 242 426 340 67 350 102 149 223 273 63 259 154 172 279 214 338 60 51 132 9 270 358 221 247 178 250 345 183 40 58 6 277 16 112 70 252 122 81 213 336 140 44 188 193 331 66 375 233 353 225 170 396 412 254 275 274 230 142 228 189 352 232 198 319 217 421 428 411 17 431 349 311 393 10 304 357 4 150 75 98 438 181 241 83 21 
382
166 355 106 177 314 104 315 165 144 28 38 41 116 95 84 295 309 130 2 321 231 50 342 283 351 14 291 151 100 436 56 204 171 121 152 364 186 85 65 211 379 409 13 162 87 285 432 110 234 348 442 76 281 434 103 219 12 46 312 180 123 410 397 119 278 156 229 327 30 449 86 256 226 147 0 210 307 360 445 185 276 19 45 120 420 346 37 175 257 8 113 201 107 337 134 216 27 20 334 89 261 138 380 191 174 320 262 54 34 92 101 109 202 371 133 249 255 159 57 184 79 167 389 406 354 33 127 394 78 93 143 395 392 237 260 239 325 209 407 160 72 196 366 361 39 454 215 236 61 203 135 218 455 59 64 55 31 414 82 207 222 195 155 3 356 267 200 68 157 266 382 383 99 148 36 333 212 197 243 339 391 240 305 173 11 32 25 52 263 48 405 206 326 303 69 91 187 290 435 5 224 105 22 310 329 246 298 299 117 29 169 376 372 43 384 80 433 47 300 163 265 131 296 313 324 164 365 386 108 114 220 94 238 158 422 139 23 7 97 335 301 24 161 168 248 446 128 258 179 126 208 1 284 318 269 253 423 251 245 145 302 136 88 359 146 124 403 341 62 115 125 15 244 294 53 176 192 18 77 129 227 96 280 430 194 293 118 272 429 378 190 153 323 141 282 71 42 74 49 73 242 426 340 67 350 102 149 223 273 63 259 154 172 279 214 60 51 9 270 358 221 247 178 250 345 183 58 6 277 16 112 70 252 122 81 213 336 140 44 188 193 331 66 375 233 353 225 170 396 412 254 275 274 230 142 228 189 352 232 198 319 217 421 428 411 17 431 349 311 393 10 304 357 4 150 75 98 438 181 241 83 21 
369
166 355 106 314 104 315 165 144 28 38 116 95 84 309 130 2 321 231 342 283 351 14 291 151 100 436 56 204 171 121 152 364 186 85 65 211 379 409 13 162 87 285 432 110 234 348 442 76 281 434 103 219 12 46 312 180 123 410 397 119 278 156 229 30 449 86 256 226 147 0 210 307 360 445 185 276 19 45 120 420 346 37 175 257 8 113 201 107 337 134 216 27 20 334 89 261 138 380 191 174 320 262 54 34 92 101 109 202 371 133 249 255 159 57 184 79 167 389 406 354 33 127 394 78 93 143 395 392 237 260 239 325 407 160 72 196 361 39 454 215 236 61 203 135 218 455 59 64 55 31 414 82 207 222 155 3 356 267 200 68 157 266 382 383 99 148 36 333 212 197 243 339 391 240 305 173 11 32 25 52 263 48 405 206 326 69 91 187 290 435 5 224 105 22 310 329 246 298 299 117 29 169 376 372 43 384 80 433 47 300 163 265 131 296 313 324 164 365 108 114 220 94 238 158 422 139 23 7 97 335 301 24 161 168 248 446 128 258 126 208 1 284 318 269 253 423 251 245 145 302 136 88 359 146 124 403 341 62 115 125 15 244 294 53 176 192 18 77 129 227 96 280 430 194 293 118 272 429 378 190 153 323 141 282 71 42 74 49 73 242 426 340 67 350 149 223 273 63 259 154 172 279 214 60 51 9 270 358 221 247 178 250 345 183 58 6 277 16 112 70 252 122 213 336 140 44 188 193 331 66 375 233 353 225 170 396 412 254 275 274 230 142 228 189 352 232 198 319 217 421 428 411 17 431 349 311 393 10 304 357 4 150 75 98 438 181 241 83 21 
357
166 355 106 314 104 315 165 144 28 38 116 95 84 309 130 2 321 231 342 283 351 14 291 151 100 436 56 204 171 121 152 364 186 85 65 211 379 409 13 162 87 285 432 110 234 348 442 76 281 434 103 219 12 46 312 180 123 410 397 119 278 156 229 30 449 86 256 226 147 210 307 360 445 185 19 45 120 420 346 37 175 257 8 113 201 107 337 134 216 27 20 334 89 261 138 380 191 174 320 262 54 34 92 101 109 202 371 133 249 255 159 57 184 79 167 389 406 354 33 127 394 78 93 143 395 392 237 260 239 325 407 160 72 196 361 39 454 215 236 61 203 135 218 455 59 64 55 31 414 82 207 222 155 3 356 267 200 68 157 382 383 99 148 36 333 212 197 243 339 391 240 305 173 11 32 25 263 48 405 326 69 91 187 435 5 224 105 22 310 329 246 299 117 29 169 376 372 43 384 80 433 47 300 163 265 131 296 313 324 164 365 108 114 220 94 238 158 422 139 23 7 97 335 301 24 161 168 248 446 128 258 126 208 1 284 318 253 423 145 302 136 88 359 146 124 403 341 62 115 125 15 244 294 53 176 192 18 77 129 227 96 280 430 194 293 118 272 429 378 190 153 323 141 282 71 42 74 49 73 242 340 67 350 149 223 273 63 259 154 172 279 214 60 51 9 270 358 221 247 178 250 345 183 58 6 277 16 112 70 252 122 213 336 140 193 188 44 331 66 375 233 353 225 170 396 412 254 275 274 230 142 228 189 352 232 198 319 217 421 428 411 17 431 349 311 393 10 304 357 4 150 98 438 181 241 83 21 
344
166 355 106 314 104 315 165 144 28 38 116 95 84 309 130 2 321 231 342 283 351 14 151 100 436 56 204 171 121 152 364 186 85 65 211 379 409 13 162 87 285 432 110 234 348 442 76 281 434 103 219 12 46 312 180 123 410 397 119 278 156 229 30 449 86 256 226 147 210 307 360 185 19 45 120 420 346 37 175 257 8 113 201 107 337 134 216 27 20 334 89 261 138 380 191 174 320 54 34 92 101 109 202 371 133 249 255 159 57 184 79 167 389 406 354 33 127 394 78 93 143 395 392 237 260 239 325 407 160 72 196 361 39 454 215 236 61 203 135 218 455 59 64 55 31 414 82 207 222 155 3 356 267 200 68 157 382 383 99 148 36 333 212 197 243 339 391 240 305 173 11 32 405 326 69 91 187 435 5 224 105 22 310 246 299 117 29 169 376 372 43 384 80 433 47 163 265 131 296 313 324 164 365 108 114 220 94 238 158 422 139 23 7 97 335 24 161 168 248 128 258 126 208 1 284 318 253 423 302 136 88 359 146 124 403 341 62 115 125 15 244 294 53 176 192 18 77 129 227 96 280 430 194 293 118 272 429 378 190 153 323 141 282 71 42 74 49 73 242 340 67 350 149 223 273 63 259 154 172 279 214 60 51 9 270 358 221 247 178 250 345 183 58 6 277 16 112 70 252 122 213 336 140 193 188 44 331 66 375 233 353 225 170 396 412 254 275 274 230 142 228 189 352 232 198 319 217 421 428 411 17 431 349 311 10 357 4 150 98 438 181 241 83 21 
334
166 355 106 314 104 315 165 144 28 38 116 95 84 309 130 2 321 231 342 283 351 14 151 100 436 56 204 171 121 152 364 186 85 65 211 379 409 13 162 87 285 432 110 234 348 76 281 434 103 219 12 46 312 123 410 397 119 278 156 229 449 86 256 226 147 210 307 360 185 19 45 120 420 346 37 175 257 8 113 201 107 337 134 216 27 20 334 89 261 138 380 191 174 320 54 34 92 101 202 371 133 249 255 159 57 184 79 167 389 406 354 33 127 394 78 93 143 395 392 237 260 239 325 407 160 72 196 361 39 454 215 236 61 203 135 218 455 59 64 55 31 414 82 207 222 155 3 356 267 200 68 157 382 383 99 148 36 333 212 197 339 391 240 305 11 32 405 326 91 187 435 5 224 105 22 310 246 299 117 29 169 376 372 43 384 80 433 47 163 265 131 296 313 324 164 365 108 114 220 94 238 158 422 139 23 7 97 335 24 161 168 248 128 258 126 208 1 284 318 253 423 302 136 88 359 146 124 403 341 62 115 125 244 294 53 176 192 18 77 129 227 280 430 194 293 118 272 429 378 190 153 323 141 282 71 42 74 49 73 242 340 67 350 149 223 273 63 259 154 172 279 214 60 51 9 270 221 247 178 250 345 183 58 6 277 16 112 70 252 122 213 336 140 193 188 44 331 66 375 233 353 225 170 396 412 254 275 274 230 142 228 189 352 232 198 319 217 421 428 411 17 431 349 311 10 357 4 150 98 438 181 241 83 21 
327
166 355 106 314 104 315 165 144 28 38 116 95 84 309 130 2 321 231 342 283 351 14 151 100 436 56 204 171 121 364 186 85 65 211 379 409 13 162 87 285 432 110 234 348 76 281 434 103 219 12 46 312 123 410 397 119 278 156 229 86 256 226 147 307 360 185 19 45 120 420 346 37 175 257 8 113 201 107 337 134 216 27 20 334 89 261 138 380 191 174 320 54 34 92 101 202 371 133 249 255 159 57 184 79 167 389 406 354 33 127 394 78 93 143 395 392 237 260 239 325 407 160 72 196 361 39 454 215 236 61 203 135 218 455 59 64 55 414 82 207 222 155 3 356 267 200 68 157 382 383 99 148 36 333 212 197 339 391 240 305 11 32 405 326 91 187 435 5 224 105 22 310 246 299 117 29 169 376 372 43 384 80 433 47 163 131 296 313 324 164 365 108 114 220 94 158 422 139 23 7 97 335 24 161 168 248 128 258 126 208 1 284 318 253 423 302 136 88 359 146 124 403 341 62 115 125 244 294 53 176 192 18 77 129 227 280 430 194 293 118 272 429 378 190 153 323 141 282 71 42 74 49 73 242 340 67 350 149 273 63 259 154 172 279 214 60 51 9 270 221 247 178 250 345 183 58 6 277 16 112 70 252 122 213 336 140 193 188 44 331 66 375 233 353 225 170 396 412 254 275 274 230 142 228 189 352 232 198 319 217 421 428 411 17 431 349 311 10 357 4 150 98 438 181 241 83 21 
317
166 355 106 314 104 315 165 144 28 38 116 95 84 309 130 2 321 231 342 283 351 14 151 100 436 56 204 121 364 186 85 65 211 409 13 162 87 285 432 110 234 348 76 281 434 103 219 12 46 312 123 410 397 119 278 156 229 86 256 226 147 307 360 185 19 45 120 420 346 37 175 8 113 201 107 134 216 27 20 334 89 261 138 191 174 320 54 34 92 101 202 371 133 249 255 159 57 184 79 167 389 406 354 33 127 394 78 93 143 395 392 237 260 239 407 160 72 196 361 39 454 215 236 61 203 135 218 455 59 64 55 414 207 222 155 3 356 267 200 68 157 383 382 99 148 36 333 212 197 339 391 240 305 11 32 405 326 91 187 435 5 224 105 22 310 246 299 117 29 169 376 384 80 433 47 163 131 296 313 324 164 365 108 114 220 94 158 422 139 23 7 97 335 24 161 168 248 128 258 126 208 1 284 318 253 423 302 136 88 359 146 124 403 341 62 115 125 244 294 53 176 192 18 77 129 227 430 194 293 118 272 429 378 190 153 323 141 282 71 42 74 49 73 242 340 67 350 149 273 63 259 154 172 279 214 60 51 9 270 221 247 178 250 345 183 58 6 277 16 112 70 252 122 213 336 140 193 188 44 331 66 375 233 353 225 170 396 412 254 275 274 230 142 228 189 352 232 198 319 217 421 428 411 17 431 349 311 10 357 4 150 98 438 181 241 83 21 
307
166 355 106 104 315 165 144 28 38 116 95 84 309 2 321 231 342 283 351 14 151 100 436 56 204 121 364 186 85 65 211 409 13 162 87 285 432 110 234 348 76 281 434 103 219 12 46 312 123 410 397 119 278 156 229 86 256 226 147 307 360 185 19 45 120 420 346 37 175 8 113 201 107 134 216 27 20 334 89 261 138 191 174 320 54 34 92 101 202 371 133 249 159 57 184 79 167 389 406 354 33 127 394 78 93 143 392 237 260 239 407 160 72 196 361 39 454 215 236 61 203 135 218 455 59 64 55 414 207 222 155 3 356 267 200 68 157 383 382 99 148 36 333 212 197 339 391 240 305 11 32 405 326 91 187 435 5 224 105 22 310 246 299 117 29 169 376 384 80 47 163 131 296 313 324 164 365 108 114 220 94 158 422 139 23 7 97 335 24 161 168 248 128 258 126 208 1 284 318 253 423 302 136 88 359 146 124 403 341 62 115 125 244 53 176 192 18 77 129 227 430 194 293 118 272 429 378 190 153 323 141 282 71 42 74 49 73 340 67 350 149 273 63 259 154 172 279 214 60 9 270 221 247 178 250 345 183 58 6 277 16 112 70 252 213 336 140 193 188 44 331 66 375 233 353 225 170 396 412 254 275 274 230 142 228 189 352 232 198 319 217 421 428 411 17 431 349 311 10 438 4 150 98 181 241 83 21 
301
138 299 166 340 117 355 67 191 106 29 174 350 320 315 165 54 34 169 92 101 144 149 273 376 202 63 371 133 28 38 249 259 384 383 116 80 47 57 95 84 184 79 154 279 172 159 163 167 389 131 406 354 33 60 309 296 127 394 313 9 78 324 93 143 164 365 270 108 114 392 321 221 2 231 342 283 220 14 94 158 351 237 260 239 422 247 178 139 151 407 250 160 23 436 72 196 7 56 204 183 361 97 335 121 39 364 215 454 24 61 186 161 203 236 135 58 85 6 277 218 455 59 16 168 65 112 70 64 252 211 55 248 414 128 258 409 434 13 126 208 1 162 207 87 213 284 318 336 222 285 253 432 423 140 193 188 44 155 3 234 356 348 331 66 375 110 267 76 200 68 157 233 353 225 302 281 136 359 170 382 99 124 103 146 396 403 412 341 219 148 36 62 115 254 275 274 230 212 197 12 125 142 333 46 339 228 312 189 123 391 244 240 352 410 305 232 397 119 53 198 11 156 278 176 229 32 319 18 77 217 405 227 129 421 428 411 86 256 226 326 147 430 194 293 307 360 17 431 438 118 185 91 272 187 349 311 429 435 19 378 5 10 45 120 420 346 37 190 175 4 150 224 98 8 113 22 153 201 107 105 323 181 141 241 282 71 134 83 21 216 310 27 42 74 20 246 49 73 334 89 261 
284
138 299 166 340 117 355 67 191 106 29 174 350 320 315 165 54 34 169 92 101 144 149 273 376 202 63 133 28 38 249 259 384 116 47 57 95 84 184 79 279 172 159 163 167 389 131 406 354 33 60 309 296 127 394 313 9 78 324 93 164 365 270 108 114 392 321 221 231 342 283 220 94 351 158 14 237 260 239 422 247 178 139 151 407 250 160 23 72 196 7 56 204 183 361 97 335 121 39 364 215 454 24 61 186 161 203 236 135 58 85 6 277 218 455 59 16 168 65 112 70 64 252 211 55 248 414 128 258 409 13 126 208 1 162 207 87 213 284 318 336 222 285 253 432 423 140 44 188 193 155 3 234 356 331 110 66 375 267 76 200 68 157 233 353 225 281 136 359 170 382 99 124 103 146 383 341 219 148 36 62 115 254 275 274 230 212 197 12 125 142 333 46 339 228 312 189 123 391 244 240 352 410 305 232 397 119 53 198 11 156 176 229 32 319 18 77 217 405 227 129 421 428 411 86 256 226 147 430 194 293 307 360 17 431 438 118 185 91 272 187 311 429 435 19 378 5 10 45 120 420 346 37 190 175 150 224 4 98 105 113 22 153 201 8 323 181 141 241 282 71 134 83 21 216 310 27 42 74 20 246 49 73 334 261 
273
138 299 166 340 117 355 67 191 106 29 174 350 320 315 165 54 34 169 92 101 144 149 273 376 202 63 133 28 38 249 259 384 116 47 57 95 84 184 79 279 159 172 163 167 389 131 406 354 33 60 309 296 127 394 313 9 78 324 93 164 365 270 108 114 392 321 221 231 342 283 220 94 351 158 14 237 260 239 422 247 139 151 407 250 160 23 72 196 7 56 204 183 361 97 335 121 39 364 215 454 24 61 186 161 203 236 135 218 85 6 277 455 59 16 168 65 112 70 64 252 211 55 248 414 128 258 409 13 126 208 1 162 207 87 213 284 318 336 222 285 253 432 423 140 44 188 193 155 3 234 356 110 66 375 267 76 200 68 157 233 353 225 281 136 382 170 383 99 124 103 146 341 219 148 36 62 115 254 275 274 230 212 197 12 125 142 333 46 339 228 312 189 123 391 244 240 352 410 305 232 397 119 53 198 11 156 229 32 319 18 77 217 405 227 129 421 428 411 86 256 226 147 430 293 307 360 17 118 185 91 272 187 311 429 435 19 378 5 10 45 120 420 346 37 190 175 150 4 98 8 113 22 153 201 323 181 141 241 282 71 134 83 21 216 27 42 74 20 246 49 73 334 261 
263
138 299 166 340 355 67 191 106 29 174 350 320 315 165 54 34 169 92 101 144 149 273 376 202 63 133 28 38 249 384 116 47 57 159 84 184 79 279 172 163 167 389 131 406 354 33 60 309 296 127 394 313 9 78 324 93 164 365 270 108 114 392 321 221 231 342 283 220 94 351 158 14 237 260 239 422 247 139 151 407 250 23 72 196 7 56 204 183 361 97 335 121 39 364 215 454 24 61 186 161 203 236 135 218 85 6 277 455 59 16 168 65 112 70 64 252 211 55 248 414 128 258 409 13 126 208 1 162 207 87 213 284 318 336 222 285 253 432 423 140 44 188 193 155 3 234 356 110 66 375 267 76 200 68 157 233 353 225 281 136 382 170 383 99 124 103 146 341 219 148 254 62 275 36 274 230 212 197 12 142 333 125 46 339 228 312 189 123 391 244 240 352 410 305 232 397 119 11 198 156 229 32 319 18 77 217 405 227 129 421 428 411 86 256 226 147 293 307 360 17 118 91 272 187 311 429 435 19 378 5 10 45 120 420 346 37 175 150 4 98 8 113 22 153 201 323 181 141 241 282 71 134 83 21 216 27 42 74 20 246 49 334 261 
