17
215
245 406 154 417 93 305 203 311 302 92 434 282 24 86 82 168 109 330 456 385 294 98 149 160 301 103 112 333 247 210 240 135 222 401 185 267 141 7 96 17 158 442 374 449 73 257 43 113 316 366 143 250 431 420 5 493 136 13 116 153 120 152 304 81 207 16 78 274 74 61 292 272 347 71 342 349 395 446 134 432 325 105 184 306 415 89 314 414 339 173 181 288 371 321 407 358 422 356 62 56 295 130 219 159 54 453 198 59 206 44 338 87 40 234 216 329 48 145 413 318 393 486 457 15 202 225 57 174 277 131 72 199 165 454 51 259 328 20 278 386 279 123 97 127 310 344 359 22 36 75 473 410 176 268 209 70 248 99 362 50 440 49 320 387 18 53 6 25 263 360 382 27 488 21 299 179 424 392 396 192 67 341 364 455 324 125 170 37 483 111 47 100 241 384 204 470 189 102 31 458 313 480 190 243 140 161 262 114 235 193 214 361 2 63 416 
212
245 406 154 417 93 305 203 311 302 92 434 282 24 86 82 168 109 330 456 385 294 98 149 160 301 103 112 333 247 210 240 135 222 401 185 267 141 7 96 17 158 442 374 449 73 257 43 113 316 366 143 250 431 420 5 136 13 116 153 120 152 304 81 207 16 78 274 74 61 292 272 71 342 349 395 446 134 432 325 105 184 306 415 89 314 414 339 173 181 288 371 321 407 358 422 356 62 56 295 130 159 54 453 198 59 206 44 338 87 40 234 216 329 48 145 413 318 393 486 457 15 202 225 57 174 277 131 72 199 165 454 51 259 328 20 278 386 279 123 97 127 310 344 359 22 36 75 473 410 176 268 209 70 248 99 362 50 440 49 320 387 18 53 6 25 263 360 382 27 488 21 299 179 424 392 396 192 67 341 364 455 324 125 170 37 483 111 47 100 241 384 204 470 189 102 31 458 313 480 190 243 140 161 262 114 235 193 214 361 2 63 416 
210
245 406 154 417 93 305 203 311 302 92 434 282 24 86 82 168 109 330 456 385 294 98 149 160 301 103 112 333 247 210 240 135 222 185 267 141 7 96 17 158 442 374 449 73 257 43 113 316 366 143 250 431 420 5 136 13 116 153 120 152 304 81 207 16 78 274 74 61 292 272 71 342 349 395 446 134 432 325 105 184 306 415 89 314 414 339 173 181 288 371 321 407 358 422 356 62 56 295 130 159 54 453 198 59 206 44 338 87 40 234 216 329 48 145 413 318 393 486 457 15 202 225 57 174 277 131 72 199 165 454 51 259 328 20 278 386 279 123 97 310 344 359 22 36 75 473 410 176 268 209 70 248 99 362 50 440 49 320 387 18 53 6 25 263 360 382 27 488 21 299 179 424 392 396 192 67 341 364 455 324 125 170 37 483 111 47 100 241 384 204 470 189 102 31 458 313 480 190 243 140 161 262 114 235 193 214 361 2 63 416 
208
245 406 154 417 93 305 203 311 302 92 434 282 24 86 82 168 109 330 456 385 294 98 149 160 301 103 112 333 247 210 240 135 222 185 267 141 7 96 17 158 442 374 449 73 257 43 113 316 366 143 250 431 420 5 136 13 116 153 120 152 304 81 207 16 78 274 74 61 292 272 71 342 349 395 446 134 432 325 105 184 306 415 89 314 414 339 173 181 288 371 321 407 358 422 356 62 56 295 130 159 54 453 198 59 206 44 338 87 40 234 216 329 48 145 413 318 393 486 457 15 202 225 57 174 277 131 72 199 165 454 51 259 328 20 278 386 279 123 97 310 344 359 22 36 75 473 410 176 268 209 70 248 99 362 50 440 49 320 387 18 53 6 25 263 360 382 27 488 21 299 179 424 392 396 192 67 341 364 455 324 125 170 37 483 111 47 100 241 384 204 470 189 102 31 458 313 480 190 243 140 262 114 235 193 361 2 63 416 
206
245 406 154 417 93 305 203 311 302 92 434 282 24 86 82 168 109 330 456 385 294 98 149 160 301 103 112 333 247 210 240 135 222 185 267 141 7 96 17 158 442 374 449 73 257 43 113 316 366 143 250 431 420 5 136 13 116 153 120 152 304 81 207 16 78 274 74 61 292 71 342 349 395 446 134 432 325 105 184 306 415 89 314 414 339 173 181 288 371 321 407 358 422 356 62 56 130 159 54 453 198 59 206 44 338 87 40 234 216 329 48 145 413 318 393 486 457 15 202 225 57 174 277 131 72 199 165 454 51 259 328 20 278 386 279 123 97 310 344 359 22 36 75 473 410 176 268 209 70 248 99 362 50 440 49 320 387 18 53 6 25 263 360 382 27 488 21 299 179 424 392 396 192 67 341 364 455 324 125 170 37 483 111 47 100 241 384 204 470 189 102 31 458 313 480 190 243 140 262 114 235 193 361 2 63 416 
204
245 406 154 417 93 305 203 311 302 92 434 282 24 86 82 168 109 330 456 385 294 98 149 160 301 103 112 333 247 210 240 135 222 185 267 141 7 96 17 158 442 374 449 73 257 43 113 316 366 143 250 431 420 5 136 13 116 153 120 152 304 81 207 16 78 274 74 61 292 71 342 349 395 446 134 432 325 105 184 306 415 89 314 414 339 173 181 288 371 321 407 358 422 356 62 56 130 159 54 453 198 59 206 44 338 87 40 234 216 329 145 413 318 393 486 457 15 202 225 57 174 277 131 72 199 165 454 51 259 328 20 278 386 279 123 97 310 344 359 22 36 75 473 410 176 268 209 70 99 362 50 440 49 320 387 18 53 6 25 263 360 382 27 488 21 299 179 424 392 396 192 67 341 364 455 324 125 170 37 483 111 47 100 241 384 204 470 189 102 31 458 313 480 190 243 140 262 114 235 48 361 2 63 416 
201
245 406 154 417 93 305 203 311 302 92 434 282 24 86 82 168 109 330 456 385 294 98 149 160 301 103 112 333 247 210 240 135 222 185 267 141 7 96 17 158 442 374 449 257 43 113 366 143 250 431 420 5 136 13 116 153 120 152 304 81 207 16 78 274 74 61 292 71 342 349 395 446 134 432 105 184 306 415 89 314 414 339 173 181 288 371 321 407 358 422 356 62 56 130 159 54 453 198 59 206 44 338 87 40 234 216 329 145 413 318 393 486 457 15 202 225 57 174 277 131 72 199 165 454 51 259 328 20 278 386 279 123 97 310 344 359 22 36 75 473 410 176 268 209 70 99 362 50 440 49 320 387 18 53 6 25 263 360 382 27 488 21 299 179 424 392 396 192 67 341 364 455 324 125 170 37 483 111 47 100 241 384 204 470 189 102 31 458 313 480 190 243 140 262 114 235 48 361 2 63 416 
200
245 406 154 417 93 305 203 311 302 92 434 282 24 86 82 168 109 330 456 385 294 98 149 160 301 103 112 333 247 210 240 135 222 185 267 141 7 96 17 158 442 374 449 257 43 113 366 143 250 431 420 5 136 13 116 153 120 152 304 81 207 16 78 274 74 61 292 71 342 349 395 446 134 432 105 184 306 415 89 314 414 339 173 181 288 371 321 407 358 422 356 56 130 159 54 453 198 59 206 44 338 87 40 234 216 329 145 413 318 393 486 457 15 202 225 57 174 277 131 72 199 165 454 51 259 328 20 278 386 279 123 97 310 344 359 22 36 75 473 410 176 268 209 70 99 362 50 440 49 320 387 18 53 6 25 263 360 382 27 488 21 299 179 424 392 396 192 67 341 364 455 324 125 170 37 483 111 47 100 241 384 204 470 189 102 31 458 313 480 190 243 140 262 114 235 48 361 2 63 416 
197
245 406 154 417 93 305 203 311 302 92 434 282 24 86 82 109 330 456 385 294 98 149 160 301 103 112 333 247 210 135 222 185 267 141 7 96 17 158 442 374 449 257 43 113 366 143 250 431 420 5 136 13 116 153 120 152 304 81 207 16 78 274 74 61 292 71 342 349 395 446 134 432 105 184 415 89 314 414 339 173 181 288 371 321 407 358 422 356 56 130 159 54 453 198 59 206 44 338 87 40 234 216 329 145 413 318 393 486 457 15 202 225 57 174 277 131 72 199 165 454 51 259 328 20 278 386 279 123 97 310 344 359 22 36 75 473 410 176 268 209 70 99 362 50 440 49 320 387 18 53 6 25 263 360 382 27 488 21 299 179 424 392 396 192 67 341 364 455 324 125 170 37 483 111 47 100 241 384 204 470 189 102 31 458 313 480 190 243 140 262 114 235 48 361 2 63 416 
196
245 406 154 417 93 305 203 311 302 92 434 282 24 86 82 109 330 456 385 294 98 149 160 301 103 112 333 247 210 135 222 185 267 141 7 96 17 158 442 374 449 257 43 113 366 143 250 431 420 5 136 13 116 153 120 152 304 81 207 16 78 274 74 61 292 71 342 349 395 446 134 432 105 184 415 89 314 414 339 173 181 288 371 321 407 358 422 356 56 130 159 54 453 198 59 206 44 338 87 40 234 216 329 145 413 318 393 486 457 202 225 57 174 277 131 72 199 165 454 51 259 328 20 278 386 279 123 97 310 344 359 22 36 75 473 410 176 268 209 70 99 362 50 440 49 320 387 18 53 6 25 263 360 382 27 488 21 299 179 424 392 396 192 67 341 364 455 324 125 170 37 483 111 47 100 241 384 204 470 189 102 31 458 313 480 190 243 140 262 114 235 48 361 2 63 416 
195
245 406 154 417 93 305 203 311 302 92 434 282 24 86 82 109 330 456 385 294 98 149 160 301 103 112 333 247 210 135 222 185 267 141 7 96 17 158 442 374 449 257 43 113 366 143 250 431 420 5 136 13 116 153 120 152 304 81 207 16 78 274 74 61 292 71 342 349 395 446 134 432 105 184 415 89 314 414 339 173 181 288 371 321 407 358 422 356 56 130 159 54 453 198 59 206 44 338 87 40 234 216 329 145 413 318 393 486 457 202 225 57 174 277 131 72 199 165 454 51 259 328 20 278 386 279 123 97 310 344 359 22 36 75 473 410 176 268 209 70 99 362 50 440 49 320 387 18 53 6 25 263 360 382 27 488 21 299 179 424 392 396 192 67 341 364 455 324 125 170 37 483 111 47 100 241 384 204 470 189 102 31 458 313 190 243 140 262 114 235 48 361 2 63 416 
194
245 406 154 417 93 305 203 311 302 92 434 282 24 86 82 109 330 456 385 294 98 149 160 301 103 112 333 247 210 135 222 185 267 141 7 96 17 158 442 374 449 257 43 113 366 143 250 431 420 5 136 13 116 153 120 152 304 81 207 16 78 274 74 61 292 71 342 349 395 446 134 432 105 184 415 89 314 414 339 173 181 288 371 321 407 358 422 356 56 130 159 54 453 198 59 206 44 338 87 40 234 216 329 145 413 318 393 486 457 202 225 57 174 277 131 72 199 165 454 51 259 328 20 278 386 279 123 97 310 344 359 22 36 75 473 410 176 268 209 70 99 362 50 440 49 320 387 18 53 6 25 263 360 382 27 488 21 299 179 424 392 192 67 341 364 455 324 125 170 37 483 111 47 100 241 384 204 470 189 102 31 458 313 190 243 140 262 114 235 48 361 2 63 416 
193
245 406 154 417 93 305 203 311 302 92 434 282 24 86 82 109 330 456 385 294 98 149 160 301 103 112 333 247 210 135 222 185 267 141 7 96 17 158 442 374 449 257 43 113 366 143 250 431 420 5 136 13 116 153 120 152 304 81 207 16 78 274 74 61 292 71 342 349 395 446 134 432 105 184 415 89 314 414 339 173 181 288 371 321 407 358 422 356 56 130 159 54 453 198 59 206 44 338 87 40 234 216 329 145 413 318 393 486 457 202 225 57 174 277 131 72 199 165 454 51 259 328 20 278 386 279 123 97 310 344 359 22 36 75 473 410 176 268 209 70 99 362 50 49 320 387 18 53 6 25 263 360 382 27 488 21 299 179 424 392 192 67 341 364 455 324 125 170 37 483 111 47 100 241 384 204 470 189 102 31 458 313 190 243 140 262 114 235 48 361 2 63 416 
193
245 406 154 417 93 305 203 311 302 92 434 282 24 86 82 109 330 456 385 294 98 149 160 301 103 112 333 247 210 135 222 185 267 141 7 96 17 158 442 374 449 257 43 113 366 143 250 431 420 5 136 13 116 153 120 152 304 81 207 16 78 274 74 61 292 71 342 349 395 446 134 432 105 184 415 89 314 414 339 173 181 288 371 321 407 358 422 356 56 130 159 54 453 198 59 206 44 338 87 40 234 216 329 145 413 318 393 486 457 202 225 57 174 277 131 72 199 165 454 51 259 328 20 278 386 279 123 97 310 344 359 22 36 75 473 410 176 268 209 70 99 362 50 49 320 387 18 53 6 25 263 360 382 27 488 21 299 179 424 392 192 67 341 364 455 324 125 170 37 483 111 47 100 241 384 204 470 189 102 31 458 313 190 243 140 262 114 235 48 361 2 63 416 
190
245 406 154 417 93 305 203 311 302 92 434 282 24 86 82 109 330 456 294 301 98 149 160 103 112 333 247 210 135 222 185 267 141 7 96 17 158 442 374 449 257 43 113 366 143 250 431 420 5 136 13 116 153 120 152 304 81 207 16 78 274 74 61 292 71 342 349 395 446 134 432 105 184 415 89 314 414 339 173 181 288 371 321 407 358 422 356 56 130 159 54 453 198 59 206 44 338 87 40 234 216 329 145 413 318 393 486 457 202 225 57 174 277 131 72 199 165 454 259 328 20 278 279 123 97 310 344 359 22 36 75 473 410 176 268 209 70 99 362 50 49 320 387 18 53 6 25 263 360 382 27 488 21 299 179 424 392 192 67 341 364 455 324 125 170 37 483 111 47 100 241 384 204 470 189 102 31 458 313 190 243 140 262 114 235 48 361 2 63 416 
188
245 406 154 417 93 305 203 311 302 92 434 282 24 86 82 109 330 456 294 301 98 149 160 103 112 333 247 210 135 222 185 267 141 7 96 17 158 442 374 449 257 43 113 366 143 250 431 420 5 136 13 116 153 120 152 81 207 16 78 274 74 61 292 71 342 349 395 446 134 432 105 184 415 89 314 414 339 173 181 288 371 321 407 358 422 356 56 130 159 54 453 198 59 206 44 338 87 40 234 216 329 145 413 318 393 486 457 202 225 57 174 277 131 72 199 165 454 259 328 20 278 279 123 97 310 344 359 22 36 75 473 410 176 268 209 70 99 362 50 49 320 387 18 53 6 25 263 360 382 27 488 299 179 424 392 192 67 341 364 455 324 125 170 37 483 111 47 100 241 384 204 470 189 102 31 458 313 190 243 140 262 114 235 48 361 2 63 416 
188
245 406 154 417 93 305 203 311 302 92 434 282 24 86 82 109 330 456 294 301 98 149 160 103 112 333 247 210 135 222 185 267 141 7 96 17 158 442 374 449 257 43 113 366 143 250 431 420 5 136 13 116 153 120 152 81 207 16 78 274 74 61 292 71 342 349 395 446 134 432 105 184 415 89 314 414 339 173 181 288 371 321 407 358 422 356 56 130 159 54 453 198 59 206 44 338 87 40 234 216 329 145 413 318 393 486 457 202 225 57 174 277 131 72 199 165 454 259 328 20 278 279 123 97 310 344 359 22 36 75 473 410 176 268 209 70 99 362 50 49 320 387 18 53 6 25 263 360 382 27 488 299 179 424 392 192 67 341 364 455 324 125 170 37 483 111 47 100 241 384 204 470 189 102 31 458 313 190 243 140 262 114 235 48 361 2 63 416 
