17
287
112 52 511 160 548 135 249 326 199 83 498 152 338 435 439 239 390 307 107 540 531 323 457 6 101 403 246 41 371 220 388 87 483 370 183 88 485 85 53 342 225 324 240 507 478 69 108 496 125 298 352 546 270 169 153 139 195 196 256 463 322 96 411 261 317 197 364 254 70 316 441 330 543 201 292 25 504 28 137 43 345 157 341 325 163 250 128 80 165 38 92 217 244 434 143 445 144 76 259 495 518 49 399 541 474 470 365 446 404 236 396 517 381 452 31 151 425 158 75 187 138 327 130 32 12 413 67 258 161 281 311 348 1 302 405 174 515 492 257 424 97 276 136 283 7 361 455 526 494 0 375 538 378 299 545 273 524 277 106 194 262 27 253 363 207 103 224 344 102 430 448 314 98 456 356 181 289 9 320 523 290 282 231 340 389 155 464 188 178 156 68 522 313 328 393 119 34 429 303 497 310 544 512 20 382 426 241 319 480 460 48 176 39 458 124 5 508 366 232 532 226 461 336 527 530 14 472 520 99 189 321 89 122 133 17 171 140 116 489 234 412 437 147 379 214 40 537 23 333 129 529 216 285 64 505 288 205 26 547 454 296 164 309 16 406 79 534 13 347 542 293 372 354 203 149 263 525 146 528 18 162 94 100 268 200 71 150 
284
112 52 511 160 548 135 249 326 199 83 498 152 338 435 439 239 390 307 107 540 531 323 457 101 403 246 41 371 220 388 87 483 370 183 88 485 85 53 342 225 324 240 507 478 69 108 496 125 298 352 546 270 169 153 195 196 256 463 322 96 411 261 317 197 364 254 70 316 441 330 543 201 292 25 504 28 137 43 345 157 341 325 163 250 128 80 165 38 92 217 244 434 143 445 144 76 259 495 518 49 399 541 474 470 365 446 404 236 396 517 381 452 31 151 425 158 75 187 138 327 130 32 12 413 67 258 161 281 311 348 1 302 405 174 515 492 257 424 97 276 136 283 7 361 455 526 494 0 375 538 378 299 545 273 524 277 106 194 262 27 253 363 207 103 224 344 102 430 448 314 98 456 356 181 289 9 320 523 290 282 231 340 389 155 464 188 178 156 68 522 313 328 393 119 34 429 303 497 310 544 512 20 382 426 241 319 480 460 48 176 39 458 124 5 508 366 232 532 226 461 336 527 530 14 472 520 99 189 321 89 122 133 17 171 140 116 489 234 412 437 147 379 214 40 537 23 333 129 529 216 285 64 505 288 205 26 547 454 296 164 309 16 406 79 534 13 347 542 293 372 354 203 149 263 525 146 528 162 94 100 268 200 71 150 
283
112 52 511 160 548 135 249 326 199 83 498 152 338 435 439 239 390 107 540 531 323 457 101 403 246 41 371 220 388 87 483 370 183 88 485 85 53 342 225 324 240 507 478 69 108 496 125 298 352 546 270 169 153 195 196 256 463 322 96 411 261 317 197 364 254 70 316 441 330 543 201 292 25 504 28 137 43 345 157 341 325 163 250 128 80 165 38 92 217 244 434 143 445 144 76 259 495 518 49 399 541 474 470 365 446 404 236 396 517 381 452 31 151 425 158 75 187 138 327 130 32 12 413 67 258 161 281 311 348 1 302 405 174 515 492 257 424 97 276 136 283 7 361 455 526 494 0 375 538 378 299 545 273 524 277 106 194 262 27 253 363 207 103 224 344 102 430 448 314 98 456 356 181 289 9 320 523 290 282 231 340 389 155 464 188 178 156 68 522 313 328 393 119 34 429 303 497 310 544 512 20 382 426 241 319 480 460 48 176 39 458 124 5 508 366 232 532 226 461 336 527 530 14 472 520 99 189 321 89 122 133 17 171 140 116 489 234 412 437 147 379 214 40 537 23 333 129 529 216 285 64 505 288 205 26 547 454 296 164 309 16 406 79 534 13 347 542 293 372 354 203 149 263 525 146 528 162 94 100 268 200 71 150 
283
112 52 511 160 548 135 249 326 199 83 498 152 338 435 439 239 390 107 540 531 323 457 101 403 246 41 371 220 388 87 483 370 183 88 485 85 53 342 225 324 240 507 478 69 108 496 125 298 352 546 270 169 153 195 196 256 463 322 96 411 261 317 197 364 254 70 316 441 330 543 201 292 25 504 28 137 43 345 157 341 325 163 250 128 80 165 38 92 217 244 434 143 445 144 76 259 495 518 49 399 541 474 470 365 446 404 236 396 517 381 452 31 151 425 158 75 187 138 327 130 32 12 413 67 258 161 281 311 348 1 302 405 174 515 492 257 424 97 276 136 283 7 361 455 526 494 0 375 538 378 299 545 273 524 277 106 194 262 27 253 363 207 103 224 344 102 430 448 314 98 456 356 181 289 9 320 523 290 282 231 340 389 155 464 188 178 156 68 522 313 328 393 119 34 429 303 497 310 544 512 20 382 426 241 319 480 460 48 176 39 458 124 5 508 366 232 532 226 461 336 527 530 14 472 520 99 189 321 89 122 133 17 171 140 116 489 234 412 437 147 379 214 40 537 23 333 129 529 216 285 64 505 288 205 26 547 454 296 164 309 16 406 79 534 13 347 542 293 372 354 203 149 263 525 146 528 162 94 100 268 200 71 150 
280
112 52 511 160 548 135 249 326 199 83 498 152 338 435 439 239 390 107 540 531 323 457 101 403 246 41 371 220 388 87 483 370 183 88 485 85 53 342 225 324 240 507 478 69 108 496 125 298 352 546 270 169 153 195 196 256 463 322 96 411 261 317 197 364 254 70 316 441 330 543 201 292 25 504 28 137 43 345 157 341 325 163 250 128 80 165 38 92 217 244 434 143 445 144 76 259 495 518 49 399 541 474 470 365 446 404 236 396 517 381 452 31 151 158 75 187 138 327 130 32 12 413 67 258 161 281 311 348 1 302 405 174 515 492 257 424 97 276 136 283 7 361 455 526 494 0 375 538 378 299 545 273 524 277 106 194 262 27 253 363 207 103 224 344 102 430 448 314 98 456 356 181 289 9 320 523 290 282 231 340 389 155 464 188 178 156 68 522 313 328 119 34 429 303 497 310 544 512 20 382 426 241 319 480 460 48 176 39 458 124 5 508 366 232 532 226 461 336 527 530 14 472 520 99 189 321 89 122 133 17 171 140 116 489 234 412 437 147 379 214 40 537 23 333 129 529 216 285 64 505 288 205 26 547 454 296 164 309 16 406 79 534 13 347 293 372 354 203 149 263 525 146 528 162 94 100 268 200 71 150 
280
112 52 511 160 548 135 249 326 199 83 498 152 338 435 439 239 390 107 540 531 323 457 101 403 246 41 371 220 388 87 483 370 183 88 485 85 53 342 225 324 240 507 478 69 108 496 125 298 352 546 270 169 153 195 196 256 463 322 96 411 261 317 197 364 254 70 316 441 330 543 201 292 25 504 28 137 43 345 157 341 325 163 250 128 80 165 38 92 217 244 434 143 445 144 76 259 495 518 49 399 541 474 470 365 446 404 236 396 517 381 452 31 151 158 75 187 138 327 130 32 12 413 67 258 161 281 311 348 1 302 405 174 515 492 257 424 97 276 136 283 7 361 455 526 494 0 375 538 378 299 545 273 524 277 106 194 262 27 253 363 207 103 224 344 102 430 448 314 98 456 356 181 289 9 320 523 290 282 231 340 389 155 464 188 178 156 68 522 313 328 119 34 429 303 497 310 544 512 20 382 426 241 319 480 460 48 176 39 458 124 5 508 366 232 532 226 461 336 527 530 14 472 520 99 189 321 89 122 133 17 171 140 116 489 234 412 437 147 379 214 40 537 23 333 129 529 216 285 64 505 288 205 26 547 454 296 164 309 16 406 79 534 13 347 293 372 354 203 149 263 525 146 528 162 94 100 268 200 71 150 
274
112 52 511 160 548 135 249 326 199 498 152 338 435 439 239 390 107 540 531 323 457 101 403 246 41 371 220 388 87 483 370 183 88 485 85 53 342 225 324 240 507 478 69 108 496 125 298 352 546 270 169 153 196 256 463 322 96 261 317 197 364 254 70 316 441 330 543 201 292 25 504 28 137 43 345 157 341 325 163 250 128 80 165 38 92 217 244 434 143 445 144 76 259 495 518 49 399 541 474 470 365 446 404 236 396 517 381 452 31 151 158 75 187 138 327 130 32 12 413 67 258 161 281 311 348 1 302 405 174 515 492 257 424 97 276 136 283 7 361 455 526 494 0 375 538 378 299 545 273 524 277 106 194 262 27 253 207 103 224 344 102 430 448 314 98 456 356 181 9 320 290 523 231 282 340 389 155 464 188 178 156 68 522 313 328 119 34 429 303 497 310 544 512 20 382 426 241 319 480 460 48 176 39 458 124 5 508 366 232 532 226 461 336 527 530 14 472 520 99 189 321 89 122 133 17 171 140 116 489 234 412 437 147 379 214 40 537 23 333 129 529 216 285 64 505 288 205 26 547 454 296 164 309 16 406 79 534 13 293 372 354 203 149 263 525 146 528 162 94 100 268 200 71 150 
273
112 52 511 160 548 135 249 326 199 498 152 338 435 439 239 390 107 540 531 323 457 101 403 246 41 371 220 388 87 483 370 183 88 485 85 53 342 225 324 240 507 478 69 108 496 125 298 352 546 270 169 153 196 256 463 322 96 261 317 197 364 254 70 316 441 330 543 201 292 25 504 28 137 43 345 157 341 325 163 250 128 80 165 38 92 217 244 434 143 445 144 76 259 495 518 49 399 541 474 470 365 446 404 236 396 517 381 452 31 151 158 75 187 138 327 130 32 12 413 67 258 161 281 311 348 1 302 405 174 515 492 257 424 97 276 136 283 7 361 455 526 494 0 375 538 378 299 545 273 524 277 106 194 262 27 253 207 103 224 344 102 430 448 314 98 456 356 181 9 320 290 523 231 282 340 389 155 464 188 178 156 68 522 313 328 119 34 429 303 310 544 512 20 382 426 241 319 480 460 48 176 39 458 124 5 508 366 232 532 226 461 336 527 530 14 472 520 99 189 321 89 122 133 17 171 140 116 489 234 412 437 147 379 214 40 537 23 333 129 529 216 285 64 505 288 205 26 547 454 296 164 309 16 406 79 534 13 293 372 354 203 149 263 525 146 528 162 94 100 268 200 71 150 
270
112 52 511 160 548 135 249 326 199 498 152 338 435 439 239 390 107 540 531 323 457 101 403 246 41 371 220 388 87 483 370 183 88 485 85 53 342 225 324 240 507 478 496 108 125 298 352 546 270 169 153 196 256 463 322 96 261 317 197 364 254 70 316 441 330 543 201 292 25 504 28 137 43 345 157 341 325 163 250 128 80 165 38 92 217 244 434 143 445 144 76 259 495 518 49 399 541 474 470 365 446 404 236 396 517 381 452 31 151 158 75 187 138 327 130 32 12 413 67 258 161 281 311 348 1 302 405 174 515 492 257 424 97 276 136 7 455 526 494 0 375 538 378 299 545 273 524 277 106 194 262 27 253 207 103 224 344 102 430 448 314 98 456 356 181 9 320 290 523 231 282 340 389 155 464 188 178 156 68 522 313 328 119 34 429 303 310 544 512 20 382 426 241 319 480 460 48 176 39 458 124 5 508 366 232 532 226 461 336 527 530 14 472 520 99 189 321 89 122 133 17 171 140 116 489 234 412 437 147 379 214 40 537 23 333 129 529 216 285 64 505 288 205 26 547 454 296 164 309 16 406 79 534 13 293 372 354 203 149 263 525 146 528 162 94 100 268 200 71 150 
268
112 52 511 160 548 135 249 326 199 498 152 338 435 439 239 390 107 540 531 323 457 101 403 246 41 371 220 388 87 483 370 183 88 485 85 53 342 225 324 240 507 478 496 108 125 298 352 546 270 169 153 196 256 463 322 96 261 317 197 364 254 70 316 441 330 543 292 25 504 28 137 43 345 157 341 325 163 250 128 80 165 38 92 217 244 434 143 445 144 76 259 495 518 49 399 541 474 470 365 446 404 236 396 517 381 452 31 151 158 75 187 138 130 32 12 413 67 258 161 281 311 348 1 302 405 174 515 492 257 424 97 276 136 7 455 526 494 0 375 538 378 299 545 273 524 277 106 194 262 27 253 207 103 224 344 102 430 448 314 98 456 356 181 9 320 290 523 231 282 340 389 155 464 188 178 156 68 522 313 328 119 34 429 303 310 544 512 20 382 426 241 319 480 460 48 176 39 458 124 5 508 366 232 532 226 461 336 527 530 14 472 520 99 189 321 89 122 133 17 171 140 116 489 234 412 437 147 379 214 40 537 23 333 129 529 216 285 64 505 288 71 26 547 454 296 164 309 16 406 79 534 13 293 372 354 203 149 263 525 146 528 162 94 100 268 200 205 150 
268
112 52 511 160 548 135 249 326 199 498 152 338 435 439 239 390 107 540 531 323 457 101 403 246 41 371 220 388 87 483 370 183 88 485 85 53 342 225 324 240 507 478 496 108 125 298 352 546 270 169 153 196 256 463 322 96 261 317 197 364 254 70 316 441 330 543 292 25 504 28 137 43 345 157 341 325 163 250 128 80 165 38 92 217 244 434 143 445 144 76 259 495 518 49 399 541 474 470 365 446 404 236 396 517 381 452 31 151 158 75 187 138 130 32 12 413 67 258 161 281 311 348 1 302 405 174 515 492 257 424 97 276 136 7 455 526 494 0 375 538 378 299 545 273 524 277 106 194 262 27 253 207 103 224 344 102 430 448 314 98 456 356 181 9 320 290 523 231 282 340 389 155 464 188 178 156 68 522 313 328 119 34 429 303 310 544 512 20 382 426 241 319 480 460 48 176 39 458 124 5 508 366 232 532 226 461 336 527 530 14 472 520 99 189 321 89 122 133 17 171 140 116 489 234 412 437 147 379 214 40 537 23 333 129 529 216 285 64 505 288 71 26 547 454 296 164 309 16 406 79 534 13 293 372 354 203 149 263 525 146 528 162 94 100 268 200 205 150 
267
112 52 511 160 548 135 249 326 199 498 152 338 435 439 239 390 107 540 531 323 457 101 246 41 371 220 388 87 483 370 183 88 485 85 53 342 225 324 240 507 478 496 108 125 298 352 546 270 169 153 196 256 463 322 96 261 317 197 364 254 70 316 441 330 543 292 25 504 28 137 43 345 157 341 325 163 250 128 80 165 38 92 217 244 434 143 445 144 76 259 495 518 49 399 541 474 470 365 446 404 236 396 517 381 452 31 151 158 75 187 138 130 32 12 413 67 258 161 281 311 348 1 302 405 174 515 492 257 424 97 276 136 7 455 526 494 0 375 538 378 299 545 273 524 277 106 194 262 27 253 207 103 224 344 102 430 448 314 98 456 356 181 9 320 290 523 231 282 340 389 155 464 188 178 156 68 522 313 328 119 34 429 303 310 544 512 20 382 426 241 319 480 460 48 176 39 458 124 5 508 366 232 532 226 461 336 527 530 14 472 520 99 189 321 89 122 133 17 171 140 116 489 234 412 437 147 379 214 40 537 23 333 129 529 216 285 64 505 288 71 26 547 454 296 164 309 16 406 79 534 13 293 372 354 203 149 263 525 146 528 162 94 100 268 200 205 150 
267
112 52 511 160 548 135 249 326 199 498 152 338 435 439 239 390 540 107 531 323 457 101 246 41 371 220 388 87 483 370 183 88 485 85 53 342 225 324 240 507 478 496 108 125 298 352 546 270 169 153 196 256 463 322 96 261 317 197 364 254 70 316 441 330 543 292 25 504 28 137 43 345 157 341 325 163 250 128 80 165 38 92 217 244 434 143 445 144 76 259 495 518 49 399 541 474 470 365 446 404 236 396 517 381 452 31 151 158 75 187 138 130 32 12 413 67 258 161 281 311 348 1 302 405 174 515 492 257 424 97 276 136 7 455 526 494 0 375 538 378 299 545 273 524 277 106 194 262 27 253 207 103 224 344 102 430 448 314 98 456 356 181 9 320 290 523 231 282 340 389 155 464 188 178 156 68 522 313 328 119 34 429 303 310 544 512 20 382 426 241 319 480 460 48 176 39 458 124 5 508 366 232 532 226 461 336 527 530 14 472 520 99 189 321 89 122 133 17 171 140 116 489 234 412 437 147 379 214 40 537 23 333 129 529 216 285 64 505 288 71 26 547 454 296 164 309 16 406 79 534 13 293 372 354 203 149 263 525 146 528 162 94 100 268 200 205 150 
264
112 52 511 160 548 135 249 326 199 498 152 338 435 439 239 390 540 107 531 323 457 101 246 41 371 220 388 87 483 370 183 88 485 85 53 342 225 324 240 507 478 496 108 125 298 352 546 270 169 153 196 256 463 322 96 261 317 197 364 254 70 316 441 330 543 292 25 504 28 137 43 345 157 341 325 163 250 128 80 165 38 92 217 244 434 143 445 144 76 259 495 518 49 399 541 474 470 365 446 404 236 396 381 452 31 151 158 75 187 138 130 32 12 413 67 258 161 281 311 348 1 302 405 174 515 492 257 424 97 276 136 7 455 526 494 0 375 538 378 299 545 273 524 277 106 194 262 27 253 207 103 224 344 102 430 448 314 98 456 356 181 9 320 290 523 231 282 340 389 155 464 188 178 156 68 522 313 328 119 34 429 303 310 544 512 20 382 426 241 319 480 460 48 176 39 458 124 5 508 366 232 532 226 461 336 527 530 14 520 99 189 321 89 122 133 17 171 140 116 489 234 412 437 379 214 40 537 23 333 129 529 216 285 64 505 288 71 26 547 454 296 164 309 16 406 79 534 13 293 372 354 203 149 263 525 146 528 162 94 100 268 200 205 150 
259
112 52 511 160 548 135 249 326 199 498 152 338 435 439 239 390 540 107 531 323 101 246 41 371 220 388 87 483 370 183 88 485 85 53 342 225 324 240 507 478 496 108 125 298 352 546 270 169 153 196 256 463 322 96 261 317 197 364 254 70 316 441 330 543 292 25 504 28 137 43 345 157 341 325 163 250 128 80 165 38 92 217 244 434 143 445 144 76 259 495 518 49 399 541 474 470 365 446 404 236 396 381 452 31 151 158 75 187 138 130 32 12 413 67 258 161 281 311 348 1 302 405 174 515 492 257 424 97 276 136 7 455 526 494 0 375 538 378 299 545 273 524 277 106 194 262 253 207 103 224 344 102 430 448 314 98 456 356 181 9 320 290 523 231 282 340 389 155 464 188 178 156 68 522 313 328 119 34 429 303 310 544 512 20 382 426 241 319 480 460 48 176 39 458 124 5 508 366 232 532 226 461 336 527 530 14 520 99 189 321 89 122 133 17 171 140 116 489 234 412 437 379 214 40 537 23 333 129 529 64 285 505 288 71 26 296 454 164 309 16 406 79 534 293 372 354 203 149 263 525 146 528 162 94 100 268 200 205 150 
254
112 52 511 160 548 135 249 326 199 498 152 338 435 439 239 390 540 107 531 323 246 41 371 220 388 87 483 370 183 88 485 85 53 342 225 324 240 507 478 496 108 125 298 352 546 270 169 153 196 256 463 322 96 261 317 197 364 254 70 316 441 330 543 292 25 504 28 137 43 345 157 341 325 163 250 128 80 165 38 92 217 244 434 143 445 144 76 259 495 518 49 399 541 474 470 365 446 404 236 396 381 452 31 151 158 75 187 138 130 32 12 413 67 161 281 311 348 1 302 405 174 515 492 257 424 97 136 7 455 526 494 0 375 538 378 299 545 273 524 277 106 194 253 207 103 224 344 102 430 448 314 98 456 356 181 9 320 290 523 231 282 340 389 155 464 188 178 156 68 522 313 328 119 34 429 303 310 544 512 20 382 426 241 480 460 48 176 39 458 124 5 508 366 232 532 226 461 336 527 530 14 520 99 189 321 89 122 133 17 171 140 116 489 234 412 437 379 214 40 537 23 333 129 529 64 285 505 288 71 26 296 454 164 309 16 406 79 534 293 372 354 203 149 263 525 146 528 162 94 100 268 200 205 150 
252
112 52 511 160 548 135 249 326 199 498 152 338 435 439 239 390 540 107 531 323 246 41 371 220 388 87 483 370 88 485 85 53 342 225 324 240 507 478 496 108 125 298 352 546 270 169 153 196 256 463 322 96 261 317 197 364 254 70 316 441 330 543 292 25 504 28 137 43 345 157 341 325 163 250 128 80 165 445 92 217 244 434 143 38 144 76 259 495 518 49 399 541 474 470 446 404 236 396 381 452 31 151 158 75 187 138 130 32 12 413 67 161 281 311 348 1 302 405 174 515 492 257 424 97 136 7 455 526 494 0 375 538 378 299 545 273 524 277 106 194 253 207 103 224 344 102 430 448 314 365 456 356 181 9 320 290 523 231 282 340 389 155 464 188 178 156 68 522 313 328 119 34 429 303 310 544 512 20 382 426 241 480 460 48 176 39 458 124 5 508 366 232 532 226 461 336 527 530 14 520 99 189 321 89 122 133 17 171 140 116 489 234 412 437 379 214 40 537 23 333 129 529 64 285 505 288 71 26 296 454 164 309 16 406 79 534 293 372 354 203 149 263 525 146 528 162 94 100 268 200 205 150 
