14
255
370 490 648 88 26 440 111 58 667 220 379 461 553 704 709 680 227 570 476 357 298 684 346 77 187 319 661 155 354 230 303 487 492 137 190 352 72 462 316 697 24 347 637 692 439 338 695 503 672 454 665 293 486 75 211 152 423 437 463 304 629 329 377 534 485 368 120 181 133 47 669 705 326 412 324 363 491 219 707 523 257 243 141 564 484 708 296 249 474 163 224 469 361 670 656 541 180 31 674 221 676 615 79 270 678 516 567 424 89 280 118 624 544 390 478 479 171 150 673 278 694 145 108 627 696 336 653 431 433 666 650 415 154 498 706 345 410 245 106 229 517 495 254 589 204 203 177 290 49 279 355 703 528 68 226 353 489 100 241 78 188 356 677 616 153 689 699 470 635 216 434 92 264 244 52 497 505 668 128 339 605 682 223 614 365 246 664 659 200 373 240 711 632 263 604 568 23 698 501 691 511 518 369 473 156 20 76 121 685 349 700 253 413 617 599 581 643 671 451 594 683 161 512 130 702 1 199 569 686 60 53 332 327 292 660 206 18 191 110 61 275 710 515 366 271 10 499 443 630 372 504 259 430 62 638 
255
370 490 648 88 26 440 111 58 667 220 379 461 553 704 709 680 227 570 476 357 298 684 346 77 187 319 661 155 354 230 303 487 492 137 190 352 72 462 316 697 24 347 637 692 439 338 695 503 672 454 665 293 486 75 211 152 423 437 463 304 629 329 377 534 485 368 120 181 133 47 669 705 326 412 324 363 491 219 707 523 257 243 141 564 484 708 296 249 474 163 224 469 361 670 656 541 180 31 674 221 676 615 79 270 678 516 567 424 89 280 118 624 544 390 478 479 171 150 673 278 694 145 108 627 696 336 653 431 433 666 650 415 154 498 706 345 410 245 106 229 517 495 254 589 204 203 177 290 49 279 355 703 528 68 226 353 489 100 241 78 188 356 677 616 153 689 699 470 635 216 434 92 264 244 52 497 505 668 128 339 605 682 223 614 365 246 664 659 200 373 240 711 632 263 604 568 23 698 501 691 511 518 369 473 156 20 76 121 685 349 700 253 413 617 599 581 643 671 451 594 683 161 512 130 702 1 199 569 686 60 53 332 327 292 660 206 18 191 110 61 275 710 515 366 271 10 499 443 630 372 504 259 430 62 638 
254
370 490 648 88 26 440 111 58 667 220 379 461 553 704 709 680 227 570 476 357 298 346 77 187 319 661 155 354 230 303 487 492 137 190 352 72 462 316 697 24 347 637 692 439 338 695 503 672 454 665 293 486 75 211 152 423 437 463 304 629 329 377 534 485 368 120 181 133 47 669 705 326 412 324 363 491 219 707 523 257 243 141 564 484 708 296 249 474 163 224 469 361 670 656 541 180 31 674 221 676 615 79 270 678 516 567 424 89 280 118 624 544 390 478 479 171 150 673 278 694 145 108 627 696 336 653 431 433 666 650 415 154 498 706 345 410 245 106 229 517 495 254 589 204 203 177 290 49 279 355 703 528 68 226 353 489 100 241 78 188 356 677 616 153 689 699 470 635 216 434 92 264 244 52 497 505 668 128 339 605 682 223 614 365 246 664 659 200 373 240 711 632 263 604 568 23 698 501 691 511 518 369 473 156 20 76 121 685 349 700 253 413 617 599 581 643 671 451 594 683 161 512 130 702 1 199 569 686 60 53 332 327 292 660 206 18 191 110 61 275 710 515 366 271 10 499 443 630 372 504 259 430 62 638 
253
370 490 648 88 26 440 111 58 667 220 379 461 553 704 709 680 227 570 476 357 298 346 77 187 319 661 155 354 230 303 487 492 137 190 352 72 462 316 697 24 347 637 692 439 338 695 503 672 454 665 293 486 75 211 152 423 437 463 304 629 329 377 534 485 368 120 181 133 47 669 705 326 412 324 363 491 219 707 523 257 243 141 564 484 708 296 249 474 163 224 469 361 670 656 541 180 31 674 221 676 615 79 270 678 516 567 424 89 280 118 624 544 390 478 479 171 150 673 278 694 145 108 627 696 336 653 431 433 666 650 415 154 498 706 345 410 245 106 229 517 495 254 589 204 203 177 290 49 279 355 703 528 68 226 353 489 100 241 78 188 356 677 616 153 699 470 635 216 434 92 264 244 52 497 505 668 128 339 605 682 223 614 365 246 664 659 200 373 240 711 632 263 604 568 23 698 501 691 511 518 369 473 156 20 76 121 685 349 700 253 413 617 599 581 643 671 451 594 683 161 512 130 702 1 199 569 686 60 53 332 327 292 660 206 18 191 110 61 275 710 515 366 271 10 499 443 630 372 504 259 430 62 638 
249
370 490 648 88 26 440 111 58 667 220 379 461 553 704 709 680 227 570 476 357 298 346 77 187 319 661 155 354 230 303 487 492 137 190 352 72 462 316 697 347 637 692 439 338 695 503 672 454 665 293 486 75 211 152 423 437 463 304 329 534 377 485 368 181 120 133 47 669 705 326 412 324 363 491 219 707 523 257 243 141 564 484 708 296 249 474 163 224 469 361 670 656 541 180 31 674 221 676 615 79 270 678 516 567 424 89 280 118 624 544 390 478 479 171 150 673 278 694 145 108 627 696 336 653 431 433 666 650 415 154 498 706 345 410 245 106 229 517 495 254 589 204 203 177 290 49 279 355 703 528 68 226 353 489 100 241 78 188 356 677 616 153 699 470 635 216 434 92 264 244 52 497 505 668 128 339 605 682 614 365 246 664 659 200 373 240 711 632 263 604 568 23 698 501 691 511 518 369 473 156 20 76 121 685 349 700 253 413 617 599 581 643 671 451 594 161 512 130 702 1 199 569 686 60 53 332 327 292 660 206 18 191 110 61 275 710 515 366 271 10 499 443 630 372 504 259 430 62 638 
247
370 490 648 88 26 440 111 58 667 220 379 461 553 704 709 680 227 570 476 357 298 346 77 187 319 661 155 354 230 303 487 492 137 190 352 72 462 316 697 347 637 692 439 338 695 503 672 454 665 293 486 75 211 152 423 437 463 304 329 534 377 485 368 181 120 133 47 669 705 326 412 324 363 491 219 707 523 257 243 141 564 484 708 296 249 474 163 224 469 361 670 656 541 180 31 674 221 676 615 79 270 678 516 567 424 89 280 118 624 544 390 478 479 171 150 673 278 694 145 108 627 696 336 653 431 433 666 650 415 154 498 706 345 410 245 106 229 517 495 254 589 204 203 177 290 49 279 355 703 528 68 226 353 489 100 241 78 188 356 677 616 153 699 470 635 216 434 92 264 244 52 497 505 668 128 339 605 682 614 365 246 664 659 200 373 240 711 632 263 604 568 23 698 501 691 511 518 369 473 156 20 76 121 349 253 413 617 599 581 643 671 451 594 161 512 130 702 1 199 569 686 60 53 332 327 292 660 206 18 191 110 61 275 710 515 366 271 10 499 443 630 372 504 259 430 62 638 
246
370 490 648 88 26 440 111 58 667 220 379 461 553 704 709 680 227 570 476 357 298 346 77 187 319 661 155 354 230 303 487 492 137 190 352 72 462 316 697 347 637 692 439 338 695 503 672 454 665 293 486 75 211 152 423 437 463 304 329 534 377 485 368 181 120 133 47 669 705 326 412 324 363 491 219 707 523 257 243 141 564 484 708 296 249 474 163 224 469 361 670 656 541 180 31 674 221 676 615 79 270 678 516 567 424 89 280 118 624 544 390 478 479 171 150 673 278 694 145 108 627 696 336 653 431 433 666 650 415 154 498 706 345 410 245 106 229 517 495 254 589 204 203 177 290 49 279 355 703 528 68 226 353 489 100 241 78 188 356 677 616 153 699 470 635 216 92 264 244 52 497 505 668 128 339 605 682 614 365 246 664 659 200 373 240 711 632 263 604 568 23 698 501 691 511 518 369 473 156 20 76 121 349 253 413 617 599 581 643 671 451 594 161 512 130 702 1 199 569 686 60 53 332 327 292 660 206 18 191 110 61 275 710 515 366 271 10 499 443 630 372 504 259 430 62 638 
245
370 490 648 88 26 440 111 58 667 220 379 461 553 704 709 680 227 570 476 357 298 346 77 187 319 661 155 354 230 303 487 492 137 190 352 72 462 316 697 347 637 692 439 338 695 503 672 454 665 293 486 75 211 152 423 437 463 304 329 534 377 485 368 181 120 133 47 669 705 326 412 324 363 491 219 707 523 257 243 141 564 484 708 296 249 474 163 224 469 361 670 656 541 180 31 674 221 676 615 79 270 678 516 567 424 89 280 118 624 544 390 478 479 171 150 673 278 694 145 108 627 696 336 653 431 433 666 650 415 154 498 706 345 410 245 106 229 517 495 254 589 204 203 177 290 49 279 355 703 528 68 226 353 489 100 241 78 188 356 677 616 153 699 470 635 216 92 264 244 52 497 505 668 128 339 605 682 614 365 246 664 659 200 373 240 711 632 263 604 568 23 698 501 691 511 518 369 473 156 20 76 121 349 253 413 617 599 581 643 671 451 594 161 512 130 702 199 569 686 60 53 332 327 292 660 206 18 191 110 61 275 710 515 366 271 10 499 443 630 372 504 259 430 62 638 
242
370 490 648 88 26 440 111 58 667 220 379 461 553 704 709 680 227 570 476 357 298 346 77 187 319 661 155 354 230 303 487 492 137 190 352 72 462 316 697 347 637 439 338 695 503 672 454 665 293 486 75 211 152 423 437 463 304 329 534 377 485 368 181 120 133 47 669 705 326 412 324 363 491 219 707 523 257 243 141 564 484 708 296 249 474 163 224 469 361 670 656 541 180 31 674 221 676 615 79 270 678 516 567 424 89 280 118 624 390 478 479 171 150 673 278 694 145 108 627 696 336 653 431 433 666 650 415 154 498 706 345 410 245 106 229 517 495 254 589 204 203 177 290 49 279 355 703 528 68 226 353 489 100 241 78 188 356 677 616 153 699 470 635 216 92 264 244 52 497 505 668 128 339 605 682 614 365 246 664 659 200 373 240 711 632 263 604 568 23 698 501 691 511 518 369 473 156 20 121 349 253 413 617 599 581 643 671 451 594 161 512 130 702 199 569 686 60 53 332 327 292 660 206 18 191 110 61 275 710 515 366 271 10 499 443 630 372 504 259 430 62 638 
238
370 490 648 88 26 440 111 58 667 220 379 461 553 704 709 680 227 570 476 357 298 346 77 187 319 661 155 354 230 303 487 137 72 190 352 462 316 697 347 637 439 338 695 503 672 454 665 293 486 75 211 152 423 437 463 534 329 485 377 368 431 181 120 133 47 669 705 326 412 324 363 491 219 707 523 257 243 141 564 484 708 296 249 474 163 224 469 361 670 541 180 31 674 221 676 615 79 270 678 516 567 424 89 280 118 624 390 478 479 171 150 673 278 694 145 108 627 696 433 653 666 650 415 154 498 706 345 410 245 106 229 517 495 254 589 204 203 177 290 49 279 355 703 528 68 226 353 489 100 241 78 188 356 677 616 153 699 470 635 216 92 264 244 52 497 505 668 128 339 605 682 614 365 246 664 659 200 373 240 711 632 263 604 568 23 698 501 691 511 518 369 473 156 20 121 349 253 413 617 599 581 643 671 451 594 161 512 130 702 199 569 686 60 53 332 327 292 660 206 18 191 110 61 275 710 515 366 271 10 499 443 630 372 504 259 430 62 638 
237
370 490 648 88 26 440 111 58 667 220 379 461 553 704 709 680 227 570 476 357 298 77 346 187 319 661 155 354 230 303 487 137 72 190 352 462 316 697 347 637 439 338 695 503 672 454 665 293 486 75 211 152 423 485 534 368 329 431 377 437 181 120 133 47 669 705 326 412 324 363 491 219 707 523 257 243 141 564 484 708 296 249 474 163 224 469 361 670 541 180 31 674 221 676 615 79 270 678 516 567 424 89 280 118 624 390 478 479 171 150 673 278 694 145 108 627 696 433 653 666 650 415 154 498 706 345 410 245 106 229 517 495 254 589 204 203 177 290 49 279 355 703 528 68 226 353 489 100 241 78 188 356 677 616 153 699 470 635 216 92 264 244 52 497 505 668 128 339 605 682 614 365 246 664 659 200 373 240 711 632 263 604 568 23 698 501 691 511 518 369 473 156 20 121 349 253 413 617 599 581 643 671 451 594 161 512 130 702 199 569 686 60 53 332 327 292 660 206 18 191 110 61 275 710 515 366 271 10 499 443 630 372 504 259 430 62 638 
237
370 490 648 88 26 440 111 58 667 220 379 461 553 704 709 680 227 570 476 357 298 77 346 187 319 661 155 354 230 303 487 137 72 190 352 462 316 697 347 637 439 338 695 503 672 454 665 293 486 75 211 152 423 485 534 368 329 431 377 437 181 120 133 47 669 705 326 412 324 363 491 219 707 523 257 243 141 564 484 708 296 249 474 163 224 469 361 670 541 180 31 674 221 676 615 79 270 678 516 567 424 89 280 118 624 390 478 479 171 150 673 278 694 145 108 627 696 433 653 666 650 415 154 498 706 345 410 245 106 229 517 495 254 589 204 203 177 290 49 279 355 703 528 68 226 353 489 100 241 78 188 356 677 616 153 699 470 635 216 92 264 244 52 497 505 668 128 339 605 682 614 365 246 664 659 200 373 240 711 632 263 604 568 23 698 501 691 511 518 369 473 156 20 121 349 253 413 617 599 581 643 671 451 594 161 512 130 702 199 569 686 60 53 332 327 292 660 206 18 191 110 61 275 710 515 366 271 10 499 443 630 372 504 259 430 62 638 
236
370 490 648 88 26 440 111 58 667 220 379 461 553 704 709 680 227 570 476 357 298 77 346 187 319 661 155 354 230 303 487 137 72 190 352 462 316 697 347 637 439 338 695 503 672 454 665 293 486 75 211 152 423 485 534 368 329 431 377 437 181 120 133 47 669 705 326 412 324 363 491 219 707 523 257 243 141 564 484 708 296 249 474 163 224 469 361 670 541 180 31 674 221 676 615 79 270 678 516 567 424 89 280 118 624 390 478 479 171 150 673 278 694 145 108 627 696 433 653 666 650 415 154 498 706 345 410 245 106 229 517 495 254 589 204 203 177 290 49 279 355 703 528 68 226 353 489 100 241 78 188 356 677 616 153 699 470 635 216 92 264 244 52 497 505 668 128 339 605 682 614 365 246 664 659 200 373 240 711 632 263 604 568 23 698 501 691 511 518 369 473 156 20 121 349 253 413 617 599 581 643 671 451 594 161 512 130 702 199 569 686 60 332 327 292 660 206 18 191 110 61 275 710 515 366 271 10 499 443 630 372 504 259 430 62 638 
234
370 490 648 88 26 440 111 58 667 220 379 461 553 704 709 680 227 570 476 357 298 77 346 187 319 661 155 354 230 303 487 137 72 190 352 462 316 697 347 637 439 338 695 503 672 454 497 293 486 75 211 152 423 485 534 368 329 431 377 437 181 120 133 47 669 705 326 412 324 363 491 219 707 523 257 243 141 564 484 708 296 249 474 163 224 469 361 670 541 180 31 674 221 676 615 79 270 678 516 567 424 89 280 118 624 390 478 479 171 150 673 278 694 145 108 627 696 433 653 666 650 415 154 498 706 345 410 245 106 229 517 495 254 589 204 203 177 290 49 279 355 703 528 68 226 353 489 100 241 78 188 356 677 616 153 699 470 635 216 92 264 244 52 505 668 128 339 605 682 614 365 246 664 659 200 373 240 711 632 263 604 568 23 698 501 691 511 518 473 156 20 121 349 253 413 617 599 581 643 671 451 594 161 512 130 702 199 569 686 60 332 327 292 660 206 18 191 110 61 275 710 515 366 271 10 499 443 630 372 504 259 430 62 638 
