19
210
401 152 483 181 102 137 216 7 226 344 439 169 57 77 484 70 82 68 285 95 355 274 161 363 337 22 142 164 334 479 204 180 168 21 298 351 478 185 115 179 99 195 173 399 468 83 79 243 321 14 339 148 350 157 98 127 331 230 151 282 50 107 247 135 361 354 40 297 307 366 327 20 53 279 281 473 172 235 437 313 286 141 224 295 392 165 415 422 234 122 427 317 242 32 463 413 202 215 45 140 267 352 12 446 28 426 52 444 27 424 171 126 246 423 449 258 238 16 404 462 487 67 294 240 178 90 481 369 373 271 348 72 112 391 382 121 440 208 111 133 61 54 26 210 187 270 259 232 214 221 76 428 266 222 306 17 198 469 147 257 225 452 320 261 394 435 360 19 371 400 429 188 453 340 405 48 194 43 253 312 203 450 160 472 209 134 177 300 309 275 455 183 349 65 86 207 251 84 189 486 417 105 332 345 231 186 9 311 78 454 
208
401 152 483 181 102 137 216 7 226 344 439 169 57 77 484 70 82 68 285 95 355 274 161 363 337 22 142 164 334 479 204 180 168 21 298 351 478 185 115 179 99 195 173 399 468 83 79 243 321 14 339 148 350 157 98 127 331 230 151 282 50 107 247 135 361 354 40 297 307 366 327 20 53 279 281 473 172 235 437 313 286 141 224 295 392 165 415 422 234 122 427 317 242 32 463 413 202 215 45 140 267 352 12 446 28 426 52 444 27 424 171 126 246 423 449 258 238 16 404 462 487 67 294 240 178 90 481 369 373 271 348 72 112 391 382 121 440 208 111 133 61 54 26 210 187 270 232 214 221 76 428 266 222 306 17 198 469 147 257 225 452 261 394 435 360 19 371 400 429 188 453 340 405 48 194 43 253 312 203 450 160 472 209 134 177 300 309 275 455 183 349 65 86 207 251 84 189 486 417 105 332 345 231 186 9 311 78 454 
207
401 152 483 181 102 137 216 7 226 344 439 169 57 77 484 70 82 68 285 95 355 274 161 363 337 22 142 164 334 479 204 180 168 21 298 351 478 185 115 179 99 195 173 399 468 83 79 243 321 14 339 148 350 157 98 127 331 230 151 282 50 107 247 135 361 354 40 297 307 366 327 20 53 279 281 473 172 235 437 313 286 141 224 295 392 165 415 422 234 122 427 317 242 32 463 413 202 215 45 140 267 352 12 446 28 426 52 444 27 424 171 126 246 423 449 258 238 16 404 462 487 67 294 240 178 90 481 369 373 271 348 72 112 391 382 121 440 208 111 133 61 54 26 210 187 270 232 214 221 76 428 266 222 306 17 198 469 147 257 225 452 261 394 435 360 19 371 400 429 188 453 340 405 48 194 43 253 312 203 450 160 472 209 134 177 300 309 275 455 183 349 65 86 207 251 84 189 486 417 105 332 345 231 9 311 78 454 
204
401 152 483 181 102 137 216 7 226 344 439 169 57 77 484 70 82 68 285 355 274 161 363 337 22 142 164 334 479 204 180 168 21 298 351 478 185 115 179 99 195 173 399 468 83 79 243 321 14 339 148 350 157 98 127 331 230 151 282 50 107 247 135 361 354 40 297 307 366 327 20 53 279 281 473 172 235 437 313 286 141 224 295 392 165 415 422 234 122 427 317 242 32 463 413 202 215 45 140 267 352 12 446 28 426 52 444 27 424 171 126 246 423 449 258 238 16 404 462 67 294 240 178 90 481 369 373 271 348 72 112 391 382 121 440 208 111 133 61 54 26 210 187 270 232 214 221 76 428 266 306 17 198 469 147 257 225 452 261 394 435 360 19 371 400 429 188 453 340 405 48 194 43 253 312 203 450 160 472 209 134 177 300 309 275 455 183 349 65 86 207 251 84 189 486 417 105 332 345 231 9 311 78 222 
202
401 152 483 181 102 137 216 7 226 344 439 169 57 77 484 70 82 68 285 355 274 161 363 337 22 142 164 334 479 204 180 168 21 298 351 478 185 115 179 99 195 173 399 468 83 79 243 321 14 339 148 350 157 98 127 331 230 151 282 50 107 247 135 361 354 40 297 307 366 327 20 53 279 281 473 172 235 437 313 286 141 224 295 392 165 415 422 234 122 427 317 242 32 463 413 202 215 45 140 267 352 12 446 28 426 52 444 27 424 171 126 246 423 449 258 238 16 404 462 67 294 240 178 90 481 369 373 271 348 72 112 391 382 121 440 208 111 133 61 54 26 210 187 270 232 214 221 76 428 266 306 17 198 147 257 225 452 261 394 435 360 19 371 400 429 453 340 405 48 194 43 253 312 203 450 160 472 209 134 177 300 309 275 455 183 349 65 86 207 251 84 189 486 417 105 332 345 231 9 311 78 222 
202
401 152 483 181 102 137 216 7 226 344 439 169 57 77 484 70 82 68 285 355 274 161 363 337 22 142 164 334 479 204 180 168 21 298 351 478 185 115 179 99 195 173 399 468 83 79 243 321 14 339 148 350 157 98 127 331 230 151 282 50 107 247 135 361 354 40 297 307 366 327 20 53 279 281 473 172 235 437 313 286 141 224 295 392 165 415 422 234 122 427 317 242 32 463 413 202 215 45 140 267 352 12 446 28 426 52 444 27 424 171 126 246 423 449 258 238 16 404 462 67 294 240 178 90 481 369 373 271 348 72 112 391 382 121 440 208 111 133 61 54 26 210 187 270 232 214 221 76 428 266 306 17 198 147 257 225 452 261 394 435 360 19 371 400 429 453 340 405 48 194 43 253 312 203 450 160 472 209 134 177 300 309 275 455 183 349 65 86 207 251 84 189 486 417 105 332 345 231 9 311 78 222 
201
401 152 483 181 102 137 216 7 226 344 439 169 57 77 484 70 82 68 285 355 274 161 363 337 22 142 164 334 479 204 180 168 21 298 351 478 185 115 179 99 195 173 399 468 83 79 243 321 14 339 148 350 157 98 127 331 230 151 282 50 107 247 135 361 354 40 297 307 366 327 20 53 279 281 473 172 235 437 313 286 141 224 295 392 165 415 422 122 427 317 242 32 463 413 202 215 45 140 267 352 12 446 28 426 52 444 27 424 171 126 246 423 449 258 238 16 404 462 67 294 240 178 90 481 369 373 271 348 72 112 391 382 121 440 208 111 133 61 54 26 210 187 270 232 214 221 76 428 266 306 17 198 147 257 225 452 261 394 435 360 19 371 400 429 453 340 405 48 194 43 253 312 203 450 160 472 209 134 177 300 309 275 455 183 349 65 86 207 251 84 189 486 417 105 332 345 231 9 311 78 222 
199
401 152 483 181 102 137 216 7 226 344 439 169 57 77 484 70 82 68 285 355 274 161 363 337 22 142 164 334 479 204 180 168 21 298 351 478 185 115 179 99 195 173 399 468 83 79 243 321 14 339 148 350 157 98 127 331 230 151 282 50 107 247 135 361 354 40 297 307 366 327 20 53 279 281 473 172 235 437 313 286 141 224 295 392 165 415 422 122 427 317 242 32 463 413 202 215 45 140 267 352 12 446 28 426 52 444 27 424 171 126 246 423 449 238 16 404 462 67 294 240 178 90 481 369 373 271 348 72 112 391 382 121 440 208 111 133 61 54 26 210 187 270 232 214 221 266 428 306 17 198 147 257 225 452 261 394 435 360 19 371 400 429 453 340 405 48 194 43 253 312 203 450 160 472 209 134 177 300 309 275 455 183 349 65 86 207 251 84 189 486 417 105 332 345 231 9 311 78 222 
197
401 152 483 181 102 137 216 7 226 344 439 169 57 77 484 70 82 68 285 355 274 161 363 337 22 142 164 334 479 204 180 168 21 298 351 478 185 115 179 99 195 173 399 468 83 79 243 321 14 339 148 350 157 98 127 331 230 151 282 50 107 247 135 361 354 40 297 307 366 327 20 53 279 281 473 172 235 437 313 286 141 224 295 392 165 415 422 317 427 242 32 463 413 202 215 45 140 267 352 12 446 28 426 52 444 27 424 171 126 246 423 449 238 16 404 462 67 294 240 178 90 481 369 373 271 348 72 112 391 382 121 440 208 111 133 61 54 26 210 187 270 232 214 221 266 428 17 198 147 257 225 452 261 394 435 360 19 371 400 429 453 340 405 48 194 43 253 312 203 450 160 472 209 134 177 300 309 275 455 183 349 65 86 207 251 84 189 486 417 105 332 345 231 9 311 78 222 
195
401 152 483 181 102 137 216 7 226 344 439 169 57 77 484 70 82 68 285 355 274 161 363 22 142 164 334 479 204 180 168 21 298 351 478 185 115 179 99 195 173 399 468 83 79 243 321 14 339 148 350 157 98 127 331 230 151 282 50 107 247 135 361 354 40 297 307 366 327 53 279 281 473 172 235 437 313 286 141 224 295 392 165 415 422 317 427 242 32 463 413 202 215 45 140 267 352 12 446 28 426 52 444 27 424 171 126 246 423 449 238 16 404 462 67 294 240 178 90 481 369 373 271 348 72 112 391 382 121 440 208 111 133 61 54 26 210 187 270 232 214 221 266 428 17 198 147 257 225 452 261 394 435 360 19 371 400 429 453 340 405 48 194 43 253 312 203 450 160 472 209 134 177 300 309 275 455 183 349 65 86 207 251 84 189 486 417 105 332 345 231 9 311 78 222 
191
401 152 483 181 102 137 216 7 226 344 439 57 77 484 70 82 68 285 355 274 161 363 22 142 164 334 479 204 180 168 21 298 351 478 185 115 179 99 195 173 399 468 83 79 243 321 14 339 148 350 157 98 127 331 230 151 282 50 107 247 135 361 354 40 297 307 366 327 53 279 281 473 172 235 437 313 286 141 224 295 392 165 415 422 317 242 32 463 413 202 215 45 140 267 352 12 446 28 426 52 444 27 424 171 126 246 423 449 238 16 404 462 67 294 240 178 90 481 369 373 271 348 72 112 391 382 121 440 208 111 133 61 54 26 210 187 270 232 214 221 266 428 17 198 147 257 225 452 261 394 435 360 19 371 400 429 453 340 405 48 194 43 253 312 203 450 160 209 134 177 300 309 275 455 183 349 86 207 251 84 189 486 417 105 332 345 231 9 311 78 222 
189
401 152 483 181 102 137 216 7 226 344 439 57 77 484 70 82 68 285 355 274 161 363 22 142 164 334 479 204 180 168 21 298 351 478 185 115 179 99 195 173 399 468 83 79 243 321 14 339 148 350 157 127 331 230 151 282 50 107 247 135 361 354 40 297 307 366 327 53 279 281 473 172 235 437 313 286 141 224 295 392 165 415 422 317 242 32 463 413 202 215 45 140 267 352 12 446 28 426 52 444 27 424 171 126 246 423 449 238 16 462 67 294 240 178 90 481 369 373 271 348 72 112 391 382 121 440 208 111 133 61 54 26 210 187 270 232 214 221 266 428 17 198 147 257 225 452 261 394 435 360 19 371 400 429 453 340 405 48 194 43 253 312 203 450 160 209 134 177 300 309 275 455 183 349 86 207 251 84 189 486 417 105 332 345 231 9 311 78 222 
186
401 152 483 181 102 137 216 7 226 344 439 57 77 484 70 82 68 285 355 274 161 363 22 142 164 334 479 204 180 168 21 298 351 478 185 115 179 195 173 399 468 83 79 243 321 14 339 148 350 157 127 331 230 151 282 50 107 247 135 361 354 40 297 307 366 327 53 279 281 473 172 235 437 313 286 141 224 295 392 165 415 422 317 242 32 463 413 202 215 45 140 267 352 12 446 28 426 52 444 27 424 171 126 246 423 449 238 16 462 67 294 240 178 90 481 369 373 271 348 72 112 391 382 121 440 208 111 133 61 26 210 187 270 232 214 221 266 428 17 198 147 257 225 452 261 394 435 360 19 371 400 429 453 340 405 48 194 43 253 312 203 450 160 209 134 177 300 275 455 183 349 86 207 251 84 189 486 417 105 332 345 231 9 311 78 222 
186
401 152 483 181 102 137 216 7 226 344 439 57 77 484 70 82 68 285 355 274 161 363 22 142 164 334 479 204 180 168 21 298 351 478 185 115 179 195 173 399 468 83 79 243 321 14 339 148 350 157 127 331 230 151 282 50 107 247 135 361 354 40 297 307 366 327 53 279 281 473 172 235 437 313 286 141 224 295 392 165 415 422 317 242 32 463 413 202 215 45 140 267 352 12 446 28 426 52 444 27 424 171 126 246 423 449 238 16 462 67 294 240 178 90 481 369 373 271 348 72 112 391 382 121 440 208 111 133 61 26 210 187 270 232 214 221 266 428 17 198 147 257 225 452 261 394 435 360 19 371 400 429 453 340 405 48 194 43 253 312 203 450 160 209 134 177 300 275 455 183 349 86 207 251 84 189 486 417 105 332 345 231 9 311 78 222 
182
401 152 483 181 102 137 216 226 344 439 57 77 484 70 82 68 285 355 274 161 363 22 142 164 334 479 204 180 168 21 298 351 478 185 115 179 195 173 399 468 83 79 243 321 14 339 148 350 157 127 331 230 151 282 50 107 247 135 361 354 40 297 307 366 327 53 279 281 473 172 235 313 286 141 224 295 392 165 415 422 317 242 32 463 413 202 215 45 140 267 352 12 446 28 426 52 444 424 171 126 246 423 449 238 16 462 67 294 240 178 90 481 369 373 271 348 72 112 391 382 121 440 208 111 133 61 26 210 187 270 232 214 221 266 428 17 198 147 257 225 452 261 394 435 360 19 371 400 429 453 340 405 48 194 43 253 312 203 450 160 209 134 177 300 275 455 183 349 86 207 251 189 486 417 105 332 345 231 9 311 78 222 
180
401 152 483 181 102 137 216 226 344 439 57 77 484 70 82 68 355 274 161 363 22 142 164 334 479 204 180 168 21 298 351 478 185 115 179 195 173 399 468 83 79 243 321 14 339 148 350 157 127 331 230 151 282 50 107 247 135 361 354 40 297 307 366 327 53 279 281 473 172 235 313 286 141 224 295 392 165 415 422 317 242 32 463 413 202 215 45 140 267 352 12 446 28 426 52 444 424 171 126 246 423 449 238 16 462 67 294 240 178 90 481 369 373 271 348 72 112 391 382 121 440 208 111 133 61 26 210 187 270 232 214 221 266 428 17 198 147 257 225 452 261 394 435 360 19 371 400 429 340 405 48 194 43 253 312 203 450 160 209 134 177 300 275 455 183 349 86 207 251 189 486 417 105 332 345 231 9 311 78 222 
179
401 152 483 181 102 137 216 226 344 439 57 77 484 70 82 68 355 274 161 363 22 142 164 334 479 204 180 168 21 298 351 478 185 115 179 195 173 399 468 83 79 243 321 14 339 148 350 157 127 331 230 151 282 50 107 247 135 361 354 40 297 307 366 327 53 279 281 473 172 235 313 286 141 224 392 165 415 422 317 242 32 463 413 202 215 45 140 267 352 12 446 28 426 52 444 424 171 126 246 423 449 238 16 462 67 294 240 178 90 481 369 373 271 348 72 112 391 382 121 440 208 111 133 61 26 210 187 270 232 214 221 266 428 17 198 147 257 225 452 261 394 435 360 19 371 400 429 340 405 48 194 43 253 312 203 450 160 209 134 177 300 275 455 183 349 86 207 251 189 486 417 105 332 345 231 9 311 78 222 
179
401 152 483 181 102 137 216 226 344 439 57 77 484 70 82 68 355 274 161 363 22 142 164 334 479 204 180 168 21 298 351 478 185 115 179 195 173 399 468 83 79 243 321 14 339 148 350 157 127 331 230 151 282 50 107 247 135 361 354 40 297 307 366 327 53 279 281 473 172 235 313 286 141 224 392 165 415 422 317 242 32 463 413 202 215 45 140 267 352 12 446 28 426 52 444 424 171 126 246 423 449 238 16 462 67 294 240 178 90 481 369 373 271 348 72 112 391 382 121 440 208 111 133 61 26 210 187 270 232 214 221 266 428 17 198 147 257 225 452 261 394 435 360 19 371 400 429 340 405 48 194 43 253 312 203 450 160 209 134 177 300 275 455 183 349 86 207 251 189 486 417 105 332 345 231 9 311 78 222 
176
401 152 483 181 102 137 216 226 344 439 57 77 484 70 82 68 355 274 161 363 22 142 164 334 479 204 180 168 21 298 351 478 185 115 179 195 173 399 468 83 79 243 321 14 339 148 350 157 127 331 230 151 282 50 107 247 135 361 354 40 297 307 366 327 53 279 281 473 172 235 313 286 141 224 392 165 415 422 317 242 32 463 413 202 215 45 140 267 352 12 446 28 426 52 444 424 171 126 246 423 449 238 16 462 294 240 178 90 481 369 373 348 72 112 391 382 121 440 208 111 133 61 26 210 187 270 232 214 221 266 428 17 198 147 257 225 452 261 394 435 360 19 371 400 429 340 405 48 194 43 253 312 203 450 160 209 134 177 300 275 455 183 349 86 207 189 486 417 105 332 345 231 9 311 78 222 
