11
397
327 508 550 381 159 70 344 455 616 65 286 32 584 87 621 370 538 269 456 484 335 311 598 570 491 176 402 501 504 503 119 380 236 6 58 184 31 116 373 547 613 382 599 223 434 316 392 252 154 182 94 391 48 312 539 232 505 215 498 545 166 192 193 354 203 42 222 245 131 310 458 415 577 600 565 78 528 378 326 161 536 224 448 246 365 248 487 39 302 393 439 450 492 397 477 21 103 319 146 540 363 479 353 482 52 610 338 221 462 532 568 111 163 278 46 524 473 226 266 292 1 394 322 355 513 464 313 102 548 228 601 64 521 268 349 371 68 9 376 293 129 118 270 149 346 366 569 36 265 342 134 345 459 175 552 409 463 489 562 461 315 328 262 216 447 4 254 202 441 99 474 582 578 604 609 250 510 323 320 603 241 591 34 165 2 308 35 44 549 170 201 74 275 282 481 460 212 377 385 596 274 560 128 30 537 388 238 90 230 86 564 612 162 279 433 306 208 398 16 276 517 259 183 85 177 197 133 10 431 329 297 148 590 137 110 210 200 147 428 340 167 529 173 396 243 364 442 445 141 114 534 106 132 108 478 267 81 57 594 307 171 436 467 295 178 67 29 395 526 572 583 206 209 296 24 258 117 339 527 347 54 22 300 244 115 602 483 507 571 283 469 592 51 144 82 389 43 485 240 525 231 214 502 379 126 23 19 607 606 218 544 80 619 574 152 217 281 451 383 614 496 38 89 551 189 225 40 251 597 273 95 367 408 174 567 187 93 83 399 233 622 542 121 196 375 26 151 618 553 291 466 372 123 33 138 411 61 480 289 260 438 5 220 499 124 488 188 50 288 615 336 361 575 53 617 387 264 369 28 561 91 195 620 350 333 337 611 423 298 96 303 285 136 122 531 566 113 
392
327 508 550 381 159 70 344 455 616 65 286 32 584 87 621 370 538 269 456 484 335 311 598 570 491 176 402 501 504 503 119 380 236 6 58 184 31 116 373 547 613 382 599 223 434 316 392 252 154 182 94 391 48 312 539 232 505 215 498 545 166 192 193 354 203 42 222 245 131 310 458 415 577 600 565 78 528 378 326 161 536 224 448 365 248 487 39 302 393 439 450 492 397 477 21 103 319 146 540 363 353 482 52 610 338 221 462 532 568 111 163 278 46 524 473 226 266 292 1 394 322 355 513 464 313 102 548 228 601 64 521 268 349 371 68 9 376 293 129 118 270 149 346 366 36 265 342 134 345 459 175 552 409 463 489 562 461 315 328 262 216 447 4 254 202 441 99 474 582 578 604 609 250 510 323 320 603 241 591 34 165 2 308 35 44 549 170 201 74 275 282 481 460 212 377 385 596 274 560 128 30 537 388 238 90 230 86 564 612 162 279 433 306 208 398 16 276 517 259 183 85 177 197 133 10 431 329 297 148 590 137 110 210 200 147 428 340 167 529 173 396 243 364 442 445 141 114 534 106 132 108 478 267 81 57 594 307 171 436 467 295 178 67 29 395 526 572 583 206 209 296 24 258 117 339 527 347 54 22 300 244 115 602 483 507 571 283 469 592 51 144 82 389 43 485 240 525 231 502 379 126 23 19 607 606 218 544 80 619 574 152 217 281 451 383 614 496 38 89 551 189 225 40 251 597 273 95 367 408 174 567 187 93 83 399 233 622 542 121 196 375 26 151 618 553 291 466 372 123 33 138 411 61 480 289 260 438 5 220 499 124 188 50 288 615 336 361 575 53 617 387 264 369 28 561 91 195 620 350 333 337 611 423 298 96 303 285 136 122 531 566 113 
388
327 508 550 381 159 70 344 455 616 65 286 32 584 87 621 370 538 269 456 484 335 311 598 570 491 176 402 501 504 503 119 380 236 6 58 184 31 116 373 547 613 382 599 223 434 316 392 252 154 182 94 391 48 312 539 232 505 215 498 545 166 192 193 354 203 42 222 245 131 310 458 415 577 600 565 78 528 378 326 161 536 224 448 365 248 487 39 302 393 439 450 492 397 477 21 103 319 146 540 363 353 482 52 610 338 221 462 532 568 111 163 278 46 524 473 226 266 292 1 394 322 355 513 313 548 228 601 64 521 268 349 371 68 9 376 293 129 118 270 149 346 366 36 265 342 134 345 459 175 552 409 463 489 562 461 315 328 262 216 447 4 254 202 441 99 474 582 578 604 609 250 510 323 320 603 241 591 34 165 2 308 35 44 549 170 201 74 275 282 481 460 212 377 385 596 274 560 128 30 537 388 238 90 230 86 564 612 162 279 433 306 208 398 16 276 517 259 183 85 177 197 133 10 431 329 297 148 590 137 110 210 200 147 428 340 167 529 173 396 243 364 442 445 141 114 534 106 132 108 478 267 81 57 594 307 171 436 467 295 178 67 29 395 526 572 583 206 209 296 24 258 117 339 527 347 54 22 300 244 115 602 483 507 571 283 469 592 51 144 82 389 43 485 240 525 231 502 379 126 23 19 607 606 218 544 80 619 574 152 217 281 451 383 614 496 38 89 551 189 225 40 251 597 273 95 367 408 174 567 187 93 83 399 233 622 542 121 196 375 26 151 618 553 291 466 372 123 33 138 61 480 289 260 438 5 220 499 124 188 50 288 615 336 361 575 53 617 387 264 369 28 561 91 195 620 350 333 337 611 423 298 96 303 285 136 122 531 566 
382
327 508 550 381 159 70 344 455 616 65 286 32 584 87 621 370 538 269 484 335 311 598 570 491 176 402 501 504 503 119 380 236 6 58 184 31 116 373 547 613 382 599 223 434 316 392 252 182 94 391 48 312 539 232 505 215 498 545 166 192 193 354 203 42 222 245 131 310 458 415 577 600 565 78 528 378 326 161 536 224 448 365 248 487 39 302 393 439 450 492 397 477 21 103 319 146 540 363 353 482 52 610 338 221 532 568 111 163 278 46 524 473 226 266 1 394 322 355 513 313 548 228 601 64 521 268 349 371 68 9 376 293 129 118 270 149 346 366 36 265 342 134 345 459 175 552 409 463 489 562 461 315 328 262 216 447 4 254 202 441 99 474 582 578 604 609 250 510 323 320 603 241 591 34 165 2 308 35 44 549 170 201 74 275 282 481 460 212 377 385 596 274 560 128 30 537 388 238 90 230 86 564 612 162 279 433 306 208 398 16 276 517 259 183 85 177 197 133 10 431 329 297 148 590 137 110 210 200 147 428 340 167 529 173 396 243 364 442 445 141 114 534 106 132 108 478 267 81 57 594 307 171 436 467 295 178 67 29 395 526 572 583 206 209 296 24 258 339 527 347 54 22 300 244 115 602 483 507 571 283 469 592 51 144 82 389 43 485 240 525 231 502 379 126 23 19 607 606 218 80 619 574 152 217 281 451 383 614 496 38 89 551 189 225 40 251 597 273 95 367 408 174 567 187 93 83 399 233 622 542 121 196 375 26 151 618 553 291 466 372 123 33 138 61 480 289 260 438 5 220 499 124 188 50 288 615 336 361 575 53 617 387 264 369 28 561 91 195 620 350 333 337 611 423 298 96 303 285 136 122 531 566 
379
327 508 550 381 159 70 344 455 616 65 286 32 584 87 621 370 538 269 484 335 311 598 570 491 176 402 501 504 503 119 380 236 6 58 184 31 116 373 547 613 382 599 223 434 316 392 252 182 94 391 48 312 539 232 505 215 498 545 166 192 193 354 203 42 222 245 131 310 458 415 577 600 565 78 528 378 326 161 536 224 448 365 248 487 39 302 393 439 450 492 397 477 21 103 319 146 540 363 353 482 52 610 338 221 532 568 111 163 278 46 524 473 226 266 394 322 355 513 313 548 228 601 64 521 268 349 371 68 9 376 293 129 118 270 346 366 36 265 342 134 345 459 175 552 409 463 489 562 461 315 328 262 216 447 4 254 202 441 99 474 582 578 604 609 250 510 323 320 603 241 591 34 165 2 308 35 44 549 170 201 74 275 282 481 460 212 377 385 596 274 560 128 30 537 388 238 90 230 86 564 612 162 279 433 306 208 398 16 276 517 259 183 85 177 197 133 10 431 329 297 148 590 137 110 200 147 428 340 167 529 173 396 243 364 442 445 141 114 534 106 132 108 478 267 81 57 594 307 171 436 467 295 178 67 29 395 526 572 583 206 209 296 24 258 339 527 347 54 22 300 244 115 602 483 507 571 283 469 592 51 144 82 389 43 485 240 525 231 502 379 126 23 19 607 606 218 80 619 574 152 217 281 451 383 614 496 38 89 551 189 225 40 251 597 273 95 367 408 174 567 187 93 83 399 233 622 542 121 196 375 26 151 618 553 291 466 372 123 33 138 61 480 289 260 438 5 220 499 124 188 50 288 615 336 361 575 53 617 387 264 369 28 561 91 195 620 350 333 337 611 423 298 96 303 285 136 122 531 566 
376
327 508 550 381 159 70 344 455 616 65 286 32 584 87 621 370 538 269 484 335 311 598 570 491 176 402 501 504 503 119 380 236 6 58 184 31 116 373 547 613 382 599 223 434 316 392 252 182 94 391 48 312 539 232 505 215 498 545 166 192 193 354 203 42 222 245 131 310 458 415 577 600 565 78 528 378 326 161 536 224 448 365 248 487 39 302 393 439 450 492 397 477 21 103 319 146 540 363 353 482 52 610 338 221 532 568 111 163 278 46 524 473 226 266 394 322 355 513 313 548 228 601 64 521 268 349 371 68 9 376 293 129 118 270 346 366 36 265 342 134 345 175 552 409 463 489 562 461 315 328 262 216 447 4 254 202 441 99 474 582 578 604 609 250 510 323 320 603 241 591 34 165 2 308 35 44 549 170 201 74 275 282 481 460 212 385 596 274 560 128 30 537 388 238 90 230 86 564 612 162 279 433 306 208 398 16 276 517 259 183 85 177 197 133 10 431 329 297 148 590 137 110 200 147 428 340 167 529 173 396 243 364 442 445 141 114 534 106 132 108 478 267 81 57 594 307 171 436 467 295 178 67 29 395 526 572 583 206 209 296 24 258 339 527 347 54 22 300 244 115 602 483 507 571 283 469 592 51 144 82 389 43 485 240 525 231 502 379 126 23 19 607 606 218 80 619 574 152 217 281 451 383 614 496 38 89 551 189 225 40 251 597 273 95 367 408 174 567 187 93 83 399 233 622 542 121 196 375 26 151 618 553 291 466 372 123 33 138 61 480 289 438 5 220 499 124 188 50 288 615 336 361 575 53 617 387 264 369 28 561 91 195 620 350 333 337 611 423 298 96 303 285 136 122 531 566 
374
327 508 381 159 70 344 616 65 286 32 584 87 621 370 538 269 484 335 311 598 570 491 176 402 501 504 503 119 380 236 6 58 184 31 116 373 547 613 382 599 223 434 316 392 252 182 94 391 48 312 539 232 505 215 498 545 166 192 193 354 203 42 222 245 131 310 458 415 577 600 565 78 528 378 326 161 536 224 448 365 248 487 39 302 393 439 450 492 397 477 21 103 319 146 540 363 353 482 52 610 338 221 532 568 111 163 278 46 524 473 226 266 394 322 355 513 313 548 228 601 64 521 268 349 371 68 9 376 293 129 118 270 346 366 36 265 342 134 345 175 552 409 463 489 562 461 315 328 262 216 447 4 254 202 441 99 474 582 578 604 609 250 510 323 320 603 241 591 34 165 2 308 35 44 549 170 201 74 275 282 481 460 212 385 596 274 560 128 30 537 388 238 90 230 86 564 612 162 279 433 306 208 398 16 276 517 259 183 85 177 197 133 10 431 329 297 148 590 137 110 200 147 428 340 167 529 173 396 243 364 442 445 141 114 534 106 132 108 478 267 81 57 594 307 171 436 467 295 178 67 29 395 526 572 583 206 209 296 24 258 339 527 347 54 22 300 244 115 602 483 507 571 283 469 592 51 144 82 389 43 485 240 525 231 502 379 126 23 19 607 606 218 80 619 574 152 217 281 451 383 614 496 38 89 551 189 225 40 251 597 273 95 367 408 174 567 187 93 83 399 233 622 542 121 196 375 26 151 618 553 291 466 372 123 33 138 61 480 289 438 5 220 499 124 188 50 288 615 336 361 575 53 617 387 264 369 28 561 91 195 620 350 333 337 611 423 298 96 303 285 136 122 531 566 
367
327 508 381 159 70 344 65 286 32 584 87 621 370 538 269 484 335 311 598 570 491 176 402 501 504 503 119 380 236 6 58 184 31 116 373 547 613 382 599 223 434 316 392 252 182 94 391 48 312 539 232 505 215 498 545 166 192 193 354 203 42 222 245 131 310 458 415 577 600 565 78 528 378 326 161 536 224 448 365 248 487 39 302 393 439 450 492 397 477 21 103 319 146 540 363 353 482 52 610 338 221 532 568 111 163 278 46 524 473 226 266 394 322 355 513 313 548 228 601 64 521 268 349 371 68 9 376 293 129 118 270 346 366 36 342 134 345 175 552 409 463 489 562 461 315 328 262 447 4 254 202 441 99 474 582 578 604 609 250 510 323 320 603 241 591 34 165 2 308 35 44 549 170 201 74 275 282 481 460 212 385 596 274 560 128 30 537 388 238 90 230 86 564 612 162 279 433 306 208 398 16 276 517 259 183 85 177 197 133 10 431 329 297 148 590 137 110 200 147 428 340 167 529 173 396 243 364 442 445 141 114 534 106 132 108 478 267 81 594 307 171 436 467 295 178 67 29 395 526 572 583 206 209 296 24 258 339 527 347 54 300 244 115 602 483 507 571 283 469 592 51 144 82 389 43 485 240 525 231 502 379 126 23 19 607 606 218 80 619 574 152 217 281 451 383 614 496 89 551 189 225 40 251 597 273 95 367 408 174 187 93 83 399 233 622 542 121 196 375 26 151 618 553 291 466 372 123 33 138 61 480 289 438 5 220 499 124 188 50 288 615 336 361 575 53 617 387 264 369 28 561 91 195 620 350 333 337 611 423 298 96 303 285 136 122 531 566 
361
327 508 381 70 344 65 286 32 584 87 621 370 538 335 484 311 598 570 491 176 402 501 504 503 119 380 236 6 58 184 31 116 373 547 613 382 599 223 434 316 252 182 94 391 48 312 539 232 215 498 545 166 192 193 354 203 42 222 245 131 310 458 415 577 600 565 78 528 378 326 161 536 224 448 365 248 487 39 302 393 439 450 492 397 21 103 319 146 540 363 353 482 52 610 338 221 532 568 111 163 278 46 524 473 226 266 394 322 355 513 313 548 228 601 64 521 268 349 371 68 9 376 293 129 118 270 346 366 36 342 134 345 175 552 409 463 489 562 461 315 328 262 447 4 254 202 441 99 474 582 578 604 609 250 510 323 320 603 241 591 34 165 2 308 35 44 549 170 201 74 275 282 481 460 212 385 596 274 560 128 30 537 388 238 90 230 86 564 612 162 279 433 306 208 398 16 276 517 183 85 177 197 133 10 431 329 297 148 590 137 110 200 147 428 340 167 529 173 396 243 364 442 445 141 114 534 106 132 108 478 267 81 594 307 171 436 467 295 178 67 29 395 526 572 583 206 209 296 24 258 339 527 347 54 300 244 115 602 483 507 571 283 469 592 51 144 82 389 43 485 240 525 231 502 379 126 23 19 607 606 218 80 619 574 152 217 281 451 383 614 496 89 551 189 225 40 251 597 273 95 367 408 174 187 93 83 399 233 622 542 121 196 375 26 151 618 553 291 466 372 123 33 138 61 480 289 438 5 220 499 124 188 50 288 615 336 361 575 53 617 387 264 369 28 561 91 195 620 350 333 337 611 423 298 96 303 285 136 122 531 566 
361
327 508 381 70 344 65 286 32 584 87 621 370 538 335 484 311 598 570 491 176 402 501 504 503 119 380 236 6 58 184 31 116 373 547 613 382 599 223 434 316 252 182 94 391 48 312 539 232 215 498 545 166 192 193 354 203 42 222 245 131 310 458 415 577 600 565 78 528 378 326 161 536 224 448 365 248 487 39 302 393 439 450 492 397 21 103 319 146 540 363 353 482 52 610 338 221 532 568 111 163 278 46 524 473 226 266 394 322 355 513 313 548 228 601 64 521 268 349 371 68 9 376 293 129 118 270 346 366 36 342 134 345 175 552 409 463 489 562 461 315 328 262 447 4 254 202 441 99 474 582 578 604 609 250 510 323 320 603 241 591 34 165 2 308 35 44 549 170 201 74 275 282 481 460 212 385 596 274 560 128 30 537 388 238 90 230 86 564 612 162 279 433 306 208 398 16 276 517 183 85 177 197 133 10 431 329 297 148 590 137 110 200 147 428 340 167 529 173 396 243 364 442 445 141 114 534 106 132 108 478 267 81 594 307 171 436 467 295 178 67 29 395 526 572 583 206 209 296 24 258 339 527 347 54 300 244 115 602 483 507 571 283 469 592 51 144 82 389 43 485 240 525 231 502 379 126 23 19 607 606 218 80 619 574 152 217 281 451 383 614 496 89 551 189 225 40 251 597 273 95 367 408 174 187 93 83 399 233 622 542 121 196 375 26 151 618 553 291 466 372 123 33 138 61 480 289 438 5 220 499 124 188 50 288 615 336 361 575 53 617 387 264 369 28 561 91 195 620 350 333 337 611 423 298 96 303 285 136 122 531 566 
358
327 508 381 70 344 65 286 32 584 87 621 370 538 335 484 311 598 570 491 176 402 501 504 503 119 380 236 6 58 184 31 116 373 547 613 382 599 223 434 316 252 182 94 391 48 312 539 232 215 498 545 166 192 193 354 203 42 222 245 131 310 458 415 577 600 565 78 528 378 326 161 536 224 448 365 248 487 39 302 393 439 450 492 397 21 103 319 146 540 363 353 482 52 610 338 221 532 568 111 163 278 46 524 473 226 266 394 322 355 513 313 548 228 601 64 521 268 349 371 68 9 376 293 129 118 270 346 366 36 342 134 345 175 552 409 463 489 562 461 315 328 262 447 4 254 202 441 99 474 582 578 604 609 250 510 323 320 603 241 591 34 165 2 308 35 44 549 170 201 74 275 481 460 212 385 596 274 560 128 30 537 388 238 90 230 564 612 162 279 433 306 208 398 16 276 517 183 85 177 197 133 10 431 329 297 148 590 137 110 200 147 428 340 167 529 173 396 243 364 442 445 141 114 534 106 132 108 478 267 81 594 307 171 436 467 295 178 67 29 395 526 572 583 206 209 296 24 258 339 527 347 54 300 244 115 602 483 507 571 283 469 592 51 144 82 389 43 485 240 525 231 502 379 126 23 19 607 606 218 80 619 574 152 217 281 451 383 614 496 89 551 189 225 40 251 597 273 95 367 408 174 187 93 83 399 233 622 542 121 196 375 26 151 618 553 291 466 372 123 33 138 61 480 289 5 220 499 124 188 50 288 615 336 361 575 53 617 387 264 369 28 561 91 195 620 350 333 337 611 423 298 96 303 285 136 122 531 566 
