15
182
453 72 3 112 103 415 27 323 135 231 0 320 80 207 287 164 422 451 16 127 108 121 433 412 210 189 440 84 93 454 418 193 220 64 421 55 335 285 441 10 449 217 243 270 104 91 245 239 318 167 413 430 365 172 289 439 377 356 452 113 192 343 337 427 277 133 19 373 417 126 165 240 445 13 328 338 12 248 190 264 446 144 401 37 225 459 279 385 70 250 396 442 134 140 317 75 457 374 431 253 389 255 367 444 157 237 147 186 179 420 182 316 128 88 47 29 416 448 74 419 178 428 11 156 63 200 38 73 78 185 161 410 223 94 235 14 148 20 171 390 169 426 58 437 411 455 227 286 8 435 424 50 425 46 432 361 414 408 181 28 450 17 333 278 247 429 67 30 149 382 371 402 290 398 456 423 460 458 348 352 224 129 
178
453 72 3 112 103 415 27 323 135 231 0 320 80 207 287 164 422 451 16 108 121 433 412 210 189 440 84 93 454 418 193 220 64 421 55 335 285 10 449 217 243 270 104 91 245 239 318 167 413 430 172 289 439 377 356 452 113 192 343 337 427 277 133 19 373 417 126 165 240 445 13 328 338 12 248 190 264 446 144 401 37 225 459 279 385 70 250 442 134 140 317 75 457 374 431 253 389 255 367 444 157 237 147 186 179 420 182 316 128 88 47 29 416 448 74 419 178 428 11 156 63 200 38 73 78 185 161 410 223 94 235 14 148 20 171 390 169 426 58 437 411 455 227 286 8 435 424 50 425 46 432 361 414 408 181 28 450 17 333 278 247 429 67 30 149 382 371 402 290 398 456 423 460 458 348 352 224 129 
177
453 72 3 112 103 415 27 323 135 231 0 320 80 207 287 164 422 451 16 108 121 433 412 210 189 440 84 93 454 418 193 220 64 421 55 335 285 10 449 217 243 270 104 91 245 239 318 167 413 430 172 289 439 377 356 452 113 192 343 337 427 277 133 19 373 417 126 165 240 445 13 328 338 12 248 190 264 446 144 401 37 225 459 279 70 250 442 134 140 317 75 457 374 431 253 389 255 367 444 157 237 147 186 179 420 182 316 128 88 47 29 416 448 74 419 178 428 11 156 63 200 38 73 78 185 161 410 223 94 235 14 148 20 171 390 169 426 58 437 411 455 227 286 8 435 424 50 425 46 432 361 414 408 181 28 450 17 333 278 247 429 67 30 149 382 371 402 290 398 456 423 460 458 348 385 224 129 
176
453 72 3 112 103 415 27 323 135 231 0 320 80 207 287 164 422 451 16 108 121 433 412 210 189 440 84 93 454 418 193 220 64 421 55 335 285 10 449 217 243 270 104 91 245 239 318 167 413 430 172 289 439 377 356 452 113 192 343 337 427 277 133 19 373 417 126 165 240 445 13 338 12 248 190 264 446 144 401 37 225 459 279 70 250 442 134 140 317 75 457 374 431 253 389 255 367 444 157 237 147 186 179 420 182 316 128 88 47 29 416 448 74 419 178 428 11 156 63 200 38 73 78 185 161 410 223 94 235 14 148 20 171 390 169 426 58 437 411 455 227 286 8 435 424 50 425 46 432 361 414 408 181 28 450 17 333 278 247 429 67 30 149 382 371 402 290 398 456 423 460 458 348 385 224 129 
176
453 72 3 112 103 415 27 323 135 231 0 320 80 207 287 164 422 451 16 108 121 433 412 210 189 440 84 93 454 418 193 220 64 421 55 335 285 10 449 217 243 270 104 91 245 239 318 167 413 430 172 289 439 377 356 452 113 192 343 337 427 277 133 19 373 417 126 165 240 445 13 338 12 248 190 264 446 144 401 37 225 459 279 70 250 442 134 140 317 75 457 374 431 253 389 255 367 444 157 237 147 186 179 420 182 316 128 88 47 29 416 448 74 419 178 428 11 156 63 200 38 73 78 185 161 410 223 94 235 14 148 20 171 390 169 426 58 437 411 455 227 286 8 435 424 50 425 46 432 361 414 408 181 28 450 17 333 278 247 429 67 30 149 382 371 402 290 398 456 423 460 458 348 385 224 129 
175
453 72 3 112 103 415 27 135 231 0 320 80 207 287 164 422 451 16 108 121 433 412 210 189 440 84 93 454 418 193 220 64 421 55 335 285 10 449 217 243 270 104 91 245 239 318 167 413 430 172 289 439 377 356 452 113 192 343 337 427 277 133 19 373 417 126 165 240 445 13 338 12 248 190 264 446 144 401 37 225 459 279 70 250 442 134 140 317 75 457 374 431 253 389 255 367 444 157 237 147 186 179 420 182 316 128 88 47 29 416 448 74 419 178 428 11 156 63 200 38 73 78 185 161 410 223 94 235 14 148 20 171 390 169 426 58 437 411 455 227 286 8 435 424 50 425 46 432 361 414 408 181 28 450 17 333 278 247 429 67 30 149 382 371 402 290 398 456 423 460 458 348 385 224 129 
174
453 72 3 112 103 415 27 135 231 0 320 80 207 287 164 422 451 16 108 121 433 412 210 189 440 84 93 454 418 193 220 64 421 55 335 285 10 449 217 243 270 104 91 239 318 167 413 430 172 289 439 377 356 452 113 192 343 337 427 277 133 19 373 417 126 165 240 445 13 338 12 248 190 264 446 144 401 37 225 459 279 70 250 442 134 140 317 75 457 374 431 253 389 255 367 444 157 237 147 186 179 420 182 316 128 88 47 29 416 448 74 419 178 428 11 156 63 200 38 73 78 185 161 410 223 94 235 14 148 20 171 390 169 426 58 437 411 455 227 286 8 435 424 50 425 46 432 361 414 408 181 28 450 17 333 278 247 429 67 30 149 382 371 402 290 398 456 423 460 458 348 385 224 129 
173
453 72 3 112 103 415 27 135 231 0 320 80 207 287 164 422 451 16 108 121 433 412 210 189 440 84 93 454 418 193 220 64 421 55 335 285 10 449 217 243 270 104 91 239 318 167 413 172 289 439 377 356 452 113 192 343 337 427 277 133 19 373 417 126 165 240 445 13 338 12 248 190 264 446 144 401 37 225 459 279 70 250 442 134 140 317 75 457 374 431 253 389 255 367 444 157 237 147 186 179 420 182 316 128 88 47 29 416 448 74 419 178 428 11 156 63 200 38 73 78 185 161 410 223 94 235 14 148 20 171 390 169 426 58 437 411 455 227 286 8 435 424 50 425 46 432 361 414 408 181 28 450 17 333 278 247 429 67 30 149 382 371 402 290 398 456 423 460 458 348 385 224 129 
172
453 72 3 112 103 415 27 135 231 0 320 80 207 287 164 422 451 16 108 121 433 412 210 189 440 84 93 454 418 193 220 64 421 55 335 285 10 449 217 243 270 104 91 318 167 413 172 289 439 377 356 452 113 192 343 337 427 277 133 19 373 417 126 165 240 445 13 338 12 248 190 264 446 144 401 37 225 459 279 70 250 442 134 140 317 75 457 374 431 253 389 255 367 444 157 237 147 186 179 420 182 316 128 88 47 29 416 448 74 419 178 428 11 156 63 200 38 73 78 185 161 410 223 94 235 14 148 20 171 390 169 426 58 437 411 455 227 286 8 435 424 50 425 46 432 361 414 408 181 28 450 17 333 278 247 429 67 30 149 382 371 402 290 398 456 423 460 458 348 385 224 129 
170
453 72 3 112 103 415 135 231 0 320 80 207 287 164 422 451 16 108 121 433 412 210 189 440 84 93 454 418 193 220 64 421 55 285 10 449 217 243 270 104 91 318 167 413 172 289 439 377 356 452 113 192 343 337 427 277 133 19 373 417 126 165 240 445 13 338 12 248 190 264 446 144 401 37 225 459 279 70 250 442 134 140 317 75 457 374 431 253 389 255 367 444 157 237 147 186 179 420 182 316 128 88 47 29 416 448 74 419 178 428 11 156 63 200 38 73 78 185 161 410 223 94 235 14 148 20 171 390 169 426 58 437 411 455 227 286 8 435 424 50 425 46 432 361 414 408 181 28 450 17 333 278 247 429 67 30 149 382 371 402 290 398 456 423 460 458 348 385 224 129 
168
453 72 3 112 103 415 135 231 0 320 80 207 287 164 422 451 16 108 121 433 412 210 189 440 84 93 454 418 193 220 64 421 55 285 10 449 217 243 270 104 318 167 413 172 289 439 377 356 452 113 192 343 337 427 277 133 19 373 417 126 165 240 445 13 338 12 248 190 264 446 144 401 37 225 459 279 70 250 442 134 140 317 75 457 374 431 253 389 255 367 444 157 237 147 186 179 420 182 316 128 88 47 29 416 448 74 178 428 11 156 63 200 38 73 78 185 161 410 223 94 235 14 148 20 171 390 169 426 58 437 411 455 227 286 8 435 424 50 425 46 432 361 414 408 181 28 450 17 333 278 247 429 67 30 149 382 371 402 290 398 456 423 460 458 348 385 224 129 
164
453 72 3 112 103 415 135 231 0 80 207 287 164 422 451 16 108 121 433 412 210 189 440 84 93 454 418 193 220 64 421 55 285 10 449 217 243 270 104 318 167 413 172 289 439 377 356 452 192 343 337 427 277 133 19 373 417 126 165 240 445 13 338 248 190 264 446 144 401 37 225 459 279 70 250 442 134 140 317 75 457 374 431 253 389 255 367 444 157 237 147 186 179 420 182 316 128 88 47 29 416 448 74 178 428 11 156 63 200 38 73 78 185 161 410 223 94 235 14 148 20 171 390 169 426 58 437 411 455 227 286 8 435 424 50 425 46 432 361 414 408 181 28 450 17 333 278 247 429 67 30 149 382 402 290 398 456 423 460 458 348 385 224 129 
164
453 72 3 112 103 415 135 231 0 80 207 287 164 422 451 16 108 121 433 412 210 189 440 84 93 454 418 193 220 64 421 55 285 10 449 217 243 270 104 318 167 413 172 289 439 377 356 452 192 343 337 427 277 133 19 373 417 126 165 240 445 13 338 248 190 264 446 144 401 37 225 459 279 70 250 442 134 140 317 75 457 374 431 253 389 255 367 444 157 237 147 186 179 420 182 316 128 88 47 29 416 448 74 178 428 11 156 63 200 38 73 78 185 161 410 223 94 235 14 148 20 171 390 169 426 58 437 411 455 227 286 8 435 424 50 425 46 432 361 414 408 181 28 450 17 333 278 247 429 67 30 149 382 402 290 398 456 423 460 458 348 385 224 129 
163
453 72 3 112 103 415 135 231 0 80 207 287 164 422 451 16 108 121 433 412 210 189 440 84 93 454 418 193 220 64 421 55 285 10 449 217 243 270 104 318 167 413 172 289 439 377 356 452 192 343 337 427 277 133 19 373 417 126 165 240 445 13 338 248 190 264 446 144 401 37 225 459 279 70 250 442 134 140 317 75 457 374 431 253 389 255 367 444 157 237 147 179 420 182 316 128 88 47 29 416 448 74 178 428 11 156 63 200 38 73 78 185 161 410 223 94 235 14 148 20 171 390 169 426 58 437 411 455 227 286 8 435 424 50 425 46 432 361 414 408 181 28 450 17 333 278 247 429 67 30 149 382 402 290 398 456 423 460 458 348 385 224 129 
162
453 72 3 112 103 415 135 231 0 80 207 287 164 422 451 16 108 121 433 412 210 189 440 84 93 454 418 193 220 64 421 55 285 10 449 217 243 270 104 318 167 413 172 289 439 377 356 452 192 343 337 427 277 133 19 373 417 126 165 240 445 13 338 248 190 264 446 144 401 37 225 459 279 70 250 442 134 140 317 75 457 374 431 253 389 255 367 444 157 237 147 179 420 182 316 128 88 47 29 416 448 74 178 428 11 156 63 200 38 73 78 185 161 410 223 94 235 14 148 20 171 390 169 426 58 437 411 455 227 286 8 435 424 50 425 46 432 361 414 408 181 28 450 17 333 278 247 429 67 30 149 382 402 290 398 456 423 460 458 348 385 129 
