19
146
603 45 679 245 17 562 464 289 677 246 470 345 488 149 334 292 669 336 174 194 169 290 673 200 58 434 604 420 400 71 550 64 413 588 167 630 681 350 415 118 348 523 320 90 465 653 85 29 114 587 338 105 178 314 399 152 390 258 545 75 631 162 619 401 80 657 176 308 265 16 568 264 667 206 607 556 210 81 218 190 117 424 529 140 82 647 444 1 435 566 438 295 456 423 477 521 461 11 250 548 342 560 481 406 683 141 443 219 656 120 159 111 450 100 645 30 121 573 137 609 487 324 512 621 199 27 233 520 379 641 554 412 369 654 391 106 591 198 675 486 516 73 655 511 328 281 
146
603 45 679 245 17 562 464 289 677 246 470 345 488 149 334 292 669 336 174 194 169 290 673 200 58 434 604 420 400 71 550 64 413 588 167 630 681 350 415 118 348 523 320 90 465 653 85 29 114 587 338 105 178 314 399 152 390 258 545 75 631 162 619 401 80 657 176 308 265 16 568 264 667 206 607 556 210 81 218 190 117 424 529 140 82 647 444 1 435 566 438 295 456 423 477 521 461 11 250 548 342 560 481 406 683 141 443 219 656 120 159 111 450 100 645 30 121 573 137 609 487 324 512 621 199 27 233 520 379 641 554 412 369 654 391 106 591 198 675 486 516 73 655 511 328 281 
145
603 45 679 245 17 562 464 289 677 246 470 345 488 149 334 292 669 336 174 194 169 290 673 200 58 434 604 420 400 71 550 64 413 588 167 630 681 350 415 118 348 523 320 90 465 653 85 29 114 587 338 105 178 314 399 152 390 258 545 75 162 619 401 80 657 176 308 265 16 568 264 667 206 607 556 210 81 218 190 117 424 529 140 82 647 444 1 435 566 438 295 456 423 477 521 461 11 250 548 342 560 481 406 683 141 443 219 656 120 159 111 450 100 645 30 121 573 137 609 487 324 512 621 199 27 233 520 379 641 554 412 369 654 391 106 591 198 675 486 516 73 655 511 328 281 
143
603 45 679 245 17 562 464 289 677 246 470 345 488 149 334 292 669 336 174 194 169 290 673 200 58 434 420 400 71 550 64 413 588 167 630 681 350 118 348 523 320 90 465 653 85 29 114 587 338 105 178 314 399 152 390 258 545 75 162 619 401 80 657 176 308 265 16 568 264 667 206 607 556 210 81 218 190 117 424 529 140 82 647 444 1 435 566 438 295 456 423 477 521 461 11 250 548 342 560 481 406 683 141 443 219 656 120 159 111 450 100 645 30 121 573 137 609 487 324 512 621 199 27 233 520 379 641 554 412 369 654 391 106 591 198 675 486 516 73 655 511 328 281 
141
603 45 679 245 17 562 464 289 677 246 345 488 149 334 292 669 336 174 194 169 290 673 200 58 434 420 400 71 550 64 413 588 167 630 681 350 118 348 523 320 90 465 653 85 114 587 338 105 178 314 399 152 390 258 545 75 162 619 401 80 657 176 308 265 16 568 264 667 206 607 556 210 81 218 190 117 424 529 140 82 647 444 1 435 566 438 295 456 423 477 521 461 11 250 548 342 560 481 406 683 141 443 219 656 120 159 111 450 100 645 30 121 573 137 609 487 324 512 621 199 27 233 520 379 641 554 412 369 654 391 106 591 198 675 486 516 73 655 511 328 281 
139
603 45 679 245 17 562 464 289 677 246 345 488 149 334 292 669 174 194 169 290 673 200 58 434 420 400 71 550 64 413 588 167 630 681 350 118 348 523 320 90 465 653 85 114 587 338 105 314 399 152 390 258 545 75 162 619 401 80 657 176 308 265 16 568 264 667 206 607 556 210 81 218 190 117 424 529 140 82 647 444 1 435 566 438 295 456 423 477 521 461 11 250 548 342 560 481 406 683 141 443 219 656 120 159 111 450 100 645 30 121 573 137 609 487 324 512 621 199 27 233 520 379 641 554 412 369 654 391 106 591 198 675 486 516 73 655 511 328 281 
139
603 45 679 245 17 562 464 289 677 246 345 488 149 334 292 669 174 194 169 290 673 200 58 434 420 400 71 550 64 413 588 167 630 681 350 118 348 523 320 90 465 653 85 114 587 338 105 314 399 152 390 258 545 75 162 619 401 80 657 176 308 265 16 568 264 667 206 607 556 210 81 218 190 117 424 529 140 82 647 444 1 435 566 438 295 456 423 477 521 461 11 250 548 342 560 481 406 683 141 443 219 656 120 159 111 450 100 645 30 121 573 137 609 487 324 512 621 199 27 233 520 379 641 554 412 369 654 391 106 591 198 675 486 516 73 655 511 328 281 
138
603 45 679 245 17 562 464 289 246 345 488 149 334 292 669 174 194 169 290 673 200 58 434 420 400 71 550 64 413 588 167 630 681 350 118 348 523 320 90 465 653 85 114 587 338 105 314 399 152 390 258 545 75 162 619 401 80 657 176 308 265 16 568 264 667 206 607 556 210 81 218 190 117 424 529 140 82 647 444 1 435 566 438 295 456 423 477 521 461 11 250 548 342 560 481 406 683 141 443 219 656 120 159 111 450 100 645 30 121 573 137 609 487 324 512 621 199 27 233 520 379 641 554 412 369 654 391 106 591 198 675 486 516 73 655 511 328 281 
135
603 45 679 245 17 562 464 289 246 345 488 149 334 292 669 174 194 169 290 673 200 58 434 420 400 71 550 64 413 588 167 630 681 350 118 348 523 320 90 465 653 85 114 587 338 105 314 399 152 390 258 545 75 162 619 401 80 657 176 308 265 16 568 264 667 206 556 210 81 218 117 424 529 140 82 647 444 1 435 566 438 295 456 423 477 521 461 11 250 548 560 481 406 683 141 443 219 656 120 159 111 450 100 645 30 121 573 137 609 487 324 512 621 199 27 233 520 379 641 554 412 369 654 391 106 591 198 675 486 516 73 655 511 328 281 
133
603 45 679 245 17 562 464 289 246 345 488 149 334 292 669 174 194 169 290 673 200 58 434 420 400 71 550 64 413 588 167 630 681 350 118 348 523 320 90 465 653 85 114 587 338 105 314 399 152 390 258 545 75 162 401 80 657 176 308 265 16 568 264 667 206 556 210 81 218 117 424 529 140 82 647 444 1 435 566 438 295 456 423 477 521 461 11 250 548 560 481 406 683 141 443 219 656 120 159 111 450 100 645 30 121 573 137 609 324 512 621 199 27 233 520 379 641 554 412 369 654 391 106 591 198 675 486 516 73 655 511 328 281 
133
603 45 679 245 17 562 464 289 246 345 488 149 334 292 669 174 194 169 290 673 200 58 434 420 400 71 550 64 413 588 167 630 681 350 118 348 523 320 90 465 653 85 114 587 338 105 314 399 152 390 258 545 75 162 401 80 657 176 308 265 16 568 264 667 206 556 210 81 218 117 424 529 140 82 647 444 1 435 566 438 295 456 423 477 521 461 11 250 548 560 481 406 683 141 443 219 656 120 159 111 450 100 645 30 121 573 137 609 324 512 621 199 27 233 520 379 641 554 412 369 654 391 106 591 198 675 486 516 73 655 511 328 281 
132
603 45 679 245 17 562 464 289 246 345 488 149 334 292 669 174 194 169 290 673 200 58 434 420 400 71 550 64 413 588 167 630 681 350 118 348 523 320 90 465 653 85 114 587 338 105 314 399 152 390 258 545 75 162 401 80 657 176 308 265 16 568 264 667 206 556 210 81 218 117 424 529 140 82 647 444 1 435 566 438 295 456 423 477 521 461 11 250 548 560 481 406 683 141 443 219 656 120 159 111 450 100 645 121 573 137 609 324 512 621 199 27 233 520 379 641 554 412 369 654 391 106 591 198 675 486 516 73 655 511 328 281 
128
603 45 679 245 17 562 464 289 246 345 488 149 334 292 669 174 194 169 290 673 200 58 434 420 400 71 550 64 413 630 681 350 118 348 523 320 90 465 653 85 114 587 338 105 314 399 390 258 545 75 162 401 80 657 176 308 265 16 568 264 667 206 556 210 81 218 117 424 529 140 82 647 444 1 435 566 438 295 456 423 477 521 461 11 250 548 560 481 406 683 141 443 219 656 120 159 111 450 100 645 121 573 137 609 324 621 199 27 233 520 379 641 554 412 369 654 391 106 591 198 675 486 516 73 655 511 328 281 
127
603 45 679 245 17 562 464 289 246 345 488 149 334 292 669 174 194 169 290 673 200 58 434 420 400 71 550 64 413 630 681 350 118 348 523 320 90 465 653 85 114 587 338 105 314 399 390 258 545 75 162 401 80 657 176 308 265 16 568 264 667 206 556 210 81 218 117 424 529 140 82 647 444 1 435 566 438 295 456 423 477 521 461 11 250 548 560 481 406 683 141 443 219 656 120 159 111 450 100 645 121 137 609 324 621 199 27 233 520 379 641 554 412 369 654 391 106 591 198 675 486 516 73 655 511 328 281 
126
603 45 679 245 17 562 289 246 345 488 149 334 292 669 174 194 169 290 673 200 58 434 420 400 71 550 64 413 630 681 350 118 348 523 320 90 465 653 85 114 587 338 105 314 399 390 258 545 75 162 401 80 657 176 308 265 16 568 264 667 206 556 210 81 218 117 424 529 140 82 647 444 1 435 566 438 295 456 423 477 521 461 11 250 548 560 481 406 683 141 443 219 656 120 159 111 450 100 645 121 137 609 324 621 199 27 233 520 379 641 554 412 369 654 391 106 591 198 675 486 516 73 655 511 328 281 
125
603 45 679 245 17 562 289 246 345 488 149 334 292 669 174 194 169 290 673 200 58 434 420 400 71 550 64 413 630 681 350 118 348 523 320 90 465 653 85 114 587 338 105 314 399 390 258 545 75 162 401 80 657 176 308 265 568 264 667 206 556 210 81 218 117 424 529 140 82 647 444 1 435 566 438 295 456 423 477 521 461 11 250 548 560 481 406 683 141 443 219 656 120 159 111 450 100 645 121 137 609 324 621 199 27 233 520 379 641 554 412 369 654 391 106 591 198 675 486 516 73 655 511 328 281 
125
603 45 679 245 17 562 289 246 345 488 149 334 292 669 174 194 169 290 673 200 58 434 420 400 71 550 64 413 630 681 350 118 348 523 320 90 465 653 85 114 587 338 105 314 399 390 258 545 75 162 401 80 657 176 308 265 568 264 667 206 556 210 81 218 117 424 529 140 82 647 444 1 435 566 438 295 456 423 477 521 461 11 250 548 560 481 406 683 141 443 219 656 120 159 111 450 100 645 121 137 609 324 621 199 27 233 520 379 641 554 412 369 654 391 106 591 198 675 486 516 73 655 511 328 281 
124
603 45 679 245 17 562 289 246 345 488 149 334 292 669 174 194 169 290 673 200 58 434 420 400 71 550 64 413 630 681 350 118 348 523 320 90 465 653 85 587 338 105 314 399 390 258 545 75 162 401 80 657 176 308 265 568 264 667 206 556 210 81 218 117 424 529 140 82 647 444 1 435 566 438 295 456 423 477 521 461 11 250 548 560 481 406 683 141 443 219 656 120 159 111 450 100 645 121 137 609 324 621 199 27 233 520 379 641 554 412 369 654 391 106 591 198 675 486 516 73 655 511 328 281 
122
603 45 679 245 17 562 289 246 345 488 149 334 292 669 194 169 290 673 200 58 434 420 400 71 550 64 413 630 681 350 118 348 523 320 90 465 653 85 587 338 105 314 399 390 258 545 75 162 401 80 657 176 308 265 264 667 206 556 210 81 218 117 424 529 140 82 647 444 1 435 566 438 295 456 423 477 521 461 11 250 548 560 481 406 683 141 443 219 656 120 159 111 450 100 645 121 137 609 324 621 199 27 233 520 379 641 554 412 369 654 391 106 591 198 675 486 516 73 655 511 328 281 
