10
258
367 339 549 4 436 45 328 190 134 84 343 447 73 541 476 125 531 437 565 117 189 503 584 206 232 79 558 478 425 548 0 460 230 72 30 273 43 53 331 468 371 113 498 354 57 481 479 559 519 178 102 455 463 517 54 8 83 422 310 287 512 254 396 394 414 550 212 440 540 542 409 528 432 546 428 424 475 557 329 201 502 252 305 492 244 431 569 106 70 582 51 208 58 580 506 563 405 138 128 312 524 578 239 192 110 410 289 236 441 415 297 525 221 376 77 210 490 82 553 419 203 17 16 52 36 241 37 66 183 538 593 589 217 586 451 587 530 446 272 383 491 434 487 443 552 103 204 592 407 536 539 156 571 420 277 263 10 572 48 473 9 282 355 62 560 573 276 433 348 213 259 120 439 265 231 253 547 111 435 247 158 292 543 226 88 154 143 401 116 356 257 224 205 400 561 364 180 68 132 588 227 464 124 544 181 359 566 501 76 191 581 193 65 483 493 274 365 466 174 172 264 522 381 583 514 555 296 448 140 302 353 562 100 89 96 513 168 281 86 141 245 349 119 591 160 185 157 496 171 532 556 269 320 291 391 554 576 13 
256
367 339 549 4 436 45 328 190 134 84 343 447 73 541 476 125 531 437 565 117 189 503 584 206 232 79 558 478 425 548 0 460 230 72 30 273 43 53 331 468 371 113 498 354 57 481 479 559 519 178 102 455 463 517 54 8 83 422 310 287 512 254 396 394 414 550 212 440 540 409 528 432 546 428 424 475 557 329 201 502 252 305 492 244 431 569 106 70 582 51 208 58 580 506 563 405 138 128 312 524 578 239 192 110 410 289 236 441 415 297 525 221 376 77 210 490 82 553 419 203 17 16 52 36 241 37 66 183 538 593 589 217 586 451 587 530 446 272 383 491 434 487 443 552 103 204 592 407 536 539 156 571 420 277 263 10 572 48 473 9 282 355 62 560 573 276 433 348 213 259 120 439 265 231 253 547 111 435 247 158 292 543 226 88 154 143 401 116 356 257 224 205 400 561 364 180 68 132 588 227 464 124 544 359 566 501 76 191 581 193 65 483 493 274 365 466 174 172 264 522 381 583 514 555 296 448 140 302 353 562 100 89 96 513 168 281 86 141 245 349 119 591 160 185 157 496 171 532 556 269 320 291 391 554 576 13 
255
367 339 549 4 436 45 328 190 134 84 343 447 73 541 476 125 531 437 565 117 189 503 584 206 232 79 558 478 425 548 0 460 230 72 30 273 43 53 331 468 371 113 498 354 57 481 479 559 519 178 102 455 463 517 54 8 83 422 310 287 512 254 396 394 414 550 212 440 540 409 528 432 546 428 424 475 557 329 201 502 252 305 492 244 431 569 106 70 582 51 208 58 580 506 563 405 138 128 312 524 578 239 192 110 289 236 441 415 297 525 221 376 77 210 490 82 553 419 203 17 16 52 36 241 37 66 183 538 593 589 217 586 451 587 530 446 272 383 491 434 487 443 552 103 204 592 407 536 539 156 571 420 277 263 10 572 48 473 9 282 355 62 560 573 276 433 348 213 259 120 439 265 231 253 547 111 435 247 158 292 543 226 88 154 143 401 116 356 257 224 205 400 561 364 180 68 132 588 227 464 124 544 359 566 501 76 191 581 193 65 483 493 274 365 466 174 172 264 522 381 583 514 555 296 448 140 302 353 562 100 89 96 513 168 281 86 141 245 349 119 591 160 185 157 496 171 532 556 269 320 291 391 554 576 13 
251
367 339 549 4 436 45 328 190 134 343 447 73 541 476 125 531 437 565 117 189 503 584 206 232 79 558 478 425 548 0 460 230 72 30 273 43 53 331 468 371 113 498 354 57 481 479 559 519 178 102 455 463 54 517 8 83 422 310 287 512 254 396 394 414 550 212 440 540 409 528 432 546 428 424 475 557 329 201 502 252 305 492 244 431 569 106 70 582 51 208 58 580 506 563 405 138 128 312 524 578 239 192 110 289 441 236 415 297 525 221 376 77 210 490 82 553 419 203 17 16 52 36 241 37 66 183 538 593 589 217 586 451 587 530 446 272 383 491 434 487 552 103 204 592 407 536 539 156 571 420 277 263 10 572 48 473 9 282 355 62 560 573 276 433 348 213 259 120 439 265 231 253 547 111 247 158 84 292 543 226 88 154 143 401 116 356 257 224 205 400 561 364 180 68 132 588 227 464 124 544 359 566 501 76 191 581 193 65 483 274 365 466 174 172 264 522 381 583 514 555 296 448 140 302 353 562 100 89 96 513 168 281 86 245 349 119 591 160 185 157 496 171 532 556 269 320 291 391 554 576 13 
249
367 339 549 4 436 45 328 190 134 343 447 73 541 476 125 531 437 565 117 189 503 584 206 232 79 558 478 425 548 0 460 230 72 30 273 43 53 331 468 371 113 498 354 57 481 479 559 519 178 102 455 463 54 517 8 83 422 310 287 512 254 396 394 414 550 212 440 540 409 528 432 546 428 424 475 557 329 201 502 252 305 492 244 431 569 106 70 582 51 208 58 580 506 563 405 138 128 312 524 578 239 192 110 289 441 236 415 297 525 221 376 77 210 490 82 553 419 203 17 16 52 36 241 37 66 183 538 593 589 217 586 451 587 530 446 272 383 491 434 487 552 103 204 592 407 536 539 156 571 420 277 263 10 572 48 473 9 282 355 62 560 573 276 433 348 213 120 265 439 231 253 547 111 247 158 84 292 543 226 88 154 143 401 116 356 257 224 205 400 561 364 180 68 132 588 227 464 124 544 359 566 501 76 191 581 193 65 483 274 365 466 174 172 264 522 381 583 514 555 296 448 140 302 353 562 100 89 96 513 168 281 86 245 349 119 591 160 185 157 496 171 556 269 320 291 391 554 576 13 
247
367 339 549 4 436 45 328 190 134 343 447 73 541 476 125 531 437 565 117 189 503 584 206 232 79 558 478 425 0 460 230 72 30 273 43 53 331 468 371 113 498 354 57 481 479 559 519 178 102 455 463 54 517 8 83 422 310 287 512 254 396 394 414 550 212 440 540 409 528 432 546 428 424 475 557 329 201 502 252 305 492 244 431 569 106 70 582 51 208 58 580 506 563 405 128 312 524 578 239 192 110 289 441 236 415 297 525 221 376 77 210 490 82 553 419 203 17 16 52 36 241 37 66 183 538 593 589 217 586 451 587 530 446 272 383 491 434 487 552 103 204 592 407 536 539 156 571 420 277 263 10 572 48 473 9 282 355 62 560 573 276 433 348 213 120 265 439 231 253 547 111 247 158 84 292 543 226 88 154 143 401 116 356 257 224 205 400 561 364 180 68 132 588 227 464 124 544 359 566 501 76 191 581 193 65 483 274 365 466 174 172 264 522 381 583 514 555 296 448 140 302 353 562 100 89 96 513 168 281 86 245 349 119 591 160 185 157 496 171 556 269 320 291 391 554 576 13 
244
367 339 549 4 436 45 328 190 134 343 447 73 541 476 125 531 437 565 117 189 503 584 206 232 79 558 478 425 0 460 230 72 30 273 43 331 468 371 113 498 354 57 481 479 559 519 178 102 455 463 54 517 8 83 422 310 287 512 254 396 394 414 550 212 440 540 409 528 432 546 428 424 475 557 329 201 502 252 305 492 244 431 569 106 70 582 51 208 58 580 506 563 405 128 312 524 578 239 192 110 289 441 236 415 297 525 221 376 77 210 490 82 553 419 203 17 16 52 36 241 37 66 183 538 593 589 217 586 451 587 530 446 272 383 491 434 487 552 103 204 592 407 536 539 156 571 420 277 263 10 572 48 473 9 282 355 62 560 573 276 433 348 213 120 265 439 231 253 547 111 247 158 84 292 543 226 88 154 143 401 116 356 257 224 205 400 561 364 180 68 132 588 227 464 124 544 359 566 501 76 191 581 193 65 483 274 365 466 174 172 264 522 381 583 555 296 448 140 302 353 562 100 89 96 513 168 281 86 245 349 119 591 160 157 496 171 556 269 320 291 391 554 576 13 
244
367 339 549 4 436 45 328 190 134 343 447 73 541 476 125 531 437 565 117 189 503 584 206 232 79 558 478 425 0 460 230 72 30 273 43 331 468 371 113 498 354 57 481 479 559 519 178 102 455 463 54 517 8 83 422 310 287 512 254 396 394 414 550 212 440 540 409 528 432 546 428 424 475 557 329 201 502 252 305 492 244 431 569 106 70 582 51 208 58 580 506 563 405 128 312 524 578 239 192 110 289 441 236 415 297 525 221 376 77 210 490 82 553 419 203 17 16 52 36 241 37 66 183 538 593 589 217 586 451 587 530 446 272 383 491 434 487 552 103 204 592 407 536 539 156 571 420 277 263 10 572 48 473 9 282 355 62 560 573 276 433 348 213 120 265 439 231 253 547 111 247 158 84 292 543 226 88 154 143 401 116 356 257 224 205 400 561 364 180 68 132 588 227 464 124 544 359 566 501 76 191 581 193 65 483 274 365 466 174 172 264 522 381 583 555 296 448 140 302 353 562 100 89 96 513 168 281 86 245 349 119 591 160 157 496 171 556 269 320 291 391 554 576 13 
242
367 339 549 4 436 45 328 190 134 343 447 73 541 476 125 531 437 565 117 189 503 584 206 232 79 558 478 425 0 460 230 72 30 273 43 331 468 371 113 498 354 57 481 479 559 519 178 102 455 463 54 517 8 83 422 310 287 512 254 396 394 414 550 212 440 540 409 528 432 546 428 424 475 557 329 201 502 252 305 492 244 431 569 106 70 582 51 208 58 580 506 563 405 128 312 524 578 239 192 110 289 441 236 415 297 525 221 376 77 210 490 82 553 419 203 17 16 52 36 241 37 66 183 538 593 589 217 586 451 530 446 272 383 491 434 487 552 103 204 592 407 536 539 156 571 420 277 263 10 572 48 473 9 282 355 62 560 573 276 433 348 213 120 265 439 231 253 547 111 247 158 84 292 543 226 88 154 143 401 116 356 257 224 205 400 561 364 180 68 132 588 227 464 124 544 359 566 501 76 191 581 193 65 483 274 365 466 174 172 264 522 381 583 555 296 448 140 302 353 562 100 89 96 513 168 281 86 245 349 119 591 160 157 496 171 556 269 320 291 391 554 576 
241
367 339 549 4 436 45 328 190 134 343 447 73 541 476 125 531 437 565 117 189 503 584 206 232 79 558 478 425 0 460 230 72 30 273 43 331 468 371 113 498 354 57 481 479 559 519 178 102 455 463 54 517 8 83 422 310 287 512 254 396 394 414 550 212 440 540 409 528 432 546 428 475 557 329 201 502 252 305 492 244 431 569 106 70 582 51 208 58 580 506 563 405 128 312 524 578 239 192 110 289 441 236 415 297 525 221 376 77 210 490 82 553 419 203 17 16 52 36 241 37 66 183 538 593 589 217 586 451 530 446 272 383 491 434 487 552 103 204 592 407 536 539 156 571 420 277 263 10 572 48 473 9 282 355 62 560 573 276 433 348 213 120 265 439 231 253 547 111 247 158 84 292 543 226 88 154 143 401 116 356 257 224 205 400 561 364 180 68 132 588 227 464 124 544 359 566 501 76 191 581 193 65 483 274 365 466 174 172 264 522 381 583 555 296 448 140 302 353 562 100 89 96 513 168 281 86 245 349 119 591 160 157 496 171 556 269 320 291 391 554 576 
