10
327
524 643 136 211 605 493 615 607 377 588 243 104 555 392 272 574 138 366 401 130 595 359 64 522 341 165 219 432 273 517 360 358 154 312 82 218 53 590 346 577 368 409 465 351 365 433 531 618 214 6 284 362 604 334 171 445 637 235 34 490 72 488 468 198 77 339 58 301 572 500 212 631 290 222 83 398 223 333 473 361 49 578 559 281 193 168 393 135 616 452 142 539 482 640 88 232 347 355 248 413 194 422 327 16 538 170 304 589 443 610 591 486 151 66 246 163 161 628 76 200 389 485 111 582 94 613 101 545 579 367 630 474 119 585 259 164 427 260 411 497 261 311 31 397 150 624 479 296 450 612 114 216 29 60 596 169 387 343 478 46 491 584 42 262 614 215 319 4 226 448 237 59 565 444 586 318 274 446 176 508 37 313 236 633 593 24 428 84 609 449 439 489 202 305 205 39 208 139 434 484 551 10 148 602 350 106 418 67 73 245 384 160 483 501 329 601 619 186 556 453 293 636 25 89 348 17 322 265 622 5 147 510 68 467 414 406 196 544 40 129 254 475 436 546 515 629 90 617 600 396 120 571 48 385 11 117 297 18 100 13 180 62 632 277 461 50 270 606 530 597 357 623 627 534 33 561 30 503 562 247 423 496 415 518 97 308 316 641 642 471 469 509 583 146 527 275 454 372 61 231 124 543 421 134 112 620 400 156 520 598 324 177 253 635 141 575 408 28 639 65 21 528 608 126 155 594 425 
322
524 643 136 211 605 493 615 607 377 588 243 104 555 392 272 574 138 366 401 130 595 359 64 522 341 165 219 432 273 517 360 358 154 312 82 218 53 590 346 577 368 409 465 351 365 433 531 618 214 6 284 362 604 334 171 445 637 235 34 490 72 468 198 77 339 58 301 572 500 212 631 290 222 83 398 223 473 361 49 578 559 281 193 168 393 135 616 452 142 539 482 640 88 232 347 355 248 413 194 422 327 16 538 170 304 443 610 591 486 151 66 246 163 161 628 76 200 389 485 111 582 94 613 101 545 579 367 630 474 119 585 259 164 427 260 411 497 261 311 397 150 624 479 296 450 612 114 216 29 60 596 169 387 343 478 46 491 584 42 262 614 215 319 4 226 448 237 59 565 444 586 318 274 446 176 508 37 313 236 633 593 24 428 84 609 449 439 489 202 305 205 39 208 139 434 484 551 10 148 602 350 106 418 67 73 245 384 160 483 501 329 601 619 186 556 453 293 636 25 89 348 17 265 622 5 147 510 68 467 414 406 196 544 40 129 254 475 436 546 515 629 90 617 600 396 120 571 48 385 11 117 297 18 100 13 180 62 632 277 461 50 270 606 530 597 357 623 627 534 33 561 30 503 562 247 423 496 415 518 97 308 316 641 642 471 469 509 583 146 527 275 454 372 61 231 124 543 421 134 112 620 400 156 520 598 324 177 253 635 141 575 408 28 639 65 21 528 608 126 155 594 425 
314
524 643 136 211 605 493 615 607 377 588 243 104 555 272 392 574 138 366 401 130 595 359 64 522 341 219 432 273 517 360 358 154 312 82 218 53 590 346 577 368 409 465 351 365 433 531 618 214 6 284 362 604 334 171 445 637 235 34 490 72 468 198 77 339 58 301 572 500 212 631 290 222 83 398 223 473 361 49 578 559 281 193 168 393 135 616 452 142 539 482 640 88 232 347 355 248 413 194 422 327 16 538 170 304 443 610 591 486 151 66 246 163 161 628 76 200 389 485 111 582 94 613 101 545 579 367 630 474 119 585 259 164 427 260 411 497 261 311 397 150 624 479 296 450 612 114 216 29 596 169 387 343 478 46 491 584 42 262 614 215 319 226 448 237 59 565 444 586 318 274 446 176 508 37 313 236 633 593 24 428 84 609 449 439 489 305 205 39 208 139 434 484 551 10 148 602 350 106 418 67 73 245 384 160 483 501 329 601 619 186 556 453 293 636 25 89 348 17 265 5 147 510 68 467 414 406 196 544 40 129 254 475 436 546 515 629 90 617 600 396 120 571 48 385 11 18 100 13 180 62 632 277 461 50 270 606 530 597 357 623 627 534 33 561 30 503 562 247 423 496 415 518 97 308 316 641 642 471 469 583 146 527 275 454 372 61 231 124 543 421 134 112 620 400 156 520 598 324 177 253 635 141 575 408 28 639 65 21 528 608 126 155 594 425 
311
524 643 136 211 605 493 615 607 377 588 243 104 555 392 272 574 138 366 401 130 595 359 64 522 341 219 432 273 517 360 358 154 312 82 218 53 590 346 577 368 409 465 351 365 433 531 618 214 6 284 362 604 334 171 445 637 235 34 490 72 468 198 77 339 58 301 572 500 212 631 290 222 83 398 223 473 361 49 578 559 281 193 168 393 135 616 452 142 539 482 640 88 232 347 355 248 413 194 422 327 16 538 170 304 443 610 591 486 151 66 246 163 161 628 76 200 389 485 111 582 94 613 101 545 579 367 630 474 119 585 259 164 427 260 411 497 261 311 397 150 624 479 296 450 612 114 216 29 169 387 343 478 46 491 584 42 262 614 215 319 226 448 237 59 565 444 586 318 274 446 176 508 37 313 236 633 593 24 428 84 609 449 439 489 305 205 39 208 139 434 484 551 10 148 602 350 106 418 67 73 245 384 483 501 329 601 619 186 556 453 293 636 25 89 348 17 265 5 147 510 68 467 414 406 196 544 40 129 254 475 546 515 629 90 617 600 396 120 571 48 385 11 18 100 13 180 62 632 277 461 50 270 606 530 597 357 623 627 534 33 561 30 503 562 247 423 496 415 518 97 308 316 641 642 471 469 583 146 527 275 454 372 61 231 124 543 421 134 112 620 400 156 520 598 324 177 253 635 141 575 408 28 639 65 21 528 608 126 155 594 425 
305
524 643 406 168 136 491 584 211 42 493 605 615 607 262 196 393 135 614 616 544 215 319 377 588 243 40 104 452 555 129 226 254 448 237 142 565 59 475 392 546 515 629 444 586 574 138 366 272 401 90 539 318 595 359 64 522 341 617 482 274 600 396 640 219 446 120 88 39 232 571 176 48 432 347 355 385 508 517 273 37 360 11 413 194 313 236 18 100 358 633 13 422 154 593 24 82 312 428 84 218 609 327 180 16 53 62 590 277 538 632 170 346 449 577 368 439 304 409 489 305 205 443 610 591 461 486 50 151 351 270 66 246 465 163 365 161 433 139 434 531 618 628 208 214 606 76 597 357 6 530 200 284 623 389 484 485 111 627 534 551 33 362 582 10 561 94 503 193 604 613 148 30 171 562 445 101 247 545 602 350 106 579 367 423 637 67 235 73 496 415 245 34 490 518 97 384 308 630 343 316 641 642 474 72 471 119 501 469 583 478 146 527 585 468 198 329 601 275 454 619 77 186 259 164 372 61 231 124 339 556 427 58 260 543 421 134 411 112 620 497 261 453 500 301 572 311 400 212 156 631 520 293 636 25 89 598 290 397 150 222 348 324 83 398 624 479 17 296 450 223 177 253 635 612 265 114 141 473 5 147 408 28 216 29 639 65 361 21 510 68 467 528 49 578 608 559 169 155 414 281 126 387 594 46 425 
298
524 643 406 168 136 491 584 211 42 493 605 615 607 262 196 393 135 614 616 544 215 319 377 588 243 40 104 452 555 129 226 254 448 237 142 565 59 475 392 546 515 629 444 586 574 138 366 272 401 90 539 318 595 359 64 522 341 617 482 274 600 396 640 219 446 120 88 39 232 571 176 48 432 347 355 385 508 517 273 37 360 11 413 194 313 236 18 100 358 633 13 422 154 593 24 82 312 428 84 218 609 327 180 16 62 590 277 538 632 170 346 449 577 368 439 304 409 489 305 205 443 610 591 461 486 50 151 351 270 66 246 465 163 365 161 433 139 434 531 618 628 208 214 606 76 597 357 530 200 284 623 389 484 485 111 627 534 551 33 362 582 10 561 94 503 193 604 613 148 30 171 562 445 247 545 602 350 106 579 367 423 67 235 73 496 415 245 34 490 518 97 384 308 630 343 316 641 642 474 471 119 501 469 583 478 146 527 585 468 198 329 601 275 454 619 77 186 259 164 372 61 231 124 339 556 427 58 260 543 421 134 411 112 620 497 261 453 500 301 572 311 400 212 156 631 520 293 636 25 89 598 290 397 150 222 348 324 83 624 479 17 296 450 223 177 253 635 612 265 141 473 5 147 408 28 216 29 639 65 361 21 510 68 467 528 49 578 608 559 169 155 414 281 126 387 594 46 425 
296
524 643 406 168 136 491 584 211 42 493 605 615 607 262 196 393 135 614 616 544 215 319 377 588 243 40 104 452 555 129 226 254 448 237 142 565 59 475 392 546 515 629 444 586 574 138 366 272 401 90 539 318 595 359 64 522 341 617 482 274 600 396 640 219 446 120 88 39 232 571 176 48 432 347 355 385 508 517 273 37 360 11 413 194 313 236 18 100 358 633 13 422 154 593 24 312 428 84 218 609 327 180 16 62 590 277 538 632 170 346 449 577 368 439 304 409 489 305 205 443 610 591 461 486 50 151 351 270 66 246 465 163 365 161 433 139 434 531 618 628 208 214 606 76 597 357 530 200 284 623 389 484 485 111 627 534 551 33 362 582 10 561 94 503 193 604 613 148 30 171 562 445 247 545 602 350 106 579 367 423 67 235 73 496 415 245 34 490 518 97 384 308 630 343 316 641 642 474 471 119 501 469 478 146 527 585 468 198 329 601 275 454 619 77 186 259 164 372 61 231 124 339 556 427 58 260 543 421 134 411 112 620 497 261 453 500 301 572 311 400 212 156 631 520 293 636 25 89 598 290 397 150 222 348 324 83 624 479 17 296 450 223 177 253 635 612 265 141 473 5 147 408 28 216 29 639 65 361 21 510 68 467 528 49 578 608 559 169 155 414 281 126 387 594 46 425 
294
524 643 406 168 136 491 584 211 42 493 605 615 607 262 196 393 135 614 544 215 319 377 588 243 40 104 452 555 129 226 254 448 237 142 565 59 475 392 546 515 629 444 586 574 138 366 272 401 90 539 318 595 359 64 522 341 617 482 274 600 396 640 219 446 120 88 39 232 571 176 48 432 347 355 385 508 517 273 37 360 11 413 194 313 236 18 100 358 633 13 422 593 24 312 428 84 218 609 327 180 16 62 590 277 538 632 170 346 449 577 368 439 304 409 489 305 205 443 610 591 461 486 50 151 351 270 66 246 465 163 365 161 433 139 434 531 618 628 208 214 606 76 597 357 530 200 284 623 389 484 485 111 627 534 551 33 362 582 10 561 94 503 193 604 613 148 30 171 562 445 247 545 602 350 106 579 367 423 67 235 73 496 415 245 34 490 518 97 384 308 630 343 316 641 642 474 471 119 501 469 478 146 527 585 468 198 329 601 275 454 619 77 186 259 164 372 61 231 124 339 556 427 58 260 543 421 134 411 112 620 497 261 453 500 301 572 311 400 212 156 631 520 293 636 25 89 598 290 397 150 222 348 324 83 624 479 17 296 450 223 177 253 635 612 265 141 473 5 147 408 28 216 29 639 65 361 21 510 68 467 528 49 578 608 559 169 155 414 281 126 387 594 46 425 
292
524 643 406 168 136 491 584 211 42 493 605 615 607 262 196 393 135 614 544 215 319 377 588 243 40 104 452 555 129 226 254 448 237 142 565 59 475 392 546 515 444 272 586 574 138 366 401 90 539 318 595 359 64 522 341 617 482 274 600 396 640 219 446 120 88 39 232 571 176 48 432 347 355 385 508 517 273 37 360 11 413 194 313 236 100 358 633 13 422 593 24 312 428 84 218 609 327 180 16 62 590 277 538 632 170 346 449 577 368 439 304 409 489 305 205 443 610 591 461 486 50 151 351 270 66 246 465 163 365 161 433 139 434 531 618 628 208 214 606 76 597 357 530 200 284 623 389 484 485 111 627 534 551 33 362 582 10 561 94 503 193 604 613 148 30 171 562 445 247 545 602 350 106 579 367 423 67 235 73 496 415 245 34 490 518 97 384 308 630 343 316 641 642 474 471 119 501 469 478 146 527 585 468 198 329 601 275 454 619 77 186 259 164 372 61 231 124 339 556 427 58 260 543 421 134 411 112 620 497 261 453 500 301 572 311 400 212 156 631 520 293 636 25 89 598 290 397 150 222 348 324 83 624 479 17 296 450 223 177 253 635 612 265 141 473 5 147 408 28 216 29 639 65 361 21 510 68 467 528 49 578 608 559 169 155 414 281 126 387 594 46 425 
288
524 643 406 168 136 491 584 211 42 493 605 615 607 262 196 393 135 614 544 215 319 377 588 243 40 104 452 555 129 226 254 448 237 142 565 59 475 392 546 515 444 272 586 574 366 401 90 539 318 595 359 64 522 341 617 482 274 600 396 640 219 446 120 88 39 232 571 176 48 432 347 355 385 508 517 273 37 360 11 413 194 313 236 100 358 633 13 422 593 24 312 428 84 218 609 327 180 16 62 590 277 538 632 170 346 449 577 368 439 304 409 489 305 205 443 610 591 461 50 486 151 351 270 66 246 465 163 365 161 433 139 434 531 618 628 208 214 606 76 597 357 530 200 284 623 389 484 485 111 627 534 551 33 362 582 10 561 94 503 193 604 613 148 30 171 562 445 247 545 602 350 106 579 367 423 67 235 73 496 415 245 34 490 518 97 384 308 630 343 316 641 642 474 471 119 501 469 478 146 527 585 468 198 329 601 275 454 619 77 186 259 164 372 61 231 124 339 556 427 58 260 543 421 411 112 620 497 261 453 500 301 311 400 212 156 631 520 293 636 25 89 598 397 150 222 348 324 83 624 479 17 296 450 223 177 253 635 612 265 141 473 5 147 408 28 216 29 639 65 361 21 510 68 467 528 49 578 608 559 169 155 414 281 126 387 594 46 425 
