16
408
26 226 136 85 7 429 94 302 57 172 336 129 74 92 195 265 23 15 376 192 243 475 71 152 202 185 69 24 52 394 119 115 278 268 155 474 417 473 191 89 461 179 156 59 98 207 187 260 107 10 311 48 233 21 247 161 435 320 384 5 38 240 66 468 105 219 406 36 419 480 299 456 216 272 153 58 82 141 440 453 116 287 432 228 267 171 95 253 176 279 411 450 274 117 132 13 231 239 477 121 160 398 134 214 334 164 43 258 326 454 449 17 457 147 464 271 286 479 197 250 118 108 54 76 37 102 237 167 159 246 301 42 481 139 19 110 103 50 410 346 371 269 83 318 452 97 25 78 193 476 158 257 408 451 140 80 220 11 281 183 531 313 523 405 162 62 9 262 439 49 40 205 341 206 392 324 225 238 151 306 492 35 188 227 352 242 127 56 319 446 150 282 204 305 122 378 434 478 264 178 68 221 200 466 51 263 130 133 315 194 20 201 423 412 149 234 33 55 145 29 109 8 331 433 458 401 209 438 372 157 12 126 462 87 251 230 67 261 180 482 63 256 485 323 3 213 65 212 370 351 86 28 6 148 208 112 270 506 181 527 448 245 471 426 30 483 120 424 84 104 215 377 114 100 138 170 232 189 428 284 277 61 1 420 163 472 203 173 99 276 224 387 397 198 249 444 73 81 443 190 4 235 144 259 113 211 175 186 388 310 437 169 223 125 27 298 45 90 135 290 455 128 280 431 459 425 196 47 210 427 53 174 421 441 361 70 2 142 484 123 199 345 34 32 106 131 177 77 39 72 64 244 254 16 91 403 22 0 470 137 41 353 285 124 182 217 248 396 467 146 241 165 275 46 297 469 96 273 436 75 255 184 374 442 111 307 168 154 101 143 430 283 79 60 447 44 252 413 93 222 31 14 236 399 218 166 18 266 
397
26 226 136 85 7 429 94 302 57 172 336 74 92 195 265 23 15 376 192 243 475 71 152 202 185 69 24 52 394 115 278 268 155 474 417 473 89 461 179 156 59 98 207 187 260 107 10 311 48 233 21 247 161 435 320 384 5 38 240 66 468 105 219 406 36 419 480 299 456 216 272 153 58 82 141 440 453 116 287 432 228 267 171 253 176 279 411 450 274 117 132 13 231 239 477 121 160 398 134 214 334 164 43 258 326 454 449 17 457 147 464 271 286 197 250 108 54 76 37 102 237 167 159 246 301 42 481 139 19 110 103 50 410 346 371 269 83 318 452 97 25 78 193 476 158 257 408 451 140 80 220 11 281 183 531 313 523 405 162 62 9 262 439 49 40 205 341 206 392 324 225 238 151 306 492 35 188 227 352 242 127 56 319 446 150 282 204 305 122 378 478 264 178 68 221 200 466 51 263 130 133 315 194 20 201 423 412 149 234 33 55 145 29 109 8 331 433 458 401 209 438 372 157 12 126 462 87 251 230 67 261 180 482 63 256 485 323 3 213 65 212 370 351 86 28 6 148 208 112 270 506 181 527 448 245 471 426 30 483 120 424 84 104 215 377 114 100 138 170 232 189 428 284 277 61 1 420 163 203 173 99 276 224 387 397 198 249 73 81 443 190 4 235 144 259 113 211 175 186 388 310 437 169 223 125 27 298 45 90 135 290 455 128 280 431 459 425 196 47 210 427 53 174 421 441 361 70 2 142 484 123 199 345 34 32 106 131 177 77 39 72 64 244 254 16 91 403 22 0 470 137 41 353 285 124 182 217 248 396 467 146 165 46 297 469 96 273 436 75 255 184 374 442 111 307 168 154 101 143 430 283 79 60 447 44 252 413 93 222 31 14 236 399 218 166 18 266 
383
26 226 136 85 7 429 94 302 57 172 336 92 195 265 23 15 376 192 243 475 71 152 202 185 69 24 52 394 115 268 155 474 417 473 89 461 179 156 59 98 207 187 260 107 10 311 48 233 21 247 161 435 320 5 38 240 66 468 219 406 36 419 480 299 456 216 272 153 58 82 141 440 453 116 287 432 228 267 171 253 176 279 411 450 274 117 132 13 231 239 477 121 160 398 134 214 334 164 43 258 326 454 449 17 457 147 464 271 286 197 250 108 54 76 37 102 237 167 159 246 301 42 481 139 19 110 103 50 410 371 269 83 318 452 97 25 78 193 476 158 257 408 451 140 80 220 11 281 183 531 313 523 405 162 62 9 262 439 49 40 205 341 206 392 324 225 238 151 306 492 35 188 227 352 242 127 56 319 446 150 282 204 305 122 378 478 264 178 68 221 200 466 51 263 130 133 315 194 20 201 423 412 149 234 33 55 29 109 8 331 433 458 401 209 438 372 157 12 126 462 87 251 230 67 261 180 482 63 256 485 323 3 213 65 212 370 351 86 28 6 148 208 112 506 448 245 471 426 30 483 120 424 84 104 215 377 114 100 138 170 232 189 284 277 61 1 420 163 203 173 99 276 224 387 397 198 249 73 81 443 190 4 235 144 259 113 211 175 186 388 310 437 169 223 125 27 298 90 135 290 455 128 280 431 459 425 196 210 427 53 421 441 361 70 2 142 484 123 199 345 32 106 131 177 77 39 72 64 244 254 16 91 403 22 0 470 137 41 353 285 124 182 217 248 396 467 146 165 46 297 469 96 273 436 75 255 184 374 442 111 307 168 154 101 143 430 283 79 60 447 44 252 413 93 222 31 14 236 399 218 166 18 266 
369
26 226 136 85 7 429 94 302 57 336 92 195 265 23 15 192 243 71 152 202 185 69 24 52 394 115 268 155 474 417 473 89 461 179 156 59 98 207 187 260 107 10 48 233 21 247 161 435 320 5 38 240 66 468 219 406 36 419 480 299 456 216 272 153 58 82 141 440 453 116 287 432 228 267 171 253 176 279 411 450 274 117 132 13 239 477 121 160 398 134 214 334 164 258 326 454 449 17 457 147 464 271 286 197 250 108 54 76 37 102 237 167 159 246 301 42 481 139 19 110 103 50 410 371 269 83 318 452 97 25 78 193 476 158 257 408 451 80 220 11 281 183 531 313 523 405 162 62 9 262 439 49 40 205 341 206 392 324 225 238 151 306 492 35 188 227 352 242 127 56 319 446 282 204 305 122 378 478 264 178 68 221 200 466 51 263 130 133 315 194 20 201 423 412 149 234 33 55 29 109 8 433 458 401 209 438 372 157 12 126 462 87 251 230 67 261 180 63 256 485 323 3 213 65 212 370 351 86 28 6 148 208 112 506 448 245 471 426 30 483 120 424 84 104 215 377 114 100 138 170 232 189 284 277 61 1 420 163 203 173 99 276 224 387 397 198 249 73 81 443 190 235 144 259 113 211 186 388 310 437 169 223 125 27 298 90 135 290 455 128 280 431 459 425 196 210 427 53 421 441 361 70 2 142 484 123 199 345 32 106 131 177 39 72 64 244 254 16 91 403 22 0 470 137 41 353 124 182 217 248 396 467 146 165 46 297 469 96 273 436 75 255 184 374 442 111 307 168 154 101 143 430 283 79 60 447 44 252 413 93 222 31 14 236 399 218 166 18 266 
351
26 226 85 7 429 94 302 57 336 195 265 23 15 192 243 71 152 202 185 69 24 52 394 115 268 155 417 473 89 461 179 156 59 98 207 187 260 107 10 48 435 21 233 161 247 320 5 38 240 66 468 219 406 36 419 480 299 456 216 272 153 58 82 141 440 453 116 287 432 228 267 171 253 176 279 411 274 117 132 13 477 121 160 398 214 334 164 258 326 454 449 17 457 147 464 271 286 197 250 108 54 76 37 102 237 167 159 246 301 42 481 139 19 110 103 50 410 371 269 83 318 452 97 25 78 193 476 158 257 408 451 220 80 11 281 183 531 313 523 405 162 62 9 262 439 49 40 205 341 206 392 324 225 238 151 306 492 35 188 227 352 242 127 56 319 446 282 204 305 122 378 478 264 178 68 221 200 466 51 263 130 133 315 194 20 201 423 412 149 234 33 55 29 109 8 433 458 401 209 372 157 12 126 462 87 251 230 67 261 180 63 256 485 323 3 213 65 212 370 86 28 6 148 208 112 506 245 471 426 30 483 120 424 84 104 215 377 114 138 170 232 189 284 277 61 1 420 163 203 99 276 224 387 397 198 249 73 81 443 190 235 144 259 113 211 186 388 310 437 169 223 125 27 298 90 135 290 455 128 280 431 459 425 196 427 53 421 441 361 70 2 142 484 123 199 345 32 106 131 177 39 72 64 244 254 16 91 22 0 470 137 41 353 124 217 248 467 146 165 46 297 469 273 436 255 184 374 442 111 307 168 154 143 430 283 79 60 447 44 252 413 93 222 31 14 236 399 218 166 18 266 
340
26 226 85 7 429 94 336 195 265 23 15 192 243 71 152 202 185 69 24 52 115 268 155 417 473 89 461 179 156 59 98 207 187 260 107 10 48 233 435 247 161 320 5 38 240 66 468 219 406 36 419 480 299 456 216 272 153 58 82 141 440 453 116 287 432 228 267 171 253 176 279 411 274 117 132 13 477 121 160 398 214 334 164 326 454 449 17 457 147 464 271 286 197 250 108 54 76 37 102 167 159 246 301 42 481 139 19 110 103 50 410 371 269 83 318 452 97 25 78 193 476 158 257 408 451 220 80 11 281 183 531 313 523 405 162 62 9 262 439 49 40 205 341 206 392 324 225 238 151 306 492 35 188 227 352 242 127 446 56 319 282 204 305 122 378 478 264 178 68 221 200 466 51 263 130 133 315 194 20 201 423 412 149 234 33 29 109 8 433 458 401 209 372 157 12 126 462 87 251 230 67 261 180 63 256 485 323 3 213 65 212 370 86 28 6 148 208 112 506 245 471 426 30 483 120 424 84 104 215 377 114 138 232 189 284 277 61 1 420 163 203 99 276 224 387 397 198 249 73 81 443 190 235 144 259 211 186 388 310 437 169 223 125 27 298 90 135 290 455 128 280 431 459 425 196 427 53 421 441 361 70 2 142 123 199 345 32 106 131 177 39 72 64 244 254 16 91 22 0 470 137 41 353 124 217 248 467 146 165 46 297 469 273 436 255 184 374 442 111 307 168 154 143 430 283 79 60 447 44 252 413 93 222 31 236 14 218 166 18 266 
327
26 226 85 429 94 336 195 15 192 243 71 152 202 185 69 24 52 115 268 155 417 473 89 461 179 156 59 98 207 187 260 107 10 48 233 435 247 161 320 5 38 240 66 468 219 406 36 419 480 299 456 216 272 153 58 82 141 440 453 116 287 432 228 267 171 253 176 279 411 274 117 132 13 477 121 160 398 214 334 164 326 454 449 17 457 147 464 271 286 197 250 108 54 76 37 102 167 159 246 301 481 42 139 19 110 103 50 410 371 269 83 318 452 97 25 78 193 476 158 257 408 451 220 80 11 281 183 313 523 405 162 9 262 49 40 205 341 206 392 324 225 238 151 306 492 35 188 227 352 242 127 446 56 319 282 204 305 122 378 478 264 178 68 221 200 466 51 263 130 133 315 194 20 201 423 412 149 234 33 29 109 8 433 458 401 209 372 157 12 126 462 230 67 261 180 63 256 485 323 3 213 65 212 86 28 6 148 208 112 506 245 471 426 30 483 120 424 84 104 215 377 114 138 232 189 284 277 61 1 420 163 203 99 276 224 387 397 198 249 73 81 443 190 235 144 259 211 186 388 310 437 169 223 125 27 298 90 135 290 455 128 431 459 425 196 427 53 421 441 361 70 2 142 123 199 345 32 106 131 177 39 72 64 244 254 16 91 22 0 470 137 41 353 124 217 248 467 146 165 46 297 469 273 255 184 374 111 307 168 154 143 430 283 79 447 44 252 413 93 222 31 236 14 218 166 18 266 
316
26 226 85 429 94 336 195 15 192 243 71 152 202 185 69 24 52 115 268 155 417 473 89 461 179 156 59 98 207 187 260 107 10 48 233 435 247 161 320 5 38 240 66 468 219 36 419 480 299 456 216 272 153 58 82 141 440 453 116 432 228 267 171 253 176 279 411 274 117 132 13 477 121 160 398 214 334 164 326 454 449 17 457 147 464 271 286 197 250 108 54 76 37 102 167 159 246 301 481 42 139 19 110 103 50 410 371 269 83 318 452 97 25 78 193 476 158 257 408 451 220 80 11 281 183 313 523 405 162 9 262 49 40 205 341 206 392 225 238 151 306 492 35 188 227 352 242 127 446 56 319 282 204 305 122 378 478 264 178 221 200 466 51 263 130 133 194 20 201 423 412 149 234 33 29 109 8 433 458 401 209 372 157 12 126 462 230 67 261 180 63 256 485 323 3 213 65 212 86 28 6 148 208 112 506 245 426 30 483 120 424 84 104 215 377 114 138 232 189 284 277 61 1 420 163 203 99 276 224 387 397 198 249 73 443 190 235 144 259 211 186 388 310 437 169 223 125 27 298 90 135 290 455 128 431 459 425 196 427 53 421 441 70 2 123 199 345 32 106 131 177 39 72 64 244 254 16 91 22 0 470 137 41 353 124 217 248 467 146 46 297 469 255 184 374 111 307 168 154 143 430 283 79 447 44 252 413 93 222 31 236 14 218 166 18 266 
306
259 20 26 214 226 211 334 164 201 186 388 310 423 412 326 85 149 234 33 454 429 437 94 449 17 29 169 223 125 27 109 336 457 298 8 147 433 90 135 271 286 290 455 464 197 128 431 195 250 459 425 15 458 401 108 54 76 196 37 192 209 243 102 71 167 157 202 159 152 185 427 12 53 69 126 24 246 301 52 441 462 139 481 42 70 2 19 110 123 230 115 103 67 199 261 345 180 268 50 155 410 63 371 269 417 83 473 256 485 89 318 452 323 3 179 461 213 156 65 212 97 25 32 59 78 106 193 207 98 158 131 476 177 187 86 39 72 260 28 10 64 6 48 148 112 208 244 16 233 254 161 257 247 91 320 408 435 451 506 22 470 220 5 80 41 38 11 446 137 281 240 66 183 245 353 483 30 313 523 124 405 248 219 120 162 9 262 467 146 84 104 49 40 205 36 419 341 424 480 215 206 377 46 114 297 456 469 216 272 153 392 58 225 82 141 238 440 151 138 232 453 116 189 255 184 432 374 228 267 284 306 171 492 35 111 188 227 277 168 154 242 307 127 143 352 430 283 56 61 253 1 79 282 176 163 279 319 420 204 411 305 122 378 203 274 447 44 99 264 178 224 387 276 252 132 397 221 198 200 413 466 93 249 51 31 222 236 13 263 14 73 218 130 443 477 121 166 133 194 18 160 190 266 398 235 144 
291
259 20 214 226 211 164 201 186 388 310 423 412 326 85 149 234 33 454 429 437 94 449 17 29 169 223 125 27 109 336 208 298 8 147 90 135 271 286 455 128 431 195 250 459 425 15 458 401 108 54 76 196 37 192 209 243 102 71 167 157 202 159 152 185 427 12 53 69 126 24 246 301 52 441 462 139 481 42 70 2 19 110 123 230 115 103 67 199 261 345 180 268 50 155 410 63 417 269 473 83 256 485 89 318 452 323 3 179 461 213 156 65 212 97 25 32 59 78 106 193 207 98 158 131 476 177 187 86 39 72 260 28 10 64 48 148 112 244 254 16 233 257 161 247 408 91 320 435 451 506 22 470 220 5 80 41 38 11 446 137 281 240 183 353 66 483 30 313 523 124 405 248 219 162 9 262 467 146 84 104 49 40 205 36 419 341 424 480 215 206 377 46 114 297 456 469 216 272 153 58 225 82 141 238 440 151 138 232 116 189 255 184 432 374 228 267 284 306 171 492 35 111 188 227 277 168 154 242 307 127 143 352 430 283 56 61 253 1 79 282 176 279 319 163 420 204 411 305 122 378 203 274 447 44 99 264 178 224 387 276 252 132 397 221 198 200 413 466 93 51 31 222 236 13 263 14 218 130 443 477 121 166 133 194 18 160 190 266 398 235 144 
285
259 20 214 226 211 164 201 186 388 310 423 412 326 85 149 234 33 454 429 437 94 449 17 29 169 223 125 27 109 336 298 8 147 90 135 271 286 455 128 431 195 250 459 425 15 458 401 108 54 76 196 37 192 209 243 102 71 167 157 202 159 152 427 12 53 69 126 24 246 301 52 441 462 139 481 42 70 2 19 110 230 115 103 67 199 261 345 180 268 50 155 410 63 417 269 473 83 256 485 89 318 452 323 3 179 461 156 212 97 25 32 59 78 106 193 207 98 158 131 476 177 187 86 39 72 260 28 10 64 48 148 112 257 254 16 233 247 161 208 408 91 320 435 451 506 22 470 220 5 80 41 38 11 446 137 281 240 183 353 66 483 30 313 523 124 405 248 219 162 9 262 467 146 84 104 49 40 205 36 419 341 424 480 215 206 377 46 114 297 456 469 216 272 153 58 225 82 141 238 440 151 232 116 189 255 184 432 374 228 267 284 306 171 492 35 111 188 227 277 168 154 242 307 127 143 352 430 283 244 56 61 253 1 79 282 176 279 319 163 420 204 411 305 122 378 274 447 44 99 264 178 224 387 276 252 132 397 221 198 200 413 466 93 51 31 236 263 13 222 14 218 130 443 477 121 166 133 194 18 160 190 266 398 235 144 
267
259 214 226 211 164 201 186 388 310 412 326 85 149 234 33 454 429 437 94 449 17 29 223 125 109 336 298 8 147 90 135 271 286 455 128 431 195 250 459 425 15 458 401 108 54 76 196 37 192 209 243 102 71 167 157 202 159 152 427 12 53 69 126 24 246 462 52 441 481 139 42 70 2 19 110 115 103 67 199 261 345 180 268 50 155 410 63 417 269 473 83 256 485 89 318 452 323 3 179 461 156 212 97 25 32 78 106 193 207 98 131 158 476 177 187 86 39 72 260 28 10 64 48 148 112 257 254 16 233 247 161 208 408 91 320 435 451 506 22 470 220 5 80 41 137 281 240 183 353 66 483 30 313 523 124 405 248 219 162 9 467 146 84 104 49 40 205 36 419 341 424 480 215 206 377 46 114 297 456 469 272 153 58 225 82 141 238 440 151 232 116 189 255 184 432 374 228 267 306 171 492 35 111 188 227 277 168 154 242 307 127 352 244 430 283 56 61 253 1 79 282 176 279 319 163 420 204 411 305 122 378 274 447 99 264 178 387 276 252 132 397 221 198 413 466 93 263 31 236 51 13 222 14 218 130 443 477 121 166 133 194 18 160 190 266 398 144 
256
259 214 226 211 201 186 388 310 412 326 85 149 234 33 454 429 437 94 449 17 29 223 125 109 336 298 147 90 135 271 286 455 128 431 195 250 459 425 15 458 401 108 54 76 196 37 192 209 243 102 71 167 157 202 159 152 427 12 53 69 126 24 246 462 52 441 481 139 42 70 2 19 110 115 103 67 199 261 345 180 268 50 155 410 63 417 269 473 256 485 318 452 461 323 3 179 156 212 97 25 32 78 106 193 207 98 131 476 177 187 86 39 72 260 28 10 64 48 148 112 244 254 16 233 247 161 408 435 91 320 451 506 22 470 220 5 80 41 137 281 240 183 353 66 483 30 313 523 124 405 248 219 162 9 467 146 84 104 49 40 205 36 419 341 424 480 215 206 377 46 114 297 456 469 272 153 58 225 82 141 238 440 151 232 189 255 184 432 374 228 267 306 171 492 35 111 188 227 277 168 154 242 307 127 352 430 283 56 61 253 1 79 282 176 279 319 420 204 411 122 274 447 99 264 178 387 276 252 132 397 221 198 413 466 93 263 31 236 51 13 222 14 218 130 443 477 121 166 133 194 18 160 190 266 398 144 
235
259 226 211 186 388 310 412 326 85 149 234 33 454 429 437 94 17 29 223 125 109 336 298 147 90 135 271 286 455 128 431 195 250 459 425 15 458 401 108 54 76 196 37 192 209 243 102 71 167 157 152 159 427 12 53 69 126 24 246 52 441 481 139 42 70 2 19 115 103 67 199 261 345 180 268 50 155 63 417 269 473 256 485 461 323 3 179 156 212 97 32 78 106 193 98 207 131 476 177 187 39 72 260 28 10 64 48 148 112 244 254 233 408 247 435 451 91 320 506 22 470 220 5 80 41 137 281 240 183 66 483 30 313 523 124 405 248 219 162 9 467 146 84 104 49 40 205 36 419 341 424 480 215 206 377 46 114 456 469 272 153 58 225 82 141 238 440 151 232 255 184 432 374 228 267 306 171 492 35 111 188 227 277 168 154 242 307 127 352 430 283 56 61 253 1 79 282 176 279 319 420 204 411 122 274 447 99 264 276 252 132 397 221 198 413 466 93 51 31 236 222 13 14 218 130 443 477 121 194 18 160 190 266 398 144 
226
259 226 211 186 388 310 412 326 85 149 234 33 454 429 437 94 17 29 223 125 109 336 298 147 90 135 271 286 455 128 431 195 250 459 425 15 458 401 108 54 76 196 192 209 243 102 37 71 167 157 152 159 427 12 69 126 24 246 52 441 481 139 42 70 2 19 115 103 67 199 261 345 180 268 155 63 417 269 473 256 485 461 323 3 179 156 212 97 32 78 106 193 98 207 131 476 177 187 72 260 28 10 64 48 148 244 254 408 435 247 451 91 320 506 22 470 220 5 80 41 137 281 240 183 66 483 30 313 523 124 405 248 219 162 9 146 84 104 49 40 205 36 424 341 215 206 377 46 114 456 469 272 153 58 225 82 238 440 151 232 255 184 432 374 228 267 306 171 492 35 111 188 227 277 168 154 242 307 127 352 430 283 56 61 253 1 79 282 176 279 319 420 204 411 122 274 447 99 264 276 252 132 397 221 198 413 466 93 51 31 236 222 13 14 218 130 443 477 121 194 18 160 190 266 398 144 
217
259 226 211 388 326 85 149 234 33 454 429 437 94 17 29 223 125 109 336 298 147 90 135 271 286 455 128 431 195 250 459 425 15 458 401 108 54 76 196 192 243 102 71 167 157 152 159 427 12 69 126 24 246 52 441 481 139 42 2 19 115 103 67 199 261 345 180 268 155 63 417 269 256 485 461 323 3 179 156 212 97 32 78 106 193 98 207 131 476 177 187 72 260 28 10 64 48 148 244 254 408 435 247 451 91 320 506 22 470 220 5 80 41 137 281 240 183 66 483 30 313 523 124 405 248 219 162 9 146 84 104 49 40 205 36 424 341 215 206 377 46 114 456 469 272 153 58 225 82 238 151 232 255 184 432 374 228 267 306 171 492 35 111 188 227 277 168 154 242 307 127 352 430 283 56 61 253 1 319 282 176 279 420 204 411 122 274 447 99 264 276 252 132 397 221 198 413 466 93 51 31 236 222 13 14 218 130 443 477 121 194 18 160 190 266 398 144 
