16
224
142 439 501 243 525 315 127 327 137 336 47 295 513 276 411 69 222 272 256 116 320 171 447 489 332 365 380 386 371 414 211 292 111 239 231 11 506 18 42 101 478 79 437 35 399 485 28 300 379 357 217 349 170 329 30 483 160 257 213 523 344 174 299 33 67 187 146 102 293 124 498 118 152 475 277 481 238 476 509 377 230 129 517 472 122 473 183 496 302 418 474 234 223 147 504 466 318 93 449 410 253 135 355 495 358 428 194 361 464 248 241 201 264 331 58 363 370 195 52 6 181 50 378 426 309 500 274 225 279 163 144 291 134 224 403 26 27 515 521 490 381 494 420 497 467 51 364 463 106 289 100 120 430 39 446 103 46 313 227 484 348 286 298 423 82 499 520 296 405 438 78 228 395 451 145 8 450 316 19 311 468 427 207 121 458 322 297 511 508 250 84 479 9 514 75 507 139 206 505 148 235 482 356 123 469 465 487 191 491 216 204 290 215 10 72 43 518 49 375 165 486 14 31 287 
224
142 439 501 243 525 315 127 327 137 336 47 295 513 276 411 69 222 272 256 116 320 171 447 489 332 365 380 386 371 414 211 292 111 239 231 11 506 18 42 101 478 79 437 35 399 485 28 300 379 357 217 349 170 329 30 483 160 257 213 523 344 174 299 33 67 187 146 102 293 124 498 118 152 475 277 481 238 476 509 377 230 129 517 472 122 473 183 496 302 418 474 234 223 147 504 466 318 93 449 410 253 135 355 495 358 428 194 361 464 248 241 201 264 331 58 363 370 195 52 6 181 50 378 426 309 500 274 225 279 163 144 291 134 224 403 26 27 515 521 490 381 494 420 497 467 51 364 463 106 289 100 120 430 39 446 103 46 313 227 484 348 286 298 423 82 499 520 296 405 438 78 228 395 451 145 8 450 316 19 311 468 427 207 121 458 322 297 511 508 250 84 479 9 514 75 507 139 206 505 148 235 482 356 123 469 465 487 191 491 216 204 290 215 10 72 43 518 49 375 165 486 14 31 287 
219
142 439 501 243 525 315 127 327 137 336 47 295 513 276 411 69 222 272 256 116 320 171 447 489 332 365 380 386 371 414 211 292 111 239 231 11 18 42 101 478 79 437 35 399 485 28 300 379 357 217 349 170 329 30 483 160 257 213 523 344 174 299 33 67 187 146 102 293 124 498 118 152 475 277 481 238 476 509 377 230 129 517 472 122 473 183 496 302 418 474 504 223 147 466 318 93 449 410 253 135 355 495 358 428 194 361 464 241 201 264 331 58 363 370 195 52 6 181 50 378 309 500 274 225 279 163 144 291 134 224 403 26 27 515 521 490 381 494 420 497 467 51 364 463 106 289 100 120 430 39 446 103 46 313 227 484 348 286 298 423 82 499 520 296 405 438 78 228 395 451 145 8 450 316 19 311 468 427 207 121 458 322 297 511 508 250 84 479 9 514 75 507 139 206 505 148 235 482 356 123 469 465 487 191 204 216 290 215 10 72 43 518 49 375 165 486 14 31 287 
217
142 439 501 243 525 315 127 327 137 336 47 295 513 276 411 69 222 272 256 116 320 171 447 489 332 365 380 386 371 414 211 292 111 239 231 11 18 42 101 478 79 437 35 399 485 28 300 379 357 217 349 170 329 30 483 160 257 213 523 344 174 299 33 67 187 146 102 293 124 498 118 152 475 277 481 238 476 509 377 230 129 517 472 122 473 183 496 302 418 474 504 223 147 466 318 93 449 410 253 135 355 495 358 428 194 361 464 241 201 264 331 58 363 370 195 52 6 181 50 378 309 500 274 225 279 163 144 291 134 224 403 26 27 515 521 490 381 494 420 497 467 51 364 463 106 289 100 120 430 39 446 103 46 313 227 484 348 286 298 423 82 499 520 296 405 438 78 228 395 451 145 450 316 19 311 468 427 207 121 458 322 297 511 508 250 84 479 9 514 75 507 139 206 505 148 235 482 356 123 469 465 487 191 204 216 215 10 72 43 518 49 375 165 486 14 31 287 
216
142 439 501 243 525 315 127 327 137 336 47 295 513 276 411 69 222 272 256 116 320 171 447 489 332 365 386 371 414 211 292 111 239 231 11 18 42 101 478 79 437 35 399 485 28 300 379 357 217 349 170 329 30 483 160 257 213 523 344 174 299 33 67 187 146 102 293 124 498 118 152 475 277 481 238 476 509 377 230 129 517 472 122 473 183 496 302 418 474 504 223 147 466 318 93 449 410 253 135 355 495 358 428 194 361 464 241 201 264 331 58 363 370 195 52 6 181 50 378 309 500 274 225 279 163 144 291 134 224 403 26 27 515 521 490 381 494 420 497 467 51 364 463 106 289 100 120 430 39 446 103 46 313 227 484 348 286 298 423 82 499 520 296 405 438 78 228 395 451 145 450 316 19 311 468 427 207 121 458 322 297 511 508 250 84 479 9 514 75 507 139 206 505 148 235 482 356 123 469 465 487 191 204 216 215 10 72 43 518 49 375 165 486 14 31 287 
212
142 439 501 243 525 315 127 327 137 336 47 295 513 276 411 69 222 272 256 116 320 171 447 489 332 365 386 371 414 211 292 111 239 231 11 18 42 101 478 79 437 35 399 485 28 217 379 357 349 170 329 30 483 160 257 213 523 344 174 299 33 67 187 146 102 293 124 498 118 152 475 277 481 238 476 509 377 230 129 517 472 122 473 183 496 302 418 474 504 223 147 466 318 93 449 410 253 355 495 358 428 194 361 464 241 264 331 58 363 370 195 52 6 181 50 378 309 500 274 225 279 163 144 291 134 224 403 26 27 515 521 490 381 494 420 497 467 51 364 463 106 289 100 120 430 39 446 103 46 313 227 484 348 286 298 423 82 499 520 296 405 438 78 228 395 451 145 450 316 19 311 468 427 207 121 458 322 297 511 508 250 84 479 9 514 75 507 139 206 505 148 235 482 356 123 469 465 487 191 204 216 215 10 72 43 518 49 375 165 486 31 287 
211
142 439 501 243 525 315 127 327 137 336 47 295 513 276 411 69 222 272 256 116 320 171 447 489 332 365 386 371 414 211 292 111 239 231 11 18 42 101 478 79 437 35 399 485 28 217 379 357 349 170 329 30 483 160 257 213 523 344 174 299 33 67 187 146 102 293 124 498 118 152 475 277 481 238 476 509 377 230 129 517 472 122 473 183 496 302 418 474 504 223 147 466 318 93 449 410 253 355 495 358 428 194 361 464 241 264 331 58 363 370 195 52 6 181 50 378 309 500 274 225 279 163 144 291 134 224 403 26 27 515 521 490 381 494 420 497 467 51 364 463 106 289 100 120 430 39 446 103 46 313 227 484 348 286 298 423 82 499 520 296 405 438 78 228 395 451 145 450 316 19 311 468 427 207 121 458 322 297 511 508 250 84 479 9 514 75 507 139 206 505 148 235 482 356 123 469 465 487 191 204 216 215 10 72 43 518 49 375 165 486 31 
210
142 439 501 243 525 315 127 327 137 336 47 295 513 276 411 69 222 272 256 116 320 171 447 489 332 365 386 371 414 211 292 111 239 231 11 18 42 101 478 79 437 35 399 485 28 217 379 357 349 170 329 30 483 160 257 213 523 344 174 299 33 67 187 146 102 293 124 498 118 152 475 277 481 238 476 509 377 230 129 517 472 122 473 183 496 302 418 474 504 223 147 466 318 93 449 410 253 355 495 358 428 194 361 464 241 264 331 58 363 370 195 52 6 181 50 378 309 500 274 225 279 163 144 291 134 224 403 26 27 515 521 490 381 494 420 497 467 51 364 463 106 289 100 120 430 39 446 103 46 313 227 484 348 286 298 423 82 499 520 296 405 78 228 395 451 145 450 316 19 311 468 427 207 121 458 322 297 511 508 250 84 479 9 514 75 507 139 206 505 148 235 482 356 123 469 465 487 191 204 216 215 10 72 43 518 49 375 165 486 31 
207
142 439 501 243 525 315 127 327 137 336 47 295 513 276 411 69 222 272 256 116 320 171 447 489 332 365 386 371 414 211 292 111 239 231 11 18 42 101 478 79 437 35 399 485 28 217 379 357 349 170 329 30 483 160 257 213 523 344 174 299 33 67 187 146 102 293 124 498 152 475 277 481 238 476 509 377 230 129 517 472 122 473 496 302 418 474 504 223 147 466 318 93 449 410 253 355 495 358 428 194 361 464 241 264 331 58 363 370 195 52 6 181 50 378 309 500 274 225 279 163 144 291 134 224 403 26 27 515 521 490 381 494 420 497 467 51 364 463 106 289 100 120 430 39 446 103 46 313 227 484 348 286 298 423 520 499 296 405 78 228 395 451 145 450 316 19 311 468 427 207 121 458 322 297 511 508 250 84 479 9 514 75 507 139 206 505 148 235 482 356 123 469 465 487 191 204 216 215 10 72 43 518 49 375 165 486 31 
202
439 501 243 525 315 127 327 137 336 47 295 513 276 411 69 222 272 256 116 320 171 447 489 332 365 386 371 414 211 292 111 239 231 11 18 42 101 478 79 437 35 399 485 28 217 379 357 349 170 329 30 483 160 257 213 523 344 174 299 33 67 187 146 102 293 124 498 152 475 277 481 238 476 509 377 230 129 517 472 122 473 496 418 474 504 223 147 466 318 93 449 410 253 355 495 358 428 194 361 464 241 264 331 58 370 50 195 52 6 181 378 309 500 274 225 279 163 144 291 134 224 403 26 27 515 521 490 381 494 420 497 467 51 364 463 106 289 100 120 430 39 446 103 46 313 227 484 348 286 298 423 520 499 296 405 78 228 395 451 145 19 311 468 427 207 121 458 322 297 511 508 250 84 479 9 514 75 507 139 206 505 148 235 482 356 123 469 465 487 191 204 216 215 10 72 43 518 49 375 165 486 31 
201
439 501 243 525 315 127 327 137 336 47 295 513 276 411 69 222 272 256 116 320 171 447 489 332 365 386 371 414 211 292 111 239 231 11 18 42 101 478 79 437 35 399 485 28 217 379 357 349 170 329 30 483 160 257 213 523 344 174 299 33 67 187 146 102 293 124 498 152 475 277 481 238 476 509 377 230 129 517 472 122 473 496 418 474 504 223 147 466 318 93 449 410 253 355 495 358 428 194 361 464 241 264 331 58 370 50 195 52 6 181 378 309 500 274 225 279 163 144 291 134 224 403 26 27 515 521 490 381 494 420 497 467 51 364 463 106 289 100 120 430 39 446 103 46 313 227 484 348 286 298 423 520 499 296 405 78 228 395 451 145 19 311 468 427 207 121 458 322 297 511 508 250 84 479 9 514 75 507 139 206 505 235 482 356 123 469 465 487 191 204 216 215 10 72 43 518 49 375 165 486 31 
199
439 501 243 525 315 127 327 137 336 47 295 513 276 411 69 222 272 256 116 320 171 447 489 332 365 386 371 414 211 292 111 239 231 11 18 42 101 478 79 437 35 399 485 28 217 379 357 349 170 329 30 483 160 257 213 523 344 174 299 33 67 187 146 102 293 124 498 152 475 277 481 238 476 509 377 230 129 517 472 122 473 496 418 474 504 223 147 466 318 93 449 410 253 355 495 358 428 194 361 464 241 264 331 58 370 50 195 52 6 181 378 309 500 274 225 279 163 144 291 134 224 403 27 515 521 490 381 494 420 497 467 51 364 463 106 289 100 120 430 39 446 103 46 313 227 484 348 286 298 423 520 499 296 405 78 228 395 451 145 19 311 468 427 121 458 322 297 511 508 250 84 479 9 514 75 507 139 206 505 235 482 356 123 469 465 487 191 204 216 215 10 72 43 518 49 375 165 486 31 
197
439 501 243 525 315 127 327 137 336 47 295 513 276 411 69 222 272 256 116 320 171 447 489 332 365 386 371 414 211 292 111 239 231 11 18 42 101 478 79 437 35 399 485 28 217 379 357 349 170 329 30 483 160 257 213 523 344 174 299 33 67 187 146 102 293 124 498 152 475 277 481 238 476 509 377 230 129 517 472 122 473 496 418 474 504 223 147 466 318 93 449 410 253 355 495 358 428 194 464 241 264 331 58 370 50 195 52 6 181 378 309 500 274 225 279 163 144 291 134 224 403 27 515 521 490 381 494 420 497 467 51 364 463 106 289 100 120 430 39 446 103 46 313 227 484 348 286 298 520 499 296 405 78 228 395 451 145 19 311 468 427 121 458 322 297 511 508 250 84 479 9 514 75 507 139 206 505 235 482 356 123 469 465 487 191 204 216 215 10 72 43 518 49 375 165 486 31 
195
439 501 243 525 315 127 327 336 47 295 513 276 411 69 222 272 256 116 320 171 447 489 332 365 386 371 414 211 292 111 239 231 11 18 42 101 478 79 437 35 399 485 28 217 379 357 349 170 329 30 483 160 257 213 523 344 174 299 33 67 187 146 102 293 124 498 152 475 277 481 238 476 509 377 230 129 517 472 122 496 418 474 504 223 147 466 318 93 449 410 253 355 495 358 428 194 464 241 264 331 58 370 50 195 52 6 181 378 309 500 274 225 279 163 144 291 134 224 403 27 515 521 490 381 494 420 497 467 51 364 463 106 289 100 120 430 39 446 103 46 313 227 484 348 286 298 520 499 296 405 78 228 395 451 145 19 311 468 427 121 458 322 297 511 508 250 84 479 9 514 75 507 139 206 505 235 482 356 123 469 465 487 191 204 216 215 10 72 43 518 49 375 165 486 31 
194
439 501 243 525 315 127 327 336 47 295 513 276 411 69 222 272 256 116 320 171 447 489 332 365 386 371 414 211 292 111 239 231 11 18 42 101 478 79 437 35 399 485 28 217 379 357 349 170 329 30 483 160 257 213 523 344 174 299 33 67 187 146 102 293 124 498 152 475 277 481 238 476 509 377 230 129 517 472 122 496 418 474 504 223 147 466 318 93 449 410 253 355 495 358 428 194 464 241 264 331 58 370 50 195 52 6 181 378 309 500 274 225 279 163 144 291 134 224 403 27 515 521 381 494 420 497 467 51 364 463 106 289 100 120 430 39 446 103 46 313 227 484 348 286 298 520 499 296 405 78 228 395 451 145 19 311 468 427 121 458 322 297 511 508 250 84 479 9 514 75 507 139 206 505 235 482 356 123 469 465 487 191 204 216 215 10 72 43 518 49 375 165 486 31 
194
439 501 243 525 315 127 327 336 47 295 513 276 411 69 222 272 256 116 320 171 447 489 332 365 386 371 414 211 292 111 239 231 11 18 42 101 478 79 437 35 399 485 28 217 379 357 349 170 329 30 483 160 257 213 523 344 174 299 33 67 187 146 102 293 124 498 152 475 277 481 238 476 509 377 230 129 517 472 122 496 418 474 504 223 147 466 318 93 449 410 253 355 495 358 428 194 464 241 264 331 58 370 50 195 52 6 181 378 309 500 274 225 279 163 144 291 134 224 403 27 515 521 381 494 420 497 467 51 364 463 106 289 100 120 430 39 446 103 46 313 227 484 348 286 298 520 499 296 405 78 228 395 451 145 19 311 468 427 121 458 322 297 511 508 250 84 479 9 514 75 507 139 206 505 235 482 356 123 469 465 487 191 204 216 215 10 72 43 518 49 375 165 486 31 
