18
319
206 60 298 133 278 315 122 180 172 174 212 443 151 125 479 463 13 160 360 454 181 128 185 220 48 438 20 117 358 269 455 153 226 141 439 158 480 86 502 375 103 81 289 101 492 237 227 308 65 285 118 11 228 342 330 430 134 471 189 460 155 92 198 6 322 44 78 56 239 45 363 176 120 450 335 372 284 510 317 491 524 490 392 419 521 259 143 437 106 472 305 328 80 387 368 482 333 41 395 414 362 37 292 485 466 481 366 287 167 314 190 431 233 511 253 404 487 338 373 291 29 361 186 138 31 126 526 527 111 82 346 246 286 110 250 79 294 183 72 272 448 252 453 119 327 21 343 411 354 67 34 8 417 320 76 149 4 47 10 173 193 171 441 90 147 281 58 175 325 422 461 273 475 385 442 313 50 195 396 152 28 179 297 522 397 64 157 503 177 230 300 421 334 132 196 85 197 446 40 3 513 18 406 108 393 267 389 350 247 279 477 452 390 351 293 135 203 376 182 295 412 156 349 374 451 148 139 380 257 494 345 17 262 150 205 326 301 426 470 9 304 104 429 369 202 303 379 235 469 364 348 339 124 323 316 425 42 97 241 234 208 509 496 63 248 275 232 353 384 191 54 200 105 209 355 440 7 211 219 217 121 224 329 407 231 145 486 123 367 312 505 187 254 525 251 16 161 337 309 341 473 263 476 403 370 459 416 159 415 458 24 523 165 318 498 242 409 436 432 
315
206 60 298 133 278 315 122 180 172 174 212 443 151 125 479 463 13 160 360 454 181 128 185 220 48 438 20 117 358 269 455 153 226 141 439 158 480 86 502 375 103 81 289 101 492 237 227 308 65 285 118 11 228 342 330 430 134 471 189 460 155 92 198 6 322 44 78 56 239 45 363 176 120 450 335 372 284 510 317 491 524 490 392 419 521 259 143 437 106 472 305 328 80 387 368 482 333 41 395 414 362 37 292 485 466 481 366 287 167 314 190 431 233 511 253 404 487 338 373 291 29 361 186 138 31 126 526 527 111 82 346 246 286 110 250 79 294 183 72 272 448 252 453 119 327 21 343 411 354 67 34 8 417 320 76 149 4 47 10 173 193 171 441 90 147 281 58 175 325 422 461 273 475 385 442 313 50 195 396 152 28 179 297 522 397 64 157 503 177 230 300 421 334 132 196 85 40 446 3 513 18 406 108 393 267 389 350 247 279 477 452 390 351 293 135 203 376 182 295 412 156 349 374 451 148 139 380 257 494 345 17 262 150 205 326 301 426 470 9 304 104 429 369 202 303 379 235 469 364 348 339 124 323 316 425 42 97 241 234 208 509 496 63 248 275 353 384 191 54 200 105 209 355 440 7 211 219 217 121 224 329 407 231 145 486 123 367 312 505 187 254 525 251 16 161 337 309 341 473 263 476 403 370 459 416 415 458 523 165 318 498 242 409 436 432 
310
206 60 298 133 278 315 122 180 172 174 212 443 151 125 479 463 13 160 360 454 181 128 185 220 48 438 20 117 358 269 455 153 226 141 439 158 480 86 502 375 103 81 289 101 492 237 227 308 65 285 118 11 228 342 330 430 134 471 189 460 155 92 198 6 322 44 78 56 239 45 363 176 120 450 335 372 284 510 317 491 524 490 392 419 521 259 143 437 106 472 305 328 80 387 368 482 333 41 395 414 362 37 292 485 466 481 366 287 167 314 190 431 233 511 253 404 487 338 373 291 29 361 186 138 31 526 111 527 82 346 110 246 286 250 79 294 183 72 272 448 252 453 119 327 21 343 411 354 67 34 8 417 320 76 149 4 47 10 173 193 171 441 90 147 281 58 175 325 422 461 273 385 442 313 50 195 152 28 179 297 522 397 64 157 503 177 230 300 421 334 132 196 85 40 446 3 513 18 406 108 393 267 389 350 247 279 477 452 390 351 293 135 203 376 182 295 412 156 349 374 451 148 139 380 257 494 345 17 262 150 205 326 301 426 470 9 304 104 429 369 202 303 379 235 469 364 348 339 124 316 425 42 97 241 234 208 509 496 63 248 275 353 384 191 54 200 105 209 355 440 7 211 219 217 121 224 407 231 145 486 123 367 312 505 187 254 525 251 16 161 337 309 341 473 263 476 403 370 459 416 415 458 523 165 318 498 242 409 436 432 
305
206 60 298 133 278 315 122 180 172 174 212 443 151 125 479 463 13 160 360 454 181 128 185 220 48 438 20 117 358 269 455 153 226 141 439 158 480 86 502 375 103 81 289 101 492 237 227 308 65 285 118 11 228 342 330 430 134 471 189 460 155 92 198 6 322 44 78 56 363 176 120 450 335 372 284 510 317 491 524 490 392 521 259 143 437 106 472 305 328 80 387 368 482 333 41 395 414 362 37 292 485 466 481 366 287 167 314 190 431 233 511 253 404 487 338 373 291 29 361 186 138 31 526 111 527 82 346 110 246 286 250 79 294 183 72 272 448 252 453 119 327 21 343 411 354 67 34 8 417 320 76 149 4 47 10 173 193 171 441 90 147 281 58 175 325 422 461 273 385 442 50 195 152 28 179 297 522 397 64 157 503 177 230 300 421 334 132 196 85 40 446 3 513 18 406 108 393 267 389 350 247 279 477 452 390 351 293 135 203 376 182 295 412 156 349 374 451 148 139 380 257 494 345 17 262 150 205 326 301 426 470 9 304 104 429 369 202 303 379 235 469 364 348 339 124 316 425 42 97 241 234 208 509 496 63 248 275 353 384 191 54 200 105 209 355 440 7 211 219 217 121 224 407 231 145 486 123 367 312 505 187 254 525 251 16 161 337 309 341 473 263 476 370 459 416 415 458 523 165 318 498 242 409 436 432 
303
206 60 298 133 278 315 122 180 172 174 212 443 151 125 479 463 13 160 360 454 181 128 185 220 48 20 117 358 269 455 153 226 141 439 158 480 86 502 375 103 81 289 101 492 237 227 308 65 285 118 11 228 342 330 430 134 471 189 460 155 92 198 6 322 44 78 56 363 176 120 450 335 372 284 510 317 491 524 490 392 521 259 143 437 106 472 305 328 80 387 368 482 333 41 395 414 362 37 292 485 466 481 366 287 167 314 190 431 233 511 253 404 487 338 373 291 29 361 186 138 31 526 111 527 82 346 110 246 286 250 79 294 183 72 272 448 252 453 119 327 21 343 411 354 67 34 8 417 320 76 149 4 47 10 173 193 171 441 90 147 281 58 175 325 422 461 273 385 442 50 195 152 28 179 297 522 397 64 157 503 177 230 300 421 334 132 196 85 40 446 3 513 18 406 108 393 267 389 350 247 279 477 452 390 351 293 135 203 376 182 412 156 349 374 451 148 139 380 257 494 345 17 262 150 205 326 301 426 470 9 304 104 429 369 202 303 379 235 469 364 348 339 124 316 425 42 97 241 234 208 509 496 63 248 275 353 384 191 54 200 105 209 355 440 7 211 219 217 121 224 407 231 145 486 123 367 312 505 187 254 525 251 16 161 337 309 341 473 263 476 370 459 416 415 458 523 165 318 498 242 409 436 432 
299
206 60 298 133 278 315 122 180 172 174 212 443 151 125 479 463 13 160 454 181 128 185 220 48 20 117 358 269 455 153 226 141 439 158 480 86 502 375 103 81 289 101 492 237 227 308 65 285 118 11 228 342 330 430 134 471 189 460 155 92 198 6 322 44 78 56 363 176 120 450 335 372 284 510 317 491 524 490 392 521 259 143 437 106 472 305 328 80 387 368 482 333 41 395 414 362 366 292 485 466 481 110 287 167 314 190 431 233 511 253 404 487 338 373 291 29 361 186 138 31 526 111 527 82 346 246 286 250 79 294 183 72 272 448 252 453 119 327 21 343 411 354 67 34 8 417 320 76 149 4 47 10 173 193 171 441 90 147 281 58 175 325 422 461 273 385 442 50 195 152 28 179 297 522 397 64 157 503 177 230 300 421 334 132 196 85 40 446 3 513 18 406 108 393 267 389 350 247 279 477 452 390 351 293 135 203 376 182 412 156 349 451 148 139 380 257 494 345 17 262 150 205 326 301 426 470 9 304 104 429 369 202 303 379 339 469 364 348 124 316 425 42 97 241 234 208 509 496 63 248 275 353 384 191 54 200 105 209 355 440 7 211 219 217 121 224 407 231 145 486 123 367 312 505 187 254 525 251 16 161 337 309 341 473 263 476 370 459 416 415 458 523 165 318 498 242 409 436 432 
298
206 60 298 133 278 315 122 180 172 174 212 443 151 125 479 463 13 160 454 181 128 185 220 48 20 117 358 269 455 153 226 141 439 158 480 86 502 375 103 81 289 101 492 237 227 308 65 285 118 11 228 342 330 430 134 471 189 460 155 92 198 6 322 44 78 56 363 176 120 450 335 372 284 510 317 491 524 490 392 521 259 143 437 106 472 305 328 80 387 368 482 333 41 395 414 362 366 292 485 466 481 110 287 167 314 190 431 233 511 253 404 487 338 373 291 29 361 186 138 31 526 111 527 82 346 246 286 250 79 294 183 72 272 448 252 453 119 327 21 343 411 354 67 34 8 417 320 76 149 4 47 10 173 193 171 441 90 147 281 58 175 325 422 461 273 385 442 50 195 152 28 179 297 522 397 64 157 503 177 230 300 421 334 132 196 85 446 3 513 18 406 108 393 267 389 350 247 279 477 452 390 351 293 135 203 376 182 412 156 349 451 148 139 380 257 494 345 17 262 150 205 326 301 426 470 9 304 104 429 369 202 303 379 339 469 364 348 124 316 425 42 97 241 234 208 509 496 63 248 275 353 384 191 54 200 105 209 355 440 7 211 219 217 121 224 407 231 145 486 123 367 312 505 187 254 525 251 16 161 337 309 341 473 263 476 370 459 416 415 458 523 165 318 498 242 409 436 432 
291
206 60 298 133 278 315 122 180 172 174 212 443 151 125 479 463 13 160 454 181 128 185 220 48 20 117 358 269 455 153 226 141 439 158 480 86 502 375 103 81 289 101 492 237 227 308 65 285 118 11 228 342 330 430 134 471 189 460 155 92 6 322 44 78 56 363 176 120 450 335 372 284 510 317 491 524 490 392 259 143 437 106 472 305 328 80 387 368 482 333 41 395 414 362 366 292 485 466 481 110 287 167 314 190 431 233 511 253 404 487 338 373 291 29 361 186 138 31 526 111 527 82 346 246 286 250 79 294 183 72 272 448 252 453 119 327 21 343 411 354 67 34 8 417 320 76 149 4 47 10 193 171 441 90 147 281 58 175 325 422 461 273 385 442 50 195 152 28 179 297 522 397 64 157 503 177 230 300 421 334 132 196 85 446 3 513 18 406 108 393 267 389 350 247 279 477 452 390 351 293 135 203 376 182 412 156 349 451 139 380 257 494 345 17 262 150 205 326 301 426 470 9 304 104 429 369 202 303 379 339 469 364 348 124 316 425 42 97 241 234 208 509 496 63 248 275 353 384 191 54 200 105 209 355 440 7 211 219 217 121 224 407 486 145 367 123 312 505 187 254 525 251 16 161 337 309 341 473 263 476 459 416 415 458 165 318 498 242 409 436 432 
286
206 60 298 133 278 315 122 180 172 174 212 443 151 125 479 463 13 160 454 181 128 185 220 48 20 117 358 269 455 153 226 141 439 158 86 502 375 103 81 289 101 492 237 227 308 65 285 118 11 228 330 430 134 471 189 460 155 92 6 322 44 78 56 363 176 120 450 335 372 284 510 317 524 490 392 259 143 437 106 472 305 328 80 387 368 482 333 41 395 414 362 366 292 485 466 481 110 287 167 314 190 431 233 511 253 404 487 338 373 291 29 361 186 138 31 526 111 527 82 346 246 286 250 79 294 183 72 272 448 252 453 119 327 21 343 411 354 67 34 8 417 320 76 149 4 47 10 193 171 441 90 147 281 58 175 325 422 461 273 385 442 50 195 152 28 179 297 522 397 64 157 503 177 230 300 421 334 132 196 85 446 3 513 406 393 267 389 350 247 279 477 452 390 351 293 135 203 376 182 412 156 349 451 139 380 257 494 345 17 262 150 205 326 301 426 470 9 304 104 429 369 202 303 379 339 469 364 348 124 316 425 42 97 241 234 208 509 496 63 248 275 353 384 191 54 200 105 209 355 440 7 211 219 217 121 224 407 486 145 367 123 312 505 187 254 525 251 16 161 337 309 341 473 263 476 459 416 415 458 165 318 498 242 409 436 432 
283
206 60 298 133 278 315 122 180 172 174 212 443 151 125 479 463 13 160 454 181 128 185 220 48 20 117 358 269 455 153 226 141 439 158 86 502 375 103 81 289 101 492 237 227 308 65 285 118 11 330 430 134 471 189 460 155 92 6 322 44 78 56 363 176 120 450 335 372 284 510 317 524 490 392 259 143 437 106 472 305 328 80 387 368 482 333 41 395 414 362 366 292 485 466 481 110 287 167 314 190 431 233 511 253 404 487 338 373 291 29 361 186 138 31 526 111 527 82 346 246 286 250 79 294 183 72 272 448 252 453 119 327 21 343 411 354 67 34 8 417 320 76 149 4 47 10 193 171 441 90 147 281 58 175 325 422 461 273 385 442 50 195 152 28 179 297 522 397 64 157 503 177 230 300 421 334 132 196 85 446 3 513 406 393 267 389 350 247 279 477 452 390 351 293 135 203 376 182 412 156 349 451 139 380 257 494 345 17 262 150 205 326 301 426 470 9 304 104 429 369 202 303 379 339 469 364 348 124 316 425 42 97 241 234 208 509 496 63 248 275 353 384 191 54 200 105 209 355 440 7 219 217 121 407 486 145 367 123 312 505 187 254 525 251 16 161 337 309 341 473 263 476 459 416 415 458 165 318 498 242 409 436 432 
279
206 60 298 133 278 315 122 180 172 174 212 443 151 125 479 463 13 160 454 181 128 185 220 48 20 117 358 269 455 153 226 141 439 158 86 502 375 103 81 289 101 492 237 227 308 65 285 118 330 430 134 471 189 460 155 92 6 322 44 78 56 363 176 120 450 335 372 284 510 317 524 490 392 259 143 437 106 472 305 328 80 387 368 482 333 41 395 414 362 366 292 485 466 481 110 287 167 431 233 511 253 404 487 338 373 291 29 361 186 138 31 526 111 527 82 346 246 286 250 79 294 183 72 272 448 252 453 119 327 21 343 411 354 67 34 8 417 320 76 149 4 47 10 193 171 441 90 147 281 58 175 325 422 461 273 385 442 50 195 152 28 179 297 522 397 64 157 503 177 230 300 421 334 132 196 85 446 3 513 406 393 267 389 350 247 279 477 452 390 351 293 135 203 376 182 412 156 349 451 139 380 257 494 345 17 262 150 205 326 301 426 470 9 304 104 429 369 303 379 339 469 364 348 124 316 425 42 97 241 234 208 509 496 63 248 275 353 384 191 54 200 105 209 355 440 7 219 217 121 407 486 145 367 123 312 505 187 254 525 251 16 161 337 309 341 473 263 476 459 416 415 458 165 318 498 242 409 436 432 
277
206 60 298 133 278 315 122 180 172 174 212 443 151 125 479 463 13 160 454 181 128 185 220 48 20 117 358 269 455 153 226 141 439 158 86 502 375 103 81 289 101 492 237 227 308 65 285 118 330 430 134 471 189 460 155 92 6 322 44 78 56 363 176 120 450 335 372 284 510 317 524 490 392 259 143 106 472 305 328 80 387 368 482 333 41 395 414 362 366 292 485 466 481 110 287 167 431 233 511 253 404 487 338 373 291 29 361 186 138 31 526 111 527 82 346 246 286 250 79 294 183 72 272 448 252 453 119 327 21 343 411 354 67 34 8 417 320 76 149 4 47 10 193 171 441 90 147 281 58 175 325 422 461 273 385 442 50 195 152 28 179 297 522 397 64 157 503 177 230 300 421 334 132 196 85 446 3 513 406 393 267 389 350 247 279 477 452 390 351 293 135 203 376 182 412 156 349 451 139 380 257 494 345 17 262 150 205 326 301 426 470 9 304 104 429 369 303 379 339 469 364 348 124 316 425 42 97 234 208 496 509 63 248 275 353 384 191 54 200 105 209 355 440 7 219 217 121 407 486 145 367 123 312 505 187 254 525 251 16 161 337 309 341 473 263 476 459 416 415 458 165 318 498 242 409 436 432 
275
60 298 133 278 315 122 180 172 174 443 151 125 479 463 13 160 454 181 128 185 220 48 20 117 358 269 455 153 226 141 439 158 86 502 375 103 81 289 101 492 237 227 308 65 285 118 330 430 134 471 189 460 155 92 6 322 44 78 56 363 176 120 450 335 372 284 510 317 524 490 392 259 143 106 472 305 328 80 387 368 482 333 395 414 212 362 366 292 485 466 481 110 287 167 431 233 511 253 404 487 338 373 291 29 361 186 138 31 526 111 527 82 346 246 286 250 79 294 183 72 272 448 252 453 119 327 21 343 411 354 67 34 8 417 320 76 149 4 47 10 193 171 441 90 147 281 58 175 325 422 461 273 385 442 50 195 152 28 179 297 522 397 64 157 503 177 230 300 421 334 132 196 85 446 3 513 406 393 267 389 350 247 279 477 452 390 351 293 135 203 376 182 412 156 349 451 139 380 257 494 345 17 262 150 205 326 301 426 470 9 304 104 429 369 303 379 339 469 364 348 124 316 425 42 97 234 208 496 509 63 248 275 353 384 191 54 200 105 209 355 440 7 219 217 121 407 486 145 367 123 312 505 187 254 525 251 16 161 337 309 341 473 263 476 459 416 415 458 165 318 498 242 409 436 432 
273
60 298 133 278 315 122 180 172 174 443 151 125 479 463 13 160 454 181 128 185 220 48 20 117 358 269 455 153 226 141 439 158 86 502 375 103 81 289 101 492 237 227 308 65 285 118 330 430 134 471 189 460 155 92 6 322 44 78 56 363 176 120 450 335 372 284 510 317 524 490 392 259 143 106 472 305 328 80 387 368 482 333 395 414 212 362 366 292 485 466 481 110 287 167 431 233 511 253 404 487 338 373 291 29 361 186 138 31 526 111 527 82 346 246 286 250 79 294 183 72 272 448 252 453 119 327 21 343 411 354 67 34 8 417 320 76 149 4 47 10 193 171 90 147 281 58 175 325 422 461 273 385 442 50 195 152 28 179 297 522 397 64 157 503 177 230 300 421 334 132 196 85 446 3 513 406 393 267 389 350 247 279 477 452 390 351 293 135 203 376 182 412 156 349 451 139 380 257 494 345 17 262 150 205 326 301 426 470 9 304 104 429 369 303 379 339 469 364 348 124 316 425 42 97 234 208 496 509 63 248 275 353 384 191 54 200 105 209 355 440 7 217 121 407 486 145 367 123 312 505 187 254 525 251 16 161 337 309 341 473 263 476 459 416 415 458 165 318 498 242 409 436 432 
268
60 298 133 278 315 122 180 172 174 443 151 125 479 463 13 160 454 181 128 185 220 48 20 117 358 269 455 153 226 141 439 158 86 502 375 103 81 289 101 492 237 227 308 65 285 118 330 430 134 471 189 460 155 92 6 322 44 78 56 363 176 120 450 335 372 284 510 317 524 490 392 259 143 106 472 305 80 387 368 482 333 414 212 110 362 366 292 485 466 481 167 287 431 233 511 253 404 487 338 373 291 29 361 186 138 31 526 111 82 346 246 286 250 79 294 183 72 272 448 252 453 119 327 21 343 411 354 67 34 8 417 320 76 149 4 47 10 193 171 90 147 281 58 175 325 422 461 273 385 442 50 195 152 28 179 297 522 397 64 157 503 177 230 300 421 334 132 196 85 446 3 513 406 393 267 389 350 279 477 452 390 351 293 135 203 376 182 412 156 349 451 139 380 257 494 345 17 262 150 205 326 301 426 470 9 304 104 429 369 303 379 339 469 364 348 124 316 425 42 97 234 208 496 509 63 248 275 353 384 191 54 200 105 209 355 440 7 217 121 407 486 145 367 123 312 505 254 525 251 16 161 337 309 341 473 263 476 459 416 415 458 165 318 498 242 409 436 432 
266
60 298 133 278 315 122 180 172 174 443 151 125 479 463 13 160 454 181 128 185 220 48 20 117 358 269 455 153 226 141 158 86 502 375 103 81 289 101 492 237 227 308 65 285 118 330 430 134 471 189 460 155 92 6 322 44 78 56 363 176 120 450 335 372 284 510 317 524 490 392 259 143 106 472 305 80 387 368 482 333 414 212 110 362 366 292 485 466 481 287 431 233 511 253 404 487 338 373 291 29 361 186 138 31 526 111 82 346 246 286 250 79 294 183 72 272 448 252 453 119 327 21 343 411 354 67 34 8 417 320 76 149 4 47 10 193 171 90 147 281 58 175 325 422 461 273 385 442 50 195 152 28 179 297 522 397 64 157 503 177 230 300 421 334 132 196 85 446 3 513 406 393 267 389 350 279 477 452 390 351 293 135 203 376 182 412 156 349 451 139 380 257 494 345 17 262 150 205 326 301 426 470 9 304 104 429 369 303 379 339 469 364 348 124 316 425 42 97 234 208 496 509 63 248 275 353 384 191 54 200 105 209 355 440 7 217 121 407 486 145 367 123 312 505 254 525 251 16 161 337 309 341 473 263 476 459 416 415 458 165 318 498 242 409 436 432 
262
60 298 133 278 315 122 180 172 174 443 151 125 479 463 13 160 454 181 220 185 48 20 117 358 269 455 153 226 141 158 86 502 375 103 81 289 101 492 237 227 308 65 285 118 330 430 134 471 189 460 155 92 6 322 44 78 56 363 176 120 450 335 372 284 510 317 524 490 392 259 143 106 472 305 80 387 368 482 333 414 212 110 362 366 292 485 466 481 287 431 511 253 404 487 338 373 291 29 361 186 138 31 526 111 82 346 246 286 250 79 294 183 72 272 448 252 453 119 327 21 343 411 354 67 34 8 417 320 76 149 4 47 10 193 171 90 147 281 58 175 325 422 461 273 385 442 50 195 152 28 179 297 522 397 64 157 177 230 300 421 334 132 196 85 446 3 513 406 393 267 389 350 279 477 452 390 351 293 135 203 376 182 412 156 349 451 139 380 257 494 345 17 262 150 205 326 301 470 9 304 104 429 369 303 379 339 469 364 348 124 316 425 42 97 234 208 496 509 63 248 275 353 384 191 54 200 105 209 355 440 7 217 121 407 486 145 367 123 312 505 254 525 251 16 161 337 309 341 473 263 476 459 416 415 458 165 318 498 242 409 436 432 
258
60 298 133 278 315 122 180 172 174 443 151 125 479 463 13 160 454 181 220 185 48 20 117 358 269 455 153 226 141 158 502 375 103 81 289 101 492 237 227 308 65 285 118 330 430 134 471 189 460 155 92 6 322 44 78 56 363 176 120 450 335 372 284 510 317 524 490 392 259 143 106 472 305 80 387 368 482 333 414 212 110 362 366 292 485 466 481 287 431 511 253 404 487 338 373 291 29 361 186 138 31 526 111 82 346 246 286 250 79 294 183 72 272 448 252 453 119 327 21 343 411 354 67 34 8 417 320 76 149 4 47 10 193 171 90 147 281 58 175 422 461 273 385 442 50 195 152 28 179 297 522 397 64 157 177 230 421 132 334 196 85 446 3 513 406 393 267 389 350 279 477 452 390 351 293 135 203 376 182 412 156 349 451 139 380 257 494 345 17 262 150 205 326 301 470 9 304 104 429 369 303 379 339 469 364 348 124 316 425 42 97 234 208 496 509 63 248 275 353 384 191 54 200 105 209 355 440 7 217 121 407 486 145 367 123 312 505 254 525 251 16 161 337 309 341 473 263 476 416 415 458 165 318 498 242 409 436 432 
