10
201
511 529 479 49 412 380 282 459 302 420 246 516 119 437 91 93 452 519 338 134 506 200 488 350 496 333 303 2 501 166 489 494 315 179 68 513 194 0 267 417 94 28 142 383 120 293 199 162 321 505 160 283 355 62 485 411 105 480 406 99 143 128 35 177 38 85 311 198 508 256 21 329 486 103 509 110 81 109 421 510 474 470 284 217 10 434 301 248 525 17 30 343 399 515 403 353 168 325 492 401 517 257 113 107 493 65 156 531 414 126 69 307 245 13 490 111 182 365 241 176 277 304 464 520 269 12 153 167 483 7 484 218 526 276 145 259 58 502 114 300 377 279 512 112 89 226 230 272 155 66 454 92 243 521 46 165 518 104 100 212 504 503 316 233 482 59 426 394 487 497 138 498 430 359 209 450 439 231 192 347 180 175 444 431 152 242 475 393 368 31 491 216 356 500 294 451 193 524 322 379 221 
198
511 529 479 49 412 380 282 459 302 420 246 516 119 437 91 93 452 519 338 134 506 200 488 350 496 333 303 2 501 166 489 494 315 179 68 513 194 0 267 417 94 28 142 383 120 293 199 162 321 505 160 283 355 62 485 411 105 480 406 99 143 128 35 177 38 85 311 198 508 256 21 329 486 103 509 110 81 109 421 510 474 470 284 217 10 301 248 525 17 30 343 399 515 403 353 168 325 492 401 517 257 113 107 493 65 156 531 414 126 69 307 245 13 490 111 182 365 241 176 277 304 464 520 269 12 153 167 483 7 218 526 276 145 259 58 502 114 300 377 279 512 112 89 226 230 272 155 66 454 92 243 521 46 165 518 104 100 212 504 503 316 233 482 426 394 487 497 138 498 430 359 209 450 439 231 192 347 180 175 444 431 152 242 475 393 368 31 491 216 356 500 294 451 193 524 322 379 221 
197
511 529 479 49 412 380 282 459 302 420 246 516 119 437 91 93 452 519 338 134 506 200 488 350 496 333 303 2 501 166 489 494 315 179 68 513 194 0 267 417 94 28 142 383 120 293 199 162 321 505 160 283 355 62 485 411 105 480 406 99 143 128 35 177 38 85 311 198 508 256 21 329 103 509 110 81 109 421 510 474 470 284 217 10 301 248 525 17 30 343 399 515 403 353 168 325 492 401 517 257 113 107 493 65 156 531 414 126 69 307 245 13 490 111 182 365 241 176 277 304 464 520 269 12 153 167 483 7 218 526 276 145 259 58 502 114 300 377 279 512 112 89 226 230 272 155 66 454 92 243 521 46 165 518 104 100 212 504 503 316 233 482 426 394 487 497 138 498 430 359 209 450 439 231 192 347 180 175 444 431 152 242 475 393 368 31 491 216 356 500 294 451 193 524 322 379 221 
197
511 529 479 49 412 380 282 459 302 420 246 516 119 437 91 93 452 519 338 134 506 200 488 350 496 333 303 2 501 166 489 494 315 179 68 513 194 0 267 417 94 28 142 383 120 293 199 162 321 505 160 283 355 62 485 411 105 480 406 99 143 128 35 177 38 85 311 198 508 256 21 329 103 509 110 81 109 421 510 474 470 284 217 10 301 248 525 17 30 343 399 515 403 353 168 325 492 401 517 257 113 107 493 65 156 531 414 126 69 307 245 13 490 111 182 365 241 176 277 304 464 520 269 12 153 167 483 7 218 526 276 145 259 58 502 114 300 377 279 512 112 89 226 230 272 155 66 454 92 243 521 46 165 518 104 100 212 504 503 316 233 482 426 394 487 497 138 498 430 359 209 450 439 231 192 347 180 175 444 431 152 242 475 393 368 31 491 216 356 500 294 451 193 524 322 379 221 
196
511 529 479 49 412 380 282 459 302 420 246 516 119 437 91 93 452 519 338 134 506 200 488 350 496 333 303 2 501 166 489 494 315 179 68 513 194 0 267 417 94 28 142 383 120 293 199 162 321 505 160 283 355 485 411 105 480 406 99 143 128 35 177 38 85 311 198 508 256 21 329 103 509 110 81 109 421 510 474 470 284 217 10 301 248 525 17 30 343 399 515 403 353 168 325 492 401 517 257 113 107 493 65 156 531 414 126 69 307 245 13 490 111 182 365 241 176 277 304 464 520 269 12 153 167 483 7 218 526 276 145 259 58 502 114 300 377 279 512 112 89 226 230 272 155 66 454 92 243 521 46 165 518 104 100 212 504 503 316 233 482 426 394 487 497 138 498 430 359 209 450 439 231 192 347 180 175 444 431 152 242 475 393 368 31 491 216 356 500 294 451 193 524 322 379 221 
196
511 529 479 49 412 380 282 459 302 420 246 516 119 437 91 93 452 519 338 134 506 200 488 350 496 333 303 2 501 166 489 494 315 179 68 513 194 0 267 417 94 28 142 383 120 293 199 162 321 505 160 283 355 485 411 105 480 406 99 143 128 35 177 38 85 311 198 508 256 21 329 103 509 110 81 109 421 510 474 470 284 217 10 301 248 525 17 30 343 399 515 403 353 168 325 492 401 517 257 113 107 493 65 156 531 414 126 69 307 245 13 490 111 182 365 241 176 277 304 464 520 269 12 153 167 483 7 218 526 276 145 259 58 502 114 300 377 279 512 112 89 226 230 272 155 66 454 92 243 521 46 165 518 104 100 212 504 503 316 233 482 426 394 487 497 138 498 430 359 209 450 439 231 192 347 180 175 444 431 152 242 475 393 368 31 491 216 356 500 294 451 193 524 322 379 221 
196
511 529 479 49 412 380 282 459 302 420 246 516 119 437 91 93 452 519 338 134 506 200 488 350 496 333 303 2 501 166 489 494 315 179 68 513 194 0 267 417 94 28 142 383 120 293 199 162 321 505 160 283 355 485 411 105 480 406 99 143 128 35 177 38 85 311 198 508 256 21 329 103 509 110 81 109 421 510 474 470 284 217 10 301 248 525 17 30 343 399 515 403 353 168 325 492 401 517 257 113 107 493 65 156 531 414 126 69 307 245 13 490 111 182 365 241 176 277 304 464 520 269 12 153 167 483 7 218 526 276 145 259 58 502 114 300 377 279 512 112 89 226 230 272 155 66 454 92 243 521 46 165 518 104 100 212 504 503 316 233 482 426 394 487 497 138 498 430 359 209 450 439 231 192 347 180 175 444 431 152 242 475 393 368 31 491 216 356 500 294 451 193 524 322 379 221 
195
511 529 479 49 412 380 282 459 302 420 246 516 119 437 91 93 452 519 338 134 506 200 488 350 496 333 303 2 501 166 489 494 315 179 68 513 194 0 267 417 94 28 142 383 120 293 199 162 321 505 160 283 355 485 411 105 480 406 99 143 128 35 177 38 85 311 198 508 256 21 329 103 509 110 81 109 421 510 474 470 284 217 10 301 248 525 17 30 343 399 515 403 353 168 325 492 401 517 257 113 107 493 65 156 531 414 126 69 307 245 13 490 111 182 365 241 277 304 464 520 269 12 153 167 483 7 218 526 276 145 259 58 502 114 300 377 279 512 112 89 226 230 272 155 66 454 92 243 521 46 165 518 104 100 212 504 503 316 233 482 426 394 487 497 138 498 430 359 209 450 439 231 192 347 180 175 444 431 152 242 475 393 368 31 491 216 356 500 294 451 193 524 322 379 221 
191
529 479 49 412 380 282 459 302 420 246 516 119 437 91 93 452 519 338 134 506 200 488 350 496 333 303 2 501 166 489 494 315 179 68 513 194 0 267 417 94 28 142 383 120 293 199 162 321 505 160 283 355 485 105 480 406 99 143 128 35 177 38 85 311 198 508 256 21 329 103 509 110 81 109 510 474 470 284 217 10 301 248 525 17 30 343 399 515 403 353 168 325 492 401 517 257 113 107 493 65 156 531 414 126 69 307 245 13 490 111 182 365 241 277 304 464 520 269 12 153 167 483 7 218 526 276 145 259 58 502 114 300 377 279 512 112 89 226 230 272 155 66 454 92 243 521 46 165 518 104 100 212 504 503 316 233 482 426 394 487 497 138 498 430 359 209 450 439 231 192 347 180 175 444 431 152 242 475 368 31 491 216 356 500 294 451 193 524 322 379 221 
190
529 479 49 412 380 282 459 302 420 246 516 119 437 91 93 452 519 338 134 506 200 488 350 496 333 303 2 501 166 489 494 315 179 68 513 194 0 267 417 94 28 142 383 120 293 199 162 321 505 160 283 355 485 105 480 406 99 143 128 35 177 38 85 311 198 508 256 21 329 103 509 110 81 109 510 474 470 284 217 10 301 248 525 17 30 343 399 515 403 353 168 325 492 401 517 257 113 107 493 65 156 531 414 126 69 307 245 13 490 111 182 365 241 277 304 464 520 269 12 153 167 483 7 218 526 276 145 259 58 502 114 300 377 279 512 112 89 226 230 272 66 454 92 243 521 46 165 518 104 100 212 504 503 316 233 482 426 394 487 497 138 498 430 359 209 450 439 231 192 347 180 175 444 431 152 242 475 368 31 491 216 356 500 294 451 193 524 322 379 221 
