18
226
217 42 106 419 169 302 272 431 479 121 285 399 62 198 202 361 274 45 179 170 73 131 368 88 384 135 29 390 59 314 102 386 277 256 168 364 191 19 352 144 90 238 323 67 374 345 436 337 17 328 181 124 306 84 267 491 266 117 193 347 186 492 456 451 422 286 309 346 310 311 41 389 421 260 154 287 31 463 485 183 164 66 397 243 120 279 94 78 92 333 343 190 125 204 385 300 107 6 118 488 160 101 89 480 457 235 432 487 234 435 142 319 474 57 362 280 270 233 51 207 139 349 282 213 236 394 173 64 425 219 208 16 157 71 321 151 74 350 75 46 412 482 237 459 24 416 132 242 257 93 85 348 298 269 230 322 478 440 275 196 80 222 209 47 39 35 461 76 245 313 418 55 387 3 398 4 36 392 2 438 472 63 53 439 149 443 367 265 0 158 188 159 489 40 133 413 490 363 395 70 375 7 317 145 162 370 105 254 329 378 229 215 138 381 291 228 355 25 192 1 113 225 276 427 307 393 
224
217 106 419 169 302 272 431 479 121 285 399 62 198 202 361 274 45 179 170 73 131 368 88 384 135 29 390 59 314 102 386 277 256 168 364 191 19 352 144 90 238 323 67 374 345 436 337 17 328 181 124 306 84 267 491 266 117 193 347 186 492 456 451 422 286 309 346 310 311 41 389 421 260 154 287 31 463 485 183 164 66 397 243 120 279 94 78 92 333 343 190 125 204 385 300 107 6 118 488 160 101 89 480 457 235 432 487 234 435 142 319 474 57 362 280 270 233 207 139 349 282 213 236 394 173 64 425 219 208 16 157 71 321 151 74 350 75 46 412 482 237 459 24 416 132 242 257 93 85 348 298 269 230 322 478 440 275 196 80 222 209 47 39 35 461 76 245 313 418 55 387 3 398 4 36 392 2 438 472 63 53 439 149 443 367 265 0 158 188 159 489 40 133 413 490 363 395 70 375 7 317 145 162 370 105 254 329 378 229 215 138 381 291 228 355 25 192 1 113 225 276 427 307 393 
224
217 106 419 169 302 272 431 479 121 285 399 62 198 202 361 274 45 179 170 73 131 368 88 384 135 29 390 59 314 102 386 277 256 168 364 191 19 352 144 90 238 323 67 374 345 436 337 17 328 181 124 306 84 267 491 266 117 193 347 186 492 456 451 422 286 309 346 310 311 41 389 421 260 154 287 31 463 485 183 164 66 397 243 120 279 94 78 92 333 343 190 125 204 385 300 107 6 118 488 160 101 89 480 457 235 432 487 234 435 142 319 474 57 362 280 270 233 207 139 349 282 213 236 394 173 64 425 219 208 16 157 71 321 151 74 350 75 46 412 482 237 459 24 416 132 242 257 93 85 348 298 269 230 322 478 440 275 196 80 222 209 47 39 35 461 76 245 313 418 55 387 3 398 4 36 392 2 438 472 63 53 439 149 443 367 265 0 158 188 159 489 40 133 413 490 363 395 70 375 7 317 145 162 370 105 254 329 378 229 215 138 381 291 228 355 25 192 1 113 225 276 427 307 393 
222
217 106 419 169 302 272 431 479 121 285 399 62 198 202 361 274 45 179 170 73 131 368 88 384 135 29 390 59 314 102 386 277 256 168 364 191 19 352 144 90 238 323 67 374 345 436 337 17 328 181 124 306 84 267 491 266 117 193 347 186 492 456 451 422 286 309 346 310 311 41 389 421 260 154 287 31 463 485 183 164 66 397 243 120 279 94 78 92 333 343 190 125 204 385 300 107 6 118 160 101 89 480 457 235 432 487 234 435 142 319 474 57 362 280 270 233 207 139 349 282 213 236 394 173 64 425 219 208 16 157 71 321 151 74 350 75 46 412 482 237 459 24 416 132 242 257 93 85 348 298 269 230 322 478 440 275 196 80 222 209 47 39 35 461 76 245 313 418 55 387 3 398 4 36 392 2 438 472 63 53 439 149 443 367 265 0 158 188 159 489 40 133 413 490 363 395 70 375 7 317 145 162 370 105 254 329 378 229 215 138 381 291 228 355 25 192 1 113 225 427 307 393 
217
217 106 419 302 272 431 479 121 285 399 62 198 202 361 274 45 179 170 73 131 368 88 384 135 29 390 59 314 102 386 277 256 168 364 191 19 352 90 309 238 323 67 374 345 436 337 17 328 181 124 306 84 267 491 266 117 193 347 186 492 456 451 422 286 346 310 311 41 389 421 260 154 287 31 463 485 183 164 66 397 243 120 279 94 78 92 333 343 190 125 204 385 300 107 6 118 160 101 89 480 235 432 487 234 435 142 319 474 57 362 280 270 233 207 139 349 282 213 236 394 173 64 425 219 208 16 157 71 321 151 74 350 75 46 412 482 237 459 24 416 132 242 257 93 85 348 298 269 230 322 478 440 275 196 80 222 209 47 39 35 461 76 245 313 418 55 387 3 398 4 36 392 2 438 472 63 53 439 149 443 367 265 0 158 188 159 489 40 133 490 363 395 375 7 317 145 162 370 105 254 329 378 229 215 138 381 291 228 355 25 192 1 113 225 427 307 393 
217
217 106 419 302 272 431 479 121 285 399 62 198 202 361 274 45 179 170 73 131 368 88 384 135 29 390 59 314 102 386 277 256 168 364 191 19 352 90 309 238 323 67 374 345 436 337 17 328 181 124 306 84 267 491 266 117 193 347 186 492 456 451 422 286 346 310 311 41 389 421 260 154 287 31 463 485 183 164 66 397 243 120 279 94 78 92 333 343 190 125 204 385 300 107 6 118 160 101 89 480 235 432 487 234 435 142 319 474 57 362 280 270 233 207 139 349 282 213 236 394 173 64 425 219 208 16 157 71 321 151 74 350 75 46 412 482 237 459 24 416 132 242 257 93 85 348 298 269 230 322 478 440 275 196 80 222 209 47 39 35 461 76 245 313 418 55 387 3 398 4 36 392 2 438 472 63 53 439 149 443 367 265 0 158 188 159 489 40 133 490 363 395 375 7 317 145 162 370 105 254 329 378 229 215 138 381 291 228 355 25 192 1 113 225 427 307 393 
216
217 106 419 302 272 431 479 121 285 399 62 198 202 361 274 45 179 170 73 131 368 88 384 135 29 390 59 314 102 386 277 256 168 364 191 19 352 90 309 238 323 67 374 345 436 337 17 328 181 124 306 84 267 491 266 117 193 347 186 492 456 451 422 286 346 310 311 41 389 421 260 154 287 31 463 485 183 164 66 397 243 120 279 94 78 92 333 343 190 125 204 385 300 107 6 118 160 101 89 480 235 432 487 234 435 142 319 474 57 362 280 270 233 207 139 349 282 213 236 394 173 64 425 219 208 16 157 71 321 151 74 350 75 46 412 482 237 459 24 416 132 242 257 93 85 348 298 269 230 322 478 440 275 196 80 222 209 47 39 35 461 76 245 313 418 55 387 3 398 4 36 392 2 438 472 63 53 439 149 443 367 265 0 158 188 159 489 40 133 490 363 395 375 7 317 145 162 370 105 254 329 378 229 215 138 381 228 355 25 192 1 113 225 427 307 393 
214
217 106 419 302 272 431 479 121 285 399 62 198 202 361 274 45 179 170 73 131 368 88 384 135 29 390 59 314 102 386 277 256 168 364 191 19 352 90 309 238 323 67 374 345 436 337 17 328 181 124 306 84 267 491 266 117 193 347 186 492 456 451 422 286 346 310 311 41 389 421 260 154 287 31 463 485 183 164 66 397 243 120 279 94 78 92 333 343 190 125 204 385 300 107 6 160 101 89 480 235 432 487 234 435 142 319 474 57 362 280 270 233 207 139 349 282 213 236 394 173 64 425 219 208 16 157 71 321 151 74 350 75 46 412 482 237 459 24 416 132 242 257 93 85 348 298 269 230 322 478 440 275 80 222 209 47 39 35 461 76 245 313 418 55 387 3 398 4 36 392 2 438 472 63 53 439 149 443 367 265 0 158 188 159 489 40 133 490 363 395 375 7 317 145 162 370 105 254 329 378 229 215 138 381 228 355 25 192 1 113 225 427 307 393 
212
217 106 419 302 272 431 479 121 285 399 62 198 202 361 274 45 179 170 73 131 368 88 384 135 29 390 59 314 102 386 277 256 168 364 191 19 352 90 309 238 323 67 374 345 436 337 17 328 181 306 84 267 491 266 117 193 347 186 492 456 451 422 286 346 311 41 389 421 260 154 287 31 463 485 183 164 66 397 243 120 279 94 78 92 333 343 190 125 204 385 300 107 6 160 101 89 480 235 432 487 234 435 142 319 474 57 362 280 270 233 207 139 349 282 213 236 394 173 64 425 219 208 16 157 71 321 151 74 350 75 46 412 482 237 459 24 416 132 242 257 93 85 348 298 269 230 322 478 440 275 80 222 209 47 39 35 461 76 245 313 418 55 387 3 398 4 36 392 2 438 472 63 53 439 149 443 367 265 0 158 188 159 489 40 133 490 363 395 375 7 317 145 162 370 105 254 329 378 229 215 138 381 228 355 25 192 1 113 225 427 307 393 
209
217 106 419 302 272 431 479 121 285 399 62 198 202 361 274 45 179 170 73 131 368 88 384 135 29 390 59 314 102 386 277 256 168 364 191 19 352 90 309 238 323 67 374 345 436 337 17 328 181 306 84 267 491 266 117 193 347 186 492 456 451 422 286 346 311 41 389 421 260 154 287 31 463 485 183 66 397 243 120 279 78 92 333 343 190 125 204 385 300 107 6 160 101 89 480 235 432 487 234 435 142 319 474 57 362 280 270 233 207 139 349 282 213 236 394 173 64 425 219 208 16 157 71 321 151 74 350 75 46 412 482 237 459 24 416 132 242 257 93 85 348 298 269 230 322 478 440 275 80 222 209 47 39 35 461 76 245 313 418 55 387 3 398 4 36 392 2 438 472 63 53 439 149 443 367 265 0 158 188 159 489 40 133 490 363 395 375 7 317 145 162 370 105 254 329 378 229 215 138 381 228 355 25 192 1 113 225 307 393 
208
217 106 419 302 272 431 479 121 285 399 62 198 202 361 274 45 179 170 73 131 368 88 384 135 29 390 59 314 102 386 277 256 168 364 191 19 352 90 309 238 323 67 374 345 436 337 17 328 181 306 84 267 491 266 117 193 347 186 492 456 451 422 286 346 311 41 389 421 260 154 287 31 463 485 183 66 397 243 120 279 78 92 333 343 190 125 204 385 300 107 6 160 101 89 480 235 432 487 234 435 142 319 474 57 362 280 270 233 207 139 349 282 213 236 394 173 64 425 219 208 16 157 71 321 151 74 350 75 46 412 482 237 459 24 416 132 242 257 93 85 348 298 269 230 322 478 440 275 80 222 209 47 39 35 461 76 245 313 418 55 387 3 398 4 36 392 2 438 472 63 53 439 149 443 367 265 0 158 188 489 40 133 490 363 395 375 7 317 145 162 370 105 254 329 378 229 215 138 381 228 355 25 192 1 113 225 307 393 
207
217 106 419 302 272 431 479 121 285 399 62 198 202 361 274 45 179 170 73 131 368 88 384 135 29 390 59 314 102 386 277 256 168 364 191 19 352 90 309 238 323 67 374 345 436 337 17 328 181 306 84 267 491 266 117 193 347 186 492 456 451 422 286 346 311 41 389 421 260 154 287 31 463 485 183 66 397 243 120 279 78 92 333 343 190 125 204 385 300 107 6 160 101 89 480 235 432 487 234 435 142 319 474 57 362 280 270 233 207 139 349 213 236 394 173 64 425 219 208 16 157 71 321 151 74 350 75 46 412 482 237 459 24 416 132 242 257 93 85 348 298 269 230 322 478 440 275 80 222 209 47 39 35 461 76 245 313 418 55 387 3 398 4 36 392 2 438 472 63 53 439 149 443 367 265 0 158 188 489 40 133 490 363 395 375 7 317 145 162 370 105 254 329 378 229 215 138 381 228 355 25 192 1 113 225 307 393 
202
217 106 419 302 272 431 479 121 285 399 62 198 202 361 274 45 179 170 73 131 368 88 384 135 29 59 314 102 386 277 256 168 364 191 19 352 90 309 238 323 67 374 345 436 337 17 328 181 84 267 491 266 117 193 347 186 492 456 451 422 286 346 311 41 389 421 260 154 287 31 463 485 183 66 397 243 120 279 78 92 333 343 190 125 204 385 300 107 6 160 101 89 480 235 432 487 234 435 142 319 474 57 362 280 270 233 207 139 349 213 236 394 173 64 425 219 208 16 157 71 321 151 74 350 75 46 412 482 237 459 24 416 132 242 257 93 348 298 269 322 478 440 275 80 222 209 47 39 35 461 76 245 313 418 55 387 3 398 4 36 392 2 438 472 63 53 439 149 443 367 265 0 158 188 489 40 133 490 363 395 375 317 370 145 162 105 254 329 378 229 215 138 381 228 355 25 192 1 113 225 307 393 
197
217 106 419 302 272 431 479 121 285 399 62 198 202 361 45 179 170 73 131 368 88 384 135 29 59 314 102 386 277 256 168 364 191 19 352 90 309 238 323 67 374 345 436 337 17 328 181 84 267 491 266 117 193 347 186 492 456 451 422 286 346 311 41 389 421 260 31 287 78 463 485 183 66 397 243 120 279 92 333 343 190 125 204 385 300 107 6 160 101 89 480 235 432 487 234 435 142 319 474 57 362 280 233 207 349 213 236 173 64 425 219 208 16 157 71 321 151 74 350 75 46 412 482 237 459 24 416 132 242 257 93 348 298 269 322 478 440 275 80 222 209 270 39 35 461 76 245 313 418 55 387 3 398 4 36 392 2 438 472 63 53 439 149 443 367 265 0 158 188 489 40 133 490 363 395 375 317 370 145 162 105 254 329 378 229 215 138 381 228 355 25 192 1 113 225 307 393 
193
217 106 419 302 272 431 479 121 285 399 62 198 202 361 45 179 170 73 131 368 88 384 135 29 59 314 102 386 277 256 168 364 191 19 352 90 309 238 323 67 374 345 436 337 17 328 181 84 267 491 266 117 193 347 186 492 456 451 422 286 346 311 41 389 421 260 31 287 78 463 485 183 66 397 243 120 279 92 343 190 125 204 385 300 107 6 160 101 480 235 432 487 234 435 142 319 474 57 362 280 233 207 349 213 236 173 64 425 219 208 16 157 71 321 151 74 350 75 46 412 482 237 459 24 416 132 242 257 93 348 298 269 322 478 440 275 80 222 209 270 39 35 461 76 245 313 418 387 3 398 4 36 392 2 438 472 63 53 439 149 443 367 265 158 188 489 40 133 490 363 395 375 317 370 145 162 105 254 329 378 229 215 138 381 228 355 25 192 1 113 225 307 393 
192
217 106 419 302 272 431 479 121 285 399 62 198 202 361 45 179 170 73 131 368 88 384 135 29 59 314 102 386 277 256 168 364 191 19 352 90 309 238 323 67 374 345 436 337 17 328 181 84 267 491 266 117 193 347 186 492 456 451 422 286 346 311 41 389 421 260 31 287 78 463 485 183 66 397 243 120 279 92 343 190 125 204 385 300 107 6 160 101 480 235 432 487 234 435 142 319 474 57 362 280 233 207 349 213 236 173 64 425 219 208 16 157 71 321 151 74 350 75 46 412 482 237 459 24 416 132 242 257 93 348 298 269 322 478 440 275 80 222 209 270 39 35 461 76 245 313 418 387 3 398 4 36 392 2 438 472 63 53 439 149 443 367 265 158 188 489 40 133 490 363 395 375 317 105 145 162 254 329 378 229 215 138 381 228 355 25 192 1 113 225 307 393 
190
217 106 419 302 272 431 479 121 285 399 62 198 202 361 45 179 170 73 131 368 88 384 135 29 59 314 102 386 277 256 168 364 191 19 352 90 309 238 323 67 374 345 436 337 17 328 181 84 267 491 266 117 193 347 186 492 456 451 422 286 346 311 41 389 421 260 31 287 78 463 485 183 66 397 243 120 279 92 343 190 125 204 385 300 107 6 160 101 480 235 432 487 234 435 142 319 474 57 362 280 233 207 349 213 236 173 64 425 219 208 16 157 71 321 151 74 350 75 46 412 482 237 459 24 416 132 242 257 93 348 298 269 322 478 440 275 80 222 209 270 39 35 461 76 245 418 387 3 398 4 36 392 438 472 63 53 439 149 443 367 265 158 188 489 40 133 490 363 395 375 317 105 145 162 254 329 378 229 215 138 381 228 355 25 192 1 113 225 307 393 
187
217 106 419 302 272 431 479 121 285 399 62 198 202 361 45 179 170 73 131 368 88 384 135 29 59 314 102 277 256 168 364 191 19 352 90 309 238 323 67 374 345 436 337 17 328 181 84 267 491 266 117 193 347 186 492 456 451 422 286 346 311 41 389 421 260 31 287 78 463 485 183 66 397 243 120 279 92 343 190 125 204 385 300 107 6 160 101 480 235 432 487 234 435 142 319 474 57 362 280 233 207 349 213 236 173 64 425 219 208 16 157 71 321 151 74 350 75 46 412 482 237 459 24 416 132 242 257 93 348 298 269 322 478 275 80 222 209 270 39 76 461 245 418 387 3 398 4 36 392 438 472 63 53 439 149 443 367 265 158 188 489 40 133 490 363 395 375 317 105 145 162 254 329 378 229 215 138 381 228 355 25 192 1 113 225 307 393 
