11
206
145 105 214 299 431 63 303 187 162 376 444 406 96 70 441 516 268 328 77 540 535 332 221 327 155 49 285 68 235 329 97 398 526 439 534 333 432 200 44 378 120 289 346 132 243 260 436 166 220 324 205 505 347 197 14 16 281 292 474 428 165 527 185 168 266 150 29 515 354 112 125 314 339 385 19 373 501 282 539 433 210 352 480 284 286 434 25 228 523 234 349 171 59 123 69 239 344 395 216 31 264 22 143 247 198 20 345 35 479 323 79 173 91 184 52 399 350 318 118 390 307 294 530 15 5 448 360 468 492 467 517 365 188 204 408 510 242 364 39 104 203 392 217 272 374 256 326 227 371 458 88 1 528 81 519 265 206 126 366 193 151 313 401 128 7 90 94 457 461 170 109 351 391 124 295 8 169 116 341 27 471 379 361 437 407 190 82 438 113 47 98 231 161 358 532 306 298 72 164 494 201 253 493 421 291 87 
206
145 105 214 299 431 63 303 187 162 376 444 406 96 70 441 516 268 328 77 540 535 332 221 327 155 49 285 68 235 329 97 398 526 439 534 333 432 200 44 378 120 289 346 132 243 260 436 166 220 324 205 505 347 197 14 16 281 292 474 428 165 527 185 168 266 150 29 515 354 112 125 314 339 385 19 373 501 282 539 433 210 352 480 284 286 434 25 228 523 234 349 171 59 123 69 239 344 395 216 31 264 22 143 247 198 20 345 35 479 323 79 173 91 184 52 399 350 318 118 390 307 294 530 15 5 448 360 468 492 467 517 365 188 204 408 510 242 364 39 104 203 392 217 272 374 256 326 227 371 458 88 1 528 81 519 265 206 126 366 193 151 313 401 128 7 90 94 457 461 170 109 351 391 124 295 8 169 116 341 27 471 379 361 437 407 190 82 438 113 47 98 231 161 358 532 306 298 72 164 494 201 253 493 421 291 87 
205
145 105 214 299 431 63 303 187 162 376 444 406 96 70 441 516 268 328 77 540 535 332 221 327 155 49 285 68 235 329 97 398 526 439 534 333 432 200 44 378 289 346 132 243 260 436 166 220 324 205 505 347 197 14 16 281 292 474 428 165 527 185 168 266 150 29 515 354 112 125 314 339 385 19 373 501 282 539 433 210 352 480 284 286 434 25 228 523 234 349 171 59 123 69 239 344 395 216 31 264 22 143 247 198 20 345 35 479 323 79 173 91 184 52 399 350 318 118 390 307 294 530 15 5 448 360 468 492 467 517 365 188 204 408 510 242 364 39 104 203 392 217 272 374 256 326 227 371 458 88 1 528 81 519 265 206 126 366 193 151 313 401 128 7 90 94 457 461 170 109 351 391 124 295 8 169 116 341 27 471 379 361 437 407 190 82 438 113 47 98 231 161 358 532 306 298 72 164 494 201 253 493 421 291 87 
205
145 105 214 299 431 63 303 187 162 376 444 406 96 70 441 516 268 328 77 540 535 332 221 327 155 49 285 68 235 329 97 398 526 439 534 333 432 200 44 378 289 346 132 243 260 436 166 220 324 205 505 347 197 14 16 281 292 474 428 165 527 185 168 266 150 29 515 354 112 125 314 339 385 19 373 501 282 539 433 210 352 480 284 286 434 25 228 523 234 349 171 59 123 69 239 344 395 216 31 264 22 143 247 198 20 345 35 479 323 79 173 91 184 52 399 350 318 118 390 307 294 530 15 5 448 360 468 492 467 517 365 188 204 408 510 242 364 39 104 203 392 217 272 374 256 326 227 371 458 88 1 528 81 519 265 206 126 366 193 151 313 401 128 7 90 94 457 461 170 109 351 391 124 295 8 169 116 341 27 471 379 361 437 407 190 82 438 113 47 98 231 161 358 532 306 298 72 164 494 201 253 493 421 291 87 
200
105 214 299 431 63 303 187 162 376 444 406 96 70 516 268 328 77 540 535 332 221 327 155 49 285 68 235 329 97 398 526 439 534 333 432 200 44 378 289 346 132 243 260 436 166 220 324 205 347 197 14 16 281 292 474 428 165 527 185 168 266 150 29 515 354 112 125 314 339 385 19 373 501 282 539 433 210 352 480 284 286 434 25 228 523 234 349 171 59 123 69 239 344 395 216 31 264 22 247 198 20 345 35 479 323 79 173 91 184 52 399 350 318 118 390 307 294 530 15 5 448 360 468 492 467 517 365 188 204 408 510 242 364 39 104 203 392 217 272 374 256 326 227 371 458 88 1 528 81 519 265 206 126 366 193 151 313 401 128 7 90 94 457 461 170 109 351 391 124 295 8 169 116 341 27 471 379 361 437 407 190 82 438 113 98 231 161 358 532 306 298 72 164 494 201 253 493 421 291 87 
198
105 299 431 63 303 187 162 376 444 406 96 70 516 268 328 77 540 535 332 221 327 155 49 285 68 235 329 97 398 526 439 534 333 432 200 44 378 289 346 132 243 260 436 166 220 324 205 347 197 14 16 281 292 474 428 165 527 185 168 266 150 29 515 354 112 125 314 339 385 19 373 501 282 539 433 210 352 480 284 286 434 25 228 523 234 349 171 59 123 69 239 344 395 216 31 264 22 247 198 20 345 35 479 323 79 173 91 184 52 399 350 318 118 390 307 294 530 15 5 448 360 468 492 467 517 365 188 204 408 510 242 364 39 104 203 392 217 272 374 256 326 227 371 458 88 1 528 81 519 265 206 126 366 193 151 313 401 128 7 90 94 457 461 170 109 351 391 124 295 8 116 341 27 471 379 361 437 407 190 82 438 113 98 231 161 358 532 306 298 72 164 494 201 253 493 421 291 87 
196
105 299 431 63 303 187 162 376 444 406 96 70 516 268 328 77 540 535 332 221 327 155 49 285 68 235 329 97 398 526 439 534 333 432 200 44 378 289 346 132 243 260 436 166 220 324 205 347 197 14 16 292 474 428 165 527 168 266 150 29 515 354 112 125 314 339 385 19 373 501 282 539 433 210 352 480 284 286 434 25 228 523 234 349 171 59 123 69 239 344 395 216 31 264 22 247 198 20 345 35 479 323 79 173 91 184 52 399 350 318 118 390 307 294 530 15 5 448 360 468 492 467 517 365 188 204 408 510 242 364 39 104 203 392 217 272 374 256 326 227 371 458 88 1 528 81 519 265 206 126 366 193 151 313 401 128 7 90 94 457 461 170 109 351 391 124 295 8 116 341 27 471 379 361 437 407 190 82 438 113 98 231 161 358 532 306 298 72 164 494 201 253 493 421 291 87 
193
105 299 431 63 303 187 162 376 444 406 96 70 516 268 328 77 540 535 332 221 327 155 49 285 68 235 329 97 398 526 439 534 333 432 200 44 378 289 346 243 260 436 166 220 324 205 347 197 14 16 292 474 428 165 527 168 266 150 29 515 354 112 125 314 339 385 19 373 501 282 539 433 210 352 480 284 286 434 25 228 523 234 349 171 59 123 69 239 344 395 216 31 264 22 247 198 20 345 35 479 323 79 173 91 184 52 399 350 318 118 390 307 294 530 15 5 448 360 492 467 517 365 188 408 242 510 364 39 104 203 392 217 272 374 256 326 227 371 458 88 1 528 81 519 265 206 126 366 193 151 313 401 128 7 90 94 457 461 170 109 351 391 124 295 8 116 341 27 471 379 361 437 407 190 82 438 113 98 231 161 358 532 306 298 72 164 494 201 253 493 421 291 87 
189
105 299 431 63 303 187 162 376 444 406 96 70 516 268 328 77 540 535 332 221 327 155 49 285 68 235 329 97 398 526 439 534 333 432 200 44 378 289 346 243 260 436 166 220 324 205 347 197 14 16 292 474 428 165 168 266 150 29 515 354 112 125 314 339 385 19 373 501 282 539 433 210 352 480 284 286 434 25 228 523 234 349 171 59 123 69 239 344 395 216 31 264 22 247 198 20 345 35 479 323 79 173 91 184 52 399 350 318 118 390 307 294 530 15 5 448 360 492 467 517 365 188 408 242 510 364 39 104 203 392 217 272 374 256 326 227 371 458 88 1 528 81 519 265 206 126 366 193 151 313 401 128 7 90 94 457 461 170 109 351 124 295 8 116 341 471 379 361 437 407 190 82 113 98 231 161 358 532 306 298 72 164 494 201 253 493 421 291 87 
188
105 299 431 63 303 187 162 376 444 406 96 70 516 268 328 77 540 535 332 221 327 155 49 285 68 235 329 97 398 526 439 534 333 432 200 44 378 289 346 243 260 436 166 220 324 205 347 197 14 16 292 474 428 165 168 266 150 29 515 354 125 314 339 385 19 373 501 282 539 433 210 352 480 284 286 434 25 228 523 234 349 171 59 123 69 239 344 395 216 31 264 22 247 198 20 345 35 479 323 79 173 91 184 52 399 350 318 118 390 307 294 530 15 5 448 360 492 467 517 365 188 408 242 510 364 39 104 203 392 217 272 374 256 326 227 371 458 88 1 528 81 519 265 206 126 366 193 151 313 401 128 7 90 94 457 461 170 109 351 124 295 8 116 341 471 379 361 437 407 190 82 113 98 231 161 358 532 306 298 72 164 494 201 253 493 421 291 87 
187
105 299 431 63 303 187 162 376 444 406 96 70 516 268 328 77 540 535 332 221 327 155 49 285 68 235 329 97 398 526 439 534 333 432 200 44 378 289 346 243 260 436 166 220 324 205 347 197 14 16 292 474 165 168 266 150 29 515 354 125 314 339 385 19 373 501 282 539 433 210 352 480 284 286 434 25 228 523 234 349 171 59 123 69 239 344 395 216 31 264 22 247 198 20 345 35 479 323 79 173 91 184 52 399 350 318 118 390 307 294 530 15 5 448 360 492 467 517 365 188 408 242 510 364 39 104 203 392 217 272 374 256 326 227 371 458 88 1 528 81 519 265 206 126 366 193 151 313 401 128 7 90 94 457 461 170 109 351 124 295 8 116 341 471 379 361 437 407 190 82 113 98 231 161 358 532 306 298 72 164 494 201 253 493 421 291 87 
