15
218
358 333 520 447 274 210 296 455 586 546 181 605 580 325 156 261 157 697 352 236 516 170 99 364 301 73 454 432 123 264 621 528 120 154 395 126 582 533 556 710 85 457 591 313 728 629 219 169 262 14 354 761 456 360 208 676 490 707 263 601 568 307 756 753 501 244 585 677 405 382 541 226 152 576 61 227 135 298 390 50 542 190 608 331 581 65 757 442 763 59 653 539 202 43 305 265 434 402 470 480 204 532 353 505 504 466 570 52 668 760 338 464 346 342 371 311 438 650 714 182 138 692 417 693 100 486 484 35 652 214 60 564 700 27 341 229 690 143 515 502 664 744 634 646 285 678 705 718 376 235 56 240 557 347 514 55 289 625 498 3 271 747 414 162 607 23 495 758 595 314 142 615 222 671 201 551 112 513 45 207 482 38 507 257 511 427 105 188 451 58 750 612 269 300 254 662 127 544 111 519 9 443 1 34 701 361 627 465 651 191 44 247 184 284 133 36 234 740 
215
358 333 520 447 274 210 296 455 586 546 181 605 580 325 156 261 157 697 352 236 516 170 99 364 301 73 454 432 123 264 621 528 120 154 395 126 582 533 556 710 85 457 591 313 728 629 219 169 262 14 354 761 456 360 208 676 490 707 263 601 568 307 756 753 501 244 585 677 405 382 541 226 576 61 227 135 298 390 50 542 190 608 331 581 65 757 442 763 59 653 539 202 43 305 265 434 402 470 480 204 532 353 505 504 466 570 52 668 760 338 464 346 342 371 311 650 714 182 138 692 417 693 100 486 484 35 652 214 60 564 700 27 341 229 690 143 515 502 664 744 634 646 285 678 705 718 376 235 56 240 557 347 514 55 289 625 498 3 271 747 414 162 607 23 495 758 595 314 142 615 222 671 201 551 112 513 45 207 482 38 507 257 511 427 105 188 451 58 750 612 269 300 254 662 127 544 111 519 9 443 1 34 701 361 627 465 651 191 44 247 184 284 36 234 740 
213
358 333 520 447 274 210 296 455 586 546 181 605 580 325 156 261 157 697 352 236 516 170 99 364 301 73 454 432 123 264 621 528 120 154 395 126 582 533 710 85 457 591 313 728 629 219 169 262 14 354 761 456 360 208 676 490 707 263 601 568 307 756 753 501 244 585 677 405 382 541 226 576 61 227 135 298 390 50 542 190 608 331 581 65 757 442 763 59 653 539 202 43 305 265 434 402 470 480 204 532 353 505 504 466 570 52 668 760 464 346 342 371 311 650 714 182 138 692 417 693 100 486 484 35 652 214 60 564 700 27 341 229 690 143 515 502 664 744 634 646 285 678 705 718 376 235 56 240 557 347 514 55 289 625 498 3 271 747 414 162 607 23 495 758 595 314 142 615 222 671 201 551 112 513 45 207 482 38 507 257 511 427 105 188 451 58 750 612 269 300 254 662 127 544 111 519 9 443 1 34 701 361 627 465 651 191 44 247 184 284 36 234 740 
212
358 333 520 447 274 210 296 455 586 546 181 605 580 325 156 261 157 697 352 236 516 170 99 364 301 73 454 432 123 264 621 528 120 154 395 126 582 533 710 85 457 591 313 728 629 219 169 262 14 354 761 456 360 208 676 490 707 263 601 568 307 756 753 501 244 585 677 405 382 541 226 576 61 227 135 298 390 50 542 190 608 331 581 65 757 442 763 59 653 539 202 43 305 265 434 402 470 480 204 532 353 505 504 466 570 52 668 760 464 346 342 371 311 650 714 182 138 692 417 693 100 486 484 35 652 214 60 564 700 27 341 229 690 143 515 502 664 744 634 646 285 678 705 718 376 235 56 240 557 347 514 55 289 625 498 3 271 747 414 162 607 23 495 758 595 314 142 615 222 671 201 551 112 513 45 207 482 38 507 257 511 427 105 188 451 58 750 612 269 300 254 662 127 544 111 519 9 443 1 34 701 361 627 465 651 191 44 184 284 36 234 740 
210
358 333 520 447 274 210 296 455 586 546 605 580 325 156 261 157 697 352 236 516 170 99 364 301 73 454 432 123 264 621 528 120 154 395 126 582 533 85 457 591 313 728 629 219 169 262 14 354 761 456 360 208 676 490 707 263 601 568 307 756 753 501 244 585 677 405 382 541 226 576 61 227 135 298 390 50 542 190 608 331 581 65 757 442 763 59 653 539 202 43 305 265 434 402 470 480 204 532 353 505 504 466 570 52 668 760 464 346 342 371 311 650 714 182 138 692 417 693 100 486 484 35 652 214 60 564 700 27 341 229 690 143 515 502 664 744 634 646 285 678 705 718 376 235 56 240 557 347 514 55 289 625 498 3 271 747 414 162 607 23 495 758 595 314 142 615 222 671 201 551 112 513 45 207 482 38 507 257 511 427 105 188 451 58 750 612 269 300 254 662 127 544 111 519 9 443 1 34 701 361 627 465 651 191 44 184 284 36 234 740 
208
358 333 520 447 274 210 296 455 586 546 605 580 325 156 261 157 697 352 236 516 170 99 364 301 73 454 432 123 264 621 528 120 154 395 126 582 533 85 457 591 313 728 629 219 169 262 14 354 761 456 360 208 676 490 707 263 601 568 307 756 753 501 244 585 677 405 382 541 226 576 61 227 135 298 390 50 542 190 608 331 581 65 757 442 763 59 653 539 202 43 305 265 434 402 470 480 204 532 353 505 504 466 570 52 668 760 464 346 342 371 311 650 714 182 138 692 417 693 100 486 484 35 652 214 60 564 700 27 341 229 690 143 515 502 664 744 634 646 285 678 705 718 376 56 240 557 347 514 55 289 625 498 3 271 747 414 162 607 23 495 758 595 314 142 615 222 671 201 551 112 513 45 207 482 38 507 257 511 427 105 188 451 58 750 612 269 300 254 662 127 544 111 519 9 443 1 34 701 361 627 465 651 44 184 284 36 234 740 
205
358 333 520 447 274 210 296 455 586 546 605 580 325 156 261 157 697 352 236 516 170 99 364 301 73 454 432 123 264 621 528 120 154 126 582 533 85 457 591 313 728 629 219 262 14 354 761 456 360 208 676 490 707 263 601 568 307 756 753 501 244 585 677 405 541 226 576 61 227 135 298 390 50 542 190 608 331 581 65 757 442 763 59 653 539 202 43 305 265 434 402 470 480 204 532 353 505 504 466 570 52 668 760 464 346 342 371 311 650 714 182 138 692 417 693 100 486 484 35 652 214 60 564 700 27 341 229 690 143 515 502 664 744 634 646 285 678 705 718 376 56 240 557 347 514 55 289 625 498 3 271 747 414 162 607 23 495 758 595 314 142 615 222 671 201 551 112 513 45 207 482 38 507 257 511 427 105 188 451 58 750 612 269 300 254 662 127 544 111 519 9 443 1 34 701 361 627 465 651 44 184 284 36 234 740 
204
358 333 520 447 274 210 296 455 586 546 605 580 325 156 261 157 697 352 236 516 170 99 364 301 73 454 432 123 264 621 528 120 154 126 582 533 85 457 591 313 728 629 219 262 14 354 761 456 360 208 676 490 707 263 601 568 307 756 753 501 244 585 677 405 541 226 576 61 227 135 298 390 50 542 190 608 331 581 65 757 442 763 59 653 539 202 43 305 265 434 402 470 480 204 532 353 505 504 466 570 52 668 760 464 346 342 371 311 650 714 182 138 692 417 693 100 486 484 35 652 214 60 564 700 27 341 229 690 143 515 502 664 744 634 646 285 678 705 718 376 56 240 557 347 514 55 289 625 498 3 271 414 162 607 23 495 758 595 314 142 615 222 671 201 551 112 513 45 207 482 38 507 257 511 427 105 188 451 58 750 612 269 300 254 662 127 544 111 519 9 443 1 34 701 361 627 465 651 44 184 284 36 234 740 
201
358 333 520 447 274 210 296 455 586 546 605 580 325 156 261 157 697 352 236 516 170 99 364 301 73 454 432 123 264 621 528 120 154 126 582 533 85 457 591 313 728 629 219 262 14 354 761 456 360 208 676 490 707 263 601 568 307 756 753 501 244 585 677 405 541 226 576 61 227 135 298 390 50 542 190 608 331 581 65 757 442 763 59 653 539 202 43 305 265 434 402 470 480 204 532 353 505 504 466 570 52 668 760 464 346 342 371 311 650 182 138 692 417 693 100 486 484 35 652 214 60 564 700 27 341 229 690 143 515 502 664 744 634 646 285 678 705 718 376 56 240 557 347 514 55 289 625 498 3 271 414 162 607 23 495 758 595 314 142 615 222 671 201 551 112 513 45 207 482 38 507 257 511 427 105 188 451 58 750 612 269 300 254 662 127 544 111 519 9 443 1 34 361 627 465 651 44 184 36 234 740 
200
358 333 520 447 274 210 296 455 586 546 605 580 325 156 261 157 697 352 236 516 170 99 364 301 73 454 432 123 264 621 528 120 154 126 582 533 85 457 591 313 728 629 219 262 14 354 761 456 360 208 676 490 707 263 601 568 307 756 753 501 244 585 677 405 541 226 576 61 227 135 298 390 50 542 190 608 331 581 65 757 442 763 59 653 539 202 43 305 265 434 402 470 204 532 353 505 504 466 570 52 668 760 464 346 342 371 311 650 182 138 692 417 693 100 486 484 35 652 214 60 564 700 27 341 229 690 143 515 502 664 744 634 646 285 678 705 718 376 56 240 557 347 514 55 289 625 498 3 271 414 162 607 23 495 758 595 314 142 615 222 671 201 551 112 513 45 207 482 38 507 257 511 427 105 188 451 58 750 612 269 300 254 662 127 544 111 519 9 443 1 34 361 627 465 651 44 184 36 234 740 
195
358 333 520 447 274 210 455 586 546 605 580 325 156 261 157 697 236 516 170 99 364 301 73 454 432 123 264 621 528 120 154 126 582 533 85 457 591 313 728 629 219 262 14 354 761 456 360 208 490 707 263 601 568 307 756 753 501 244 585 677 405 541 226 576 61 227 135 298 390 50 542 190 608 331 581 65 757 442 763 59 653 539 202 43 305 434 402 470 204 532 353 505 504 466 570 52 668 760 464 346 342 371 311 650 182 138 692 417 693 100 484 35 652 214 60 564 700 27 341 229 690 143 515 502 664 744 634 646 285 678 705 718 376 56 240 557 347 514 55 289 625 498 3 271 414 162 607 23 495 758 595 314 142 615 222 671 201 551 112 513 45 207 482 38 507 257 511 427 105 188 451 58 750 612 269 300 254 662 127 544 111 519 9 443 1 34 361 627 465 651 44 184 36 234 740 
191
358 333 520 447 274 210 455 586 546 605 580 325 156 261 157 697 236 516 170 99 364 301 73 454 432 123 264 621 528 120 126 582 533 85 457 591 313 728 629 219 262 354 761 456 360 208 490 707 263 601 568 307 756 753 501 244 585 677 405 541 226 576 61 227 135 390 50 542 190 608 331 581 65 757 442 763 59 653 539 202 43 305 434 402 470 204 532 353 505 504 466 570 52 668 760 464 346 342 371 311 650 182 138 692 417 693 100 484 35 652 214 60 564 700 27 341 229 690 143 515 502 664 744 634 646 285 678 705 718 376 56 240 557 347 514 55 289 625 498 271 414 162 607 23 495 758 595 314 142 615 222 671 201 551 112 513 45 207 482 38 507 257 511 427 105 188 451 58 750 612 269 300 254 662 127 544 111 519 9 443 1 34 361 627 465 651 44 184 36 234 740 
190
358 333 520 447 210 455 586 546 605 580 325 156 261 157 697 236 516 170 99 364 301 73 454 432 123 264 621 528 120 126 582 533 85 457 591 313 728 629 219 262 354 761 456 360 208 490 707 263 601 568 307 756 753 501 244 585 677 405 541 226 576 61 227 135 390 50 542 190 608 331 581 65 757 442 763 59 653 539 202 43 305 434 402 470 204 532 353 505 504 466 570 52 668 760 464 346 342 371 311 650 182 138 692 417 693 100 484 35 652 214 60 564 700 27 341 229 690 143 515 502 664 744 634 646 285 678 705 718 376 56 240 557 347 514 55 289 625 498 271 414 162 607 23 495 758 595 314 142 615 222 671 201 551 112 513 45 207 482 38 507 257 511 427 105 188 451 58 750 612 269 300 254 662 127 544 111 519 9 443 1 34 361 627 465 651 44 184 36 234 740 
187
358 333 520 447 210 455 586 546 605 325 156 261 157 697 236 516 170 99 364 301 73 454 123 264 621 528 120 126 582 533 85 457 591 313 728 629 219 262 354 761 456 360 208 490 707 263 601 568 307 756 753 501 244 585 677 405 541 226 576 61 227 135 390 50 542 190 608 331 581 65 757 442 763 59 653 539 202 43 305 434 402 470 204 532 353 505 504 570 52 668 760 464 346 342 371 311 650 182 138 692 417 693 100 484 35 652 214 60 564 700 27 341 229 690 143 515 502 664 744 634 646 285 678 705 718 376 56 240 557 347 514 55 289 625 498 271 414 162 607 23 495 758 595 314 142 615 222 671 201 551 112 513 45 207 482 38 507 257 511 427 105 188 451 58 750 612 269 300 254 662 127 544 111 519 9 443 1 34 361 627 465 651 44 184 36 234 740 
185
333 520 447 210 455 586 546 605 325 156 261 157 697 236 516 170 99 364 301 73 454 123 264 621 528 120 126 582 533 85 457 591 313 728 629 219 262 354 761 456 360 208 490 707 263 601 568 307 756 753 501 244 585 677 405 541 226 576 61 227 135 390 50 542 190 608 331 581 65 757 442 763 59 539 202 43 305 434 402 470 204 532 353 505 504 570 52 668 760 464 346 342 371 311 650 182 138 692 417 693 100 484 35 652 214 60 564 700 27 341 229 690 143 515 502 664 744 634 646 285 678 705 718 376 56 240 557 347 514 55 289 625 498 271 414 162 607 23 495 758 595 314 142 615 222 671 201 551 112 513 45 207 482 38 507 257 511 427 105 188 451 58 750 612 269 300 254 662 127 544 111 519 9 443 1 34 361 627 465 651 44 184 36 234 740 
