10
287
476 353 1 480 238 55 95 63 152 383 192 265 24 277 26 460 145 13 388 313 46 402 272 290 442 376 57 408 453 462 366 502 56 275 450 41 27 250 511 332 103 287 342 448 234 96 326 47 150 126 410 401 354 121 397 154 188 205 220 507 173 488 116 469 167 407 65 267 472 100 276 73 122 457 25 293 128 70 308 456 473 146 421 446 343 97 159 196 373 124 295 405 252 387 5 33 169 335 164 468 84 364 338 271 312 44 437 118 72 6 296 200 260 503 506 94 365 470 217 431 15 314 138 341 246 42 274 497 83 8 278 360 203 140 327 393 361 156 380 178 322 466 37 288 499 280 270 395 87 240 171 349 306 409 143 315 461 112 318 368 68 355 304 89 155 176 197 208 358 509 412 422 31 400 187 374 382 198 492 12 381 107 346 324 459 54 248 487 174 23 195 436 59 372 206 244 160 35 153 294 367 245 398 285 32 111 392 444 300 430 458 282 193 352 36 123 370 82 494 496 3 98 229 482 333 166 106 513 119 481 40 413 403 199 243 464 344 500 137 133 432 76 237 269 17 127 225 224 108 186 337 259 286 22 177 191 489 162 67 190 251 454 254 201 221 443 391 348 75 311 490 479 175 357 375 351 301 298 316 49 90 241 411 477 378 334 227 
286
476 353 1 480 238 55 95 63 152 383 192 265 24 277 26 460 145 13 388 313 46 402 272 290 442 376 57 408 453 462 366 502 56 275 450 41 27 250 511 332 103 287 342 448 234 96 326 47 150 126 410 401 354 121 397 154 188 205 220 507 173 488 116 469 167 407 65 267 472 100 276 73 122 457 25 293 128 70 308 456 473 146 421 446 343 97 159 196 373 124 295 405 252 387 5 33 169 335 164 468 84 364 338 271 312 44 437 118 72 296 200 260 503 506 94 365 470 217 431 15 314 138 341 246 42 274 497 83 8 278 360 203 140 327 393 361 156 380 178 322 466 37 288 499 280 270 395 87 240 171 349 306 409 143 315 461 112 318 368 68 355 304 89 155 176 197 208 358 509 412 422 31 400 187 374 382 198 492 12 381 107 346 324 459 54 248 487 174 23 195 436 59 372 206 244 160 35 153 294 367 245 398 285 32 111 392 444 300 430 458 282 193 352 36 123 370 82 494 496 3 98 229 482 333 166 106 513 119 481 40 413 403 199 243 464 344 500 137 133 432 76 237 269 17 127 225 224 108 186 337 259 286 22 177 191 489 162 67 190 251 454 254 201 221 443 391 348 75 311 490 479 175 357 375 351 301 298 316 49 90 241 411 477 378 334 227 
283
476 353 1 480 238 55 95 63 152 383 192 265 24 277 26 460 145 13 388 313 46 402 272 290 442 376 57 408 453 462 366 502 56 275 450 41 27 250 511 332 103 287 342 448 234 96 326 47 150 126 410 401 354 121 397 154 188 205 220 507 173 488 116 469 167 407 65 267 472 100 276 73 122 457 25 293 128 70 308 456 473 146 421 446 343 97 159 196 373 124 295 405 252 387 5 33 169 335 164 468 84 338 271 312 44 437 118 72 296 200 260 503 506 94 365 470 217 431 15 314 138 341 42 274 497 83 8 278 360 203 140 327 393 361 156 380 178 322 466 37 288 499 280 270 395 87 240 171 349 306 409 143 315 461 112 318 368 68 355 304 89 155 176 197 208 358 509 412 422 31 400 187 374 382 198 492 12 381 107 346 324 459 54 248 487 174 23 195 436 59 372 206 244 160 35 153 294 367 245 398 285 32 111 392 444 300 430 458 282 193 352 36 123 370 82 494 496 3 98 229 482 333 166 106 513 119 481 40 413 403 199 243 464 344 500 137 133 432 76 237 269 17 127 225 224 108 186 337 259 286 22 177 191 489 162 67 190 251 454 254 201 221 443 391 348 75 311 490 479 175 357 375 351 301 298 316 49 90 241 411 477 378 227 
279
476 353 1 480 238 95 63 383 192 265 24 277 26 460 145 13 388 313 46 402 272 290 442 376 57 408 453 462 366 502 56 275 450 41 27 250 511 332 103 287 342 448 234 96 326 47 150 126 410 401 354 121 397 154 188 205 220 507 173 488 116 469 167 407 65 267 472 100 276 73 457 25 293 128 70 308 456 473 146 421 446 343 97 159 196 373 124 295 405 252 387 5 33 169 335 164 468 84 338 271 312 44 437 118 72 296 260 503 506 94 365 470 217 431 15 314 138 341 42 274 497 83 8 278 360 203 140 327 393 361 156 380 178 322 466 37 288 499 280 270 395 87 240 171 349 306 409 143 315 461 112 318 368 68 355 304 89 155 176 197 208 358 509 412 422 31 400 187 374 382 198 492 12 381 107 346 324 459 54 248 487 174 23 195 436 59 372 206 244 160 35 153 294 367 245 398 285 32 111 392 444 300 430 458 282 193 352 36 123 370 82 494 496 3 98 229 482 333 166 106 513 119 481 40 413 403 199 243 464 344 500 137 133 432 76 237 269 17 127 225 224 108 186 337 259 286 22 177 191 489 162 67 190 251 454 254 201 221 443 391 348 75 311 490 479 175 357 375 351 301 298 316 49 90 241 411 477 378 227 
277
476 353 1 480 238 95 63 383 192 265 24 277 26 460 145 13 388 313 46 402 272 290 442 376 57 408 453 462 366 502 56 275 450 41 27 250 511 332 103 287 342 448 234 96 326 47 150 126 410 401 354 121 397 154 188 205 220 116 173 488 469 167 407 65 267 472 100 276 73 457 25 293 128 70 308 456 473 146 421 446 343 97 159 196 373 124 295 405 252 387 5 33 169 335 164 468 84 338 271 312 44 437 118 72 296 260 503 506 94 365 470 217 431 15 314 138 341 42 274 497 83 8 278 360 203 140 327 393 361 156 380 178 322 466 37 288 499 280 270 395 87 240 171 349 306 409 143 315 461 112 318 368 68 355 304 89 155 176 197 208 358 509 412 422 31 400 187 374 382 198 492 12 381 107 346 324 459 54 248 487 174 23 195 436 59 372 206 244 160 35 153 294 367 245 398 285 32 111 392 444 300 430 458 282 193 352 36 123 370 82 494 496 3 98 229 482 333 166 106 513 119 481 40 413 199 243 464 344 500 137 133 432 76 237 269 17 127 225 224 108 186 337 259 286 22 177 191 489 162 67 190 251 454 254 201 221 443 391 348 75 311 490 479 175 357 375 351 301 298 316 49 90 241 411 477 378 227 
274
476 353 1 480 238 95 63 383 192 265 24 277 26 460 145 13 388 313 46 402 272 290 442 376 57 408 453 462 366 502 56 275 450 41 27 250 511 332 103 287 342 448 234 96 326 47 150 126 410 401 354 121 397 154 188 205 220 116 488 469 167 407 65 267 472 100 276 73 457 25 293 128 70 308 456 473 146 421 446 343 97 159 196 373 124 295 405 252 387 5 33 169 335 164 468 84 338 271 312 44 437 118 72 296 260 503 506 94 365 470 217 431 15 314 138 341 42 274 497 83 8 278 360 203 140 327 393 361 156 380 178 322 466 37 288 499 280 270 395 87 240 171 349 306 409 143 315 461 112 318 368 68 355 304 89 155 176 197 208 358 509 412 422 31 400 187 374 382 198 492 12 381 107 346 324 459 54 248 487 174 195 436 59 372 206 244 160 35 153 294 367 245 398 285 32 111 392 444 300 430 458 282 193 352 36 123 370 82 494 496 3 98 229 482 333 166 513 119 481 40 413 199 243 464 344 500 137 133 432 76 237 269 17 127 225 224 108 186 337 259 286 22 177 191 489 162 67 190 251 454 254 201 221 443 391 348 75 311 490 479 175 357 375 351 301 298 316 49 90 241 411 477 378 227 
272
476 353 1 480 238 95 63 383 192 265 24 277 26 460 145 13 388 313 46 402 272 290 442 376 57 408 453 462 366 502 56 275 450 41 27 250 511 332 103 287 342 326 234 96 47 150 126 410 401 354 121 397 154 188 205 220 116 488 469 167 407 65 267 472 100 276 73 457 25 293 128 70 308 456 473 146 421 446 343 97 159 196 373 124 295 405 252 387 5 33 169 335 164 468 84 338 271 312 44 437 118 72 296 260 503 506 94 365 470 217 431 15 314 138 341 42 274 497 83 8 278 360 203 140 327 393 361 156 380 178 322 466 37 288 499 280 270 395 87 240 171 349 306 409 143 315 461 112 318 368 68 355 304 89 155 176 197 208 358 509 412 422 31 400 187 374 382 198 492 12 381 107 346 324 459 54 248 487 174 195 436 59 372 206 244 160 35 153 294 367 245 398 285 32 111 444 300 430 458 282 193 352 36 123 370 82 494 496 3 98 229 482 333 166 513 119 481 40 413 199 243 464 344 500 137 133 432 76 237 269 17 127 225 224 108 186 337 259 286 22 177 191 489 162 67 190 251 454 254 201 221 443 391 348 75 311 490 479 175 357 375 351 301 298 316 49 90 241 411 477 378 227 
269
476 353 1 480 238 95 63 383 192 265 24 277 26 460 145 13 388 313 46 402 272 290 442 376 57 408 453 462 366 502 56 275 450 41 27 250 511 332 103 287 342 326 234 96 47 150 126 401 354 121 397 154 188 205 220 116 488 469 167 407 65 267 472 100 276 73 457 25 293 128 70 308 456 473 146 421 446 343 97 159 196 373 124 295 405 252 387 5 33 169 335 164 468 84 338 271 312 44 437 118 72 296 260 503 506 94 365 470 217 431 15 314 138 341 42 274 497 83 8 278 360 203 140 327 393 361 156 380 178 322 466 37 288 499 280 270 395 87 240 171 349 306 409 143 315 461 112 318 368 68 355 304 89 155 176 197 208 358 509 412 422 31 400 187 374 382 198 492 12 381 107 346 324 459 54 248 487 174 195 59 372 206 244 160 35 153 294 367 245 398 285 32 444 300 430 458 282 193 352 36 123 370 82 494 496 3 98 229 482 333 166 513 119 481 40 413 199 243 464 344 500 137 133 432 76 237 269 17 127 225 224 108 186 337 259 286 22 177 191 489 162 67 190 251 454 254 201 221 443 391 348 75 311 490 479 175 357 375 351 301 298 316 49 90 241 411 477 378 227 
266
476 353 1 480 238 95 63 383 192 265 24 277 26 460 145 13 388 313 46 402 272 290 442 376 57 408 453 462 366 502 56 275 450 41 27 250 511 332 103 287 342 326 234 96 47 150 126 401 354 121 397 154 188 205 220 116 488 469 167 65 267 472 100 276 73 457 25 293 70 308 456 473 146 421 446 343 97 159 196 373 124 295 405 252 387 5 33 169 335 164 468 84 338 271 312 44 437 118 72 296 260 503 506 94 365 470 217 431 15 314 138 341 42 274 497 83 8 278 360 203 140 327 393 361 156 380 178 322 466 37 288 499 280 270 395 87 240 171 349 306 409 143 315 461 112 318 368 68 355 304 89 155 176 197 208 358 509 412 422 31 400 187 374 382 198 492 12 381 346 324 459 54 248 487 174 195 59 372 206 244 160 35 153 294 367 245 398 285 32 444 300 430 458 282 193 352 36 123 370 82 494 496 3 98 229 482 333 166 513 119 481 40 413 199 243 464 344 500 137 133 432 76 237 269 17 127 225 224 108 186 337 259 286 22 177 191 489 162 67 190 251 454 254 201 221 443 391 348 75 311 490 479 175 357 375 351 301 298 316 49 90 241 411 477 378 227 
263
476 353 1 480 238 95 63 383 192 265 24 277 26 460 145 13 388 313 46 402 272 290 442 376 57 408 453 462 366 502 56 275 450 41 27 250 511 332 103 287 342 326 234 96 47 150 126 401 354 121 397 154 188 205 220 116 488 469 167 65 267 472 100 276 73 457 25 293 70 308 456 473 146 421 446 343 97 159 196 373 124 295 405 252 387 5 33 169 335 164 468 84 338 271 312 44 437 118 72 296 260 503 506 94 365 470 217 431 15 314 138 42 274 497 83 8 278 360 203 140 327 393 361 156 380 178 322 466 37 288 499 280 270 395 87 240 171 349 306 409 143 315 461 112 318 368 68 355 304 89 155 176 197 208 358 509 412 422 31 400 187 374 382 198 492 12 381 346 324 459 54 248 487 174 195 59 372 206 244 160 35 153 294 367 245 398 285 32 444 300 430 458 282 193 352 36 123 370 82 494 496 3 98 229 482 333 166 513 119 481 40 413 199 243 464 344 500 137 133 432 76 237 269 17 127 225 224 108 186 337 259 286 22 177 191 489 162 67 190 251 454 254 201 221 443 391 348 75 311 490 479 175 357 375 351 298 316 49 90 241 411 378 227 
