10
279
141 292 43 22 78 104 272 604 394 477 538 645 475 240 438 155 344 525 365 204 143 465 415 308 569 79 588 412 109 47 46 187 260 267 48 635 197 395 642 28 420 576 510 38 336 433 498 257 228 208 431 73 211 287 19 149 419 16 190 644 426 639 574 357 213 212 319 342 553 355 545 69 174 162 354 179 239 256 434 261 194 556 636 527 85 381 508 259 616 203 36 647 511 637 4 504 489 233 297 17 561 251 399 193 631 648 59 170 646 638 323 51 223 614 106 188 44 41 629 370 298 56 75 360 428 100 299 441 411 568 127 397 368 182 491 247 601 403 413 286 237 134 548 158 71 94 385 273 552 361 565 288 50 81 310 255 514 137 377 630 572 72 87 591 5 55 142 276 159 283 60 40 573 334 282 248 398 222 640 649 53 221 587 634 77 171 544 245 585 520 469 254 461 337 528 483 346 624 340 366 57 220 633 356 14 157 533 542 554 96 432 253 507 116 479 621 263 424 189 26 108 327 9 207 93 175 351 467 596 540 488 429 447 219 557 338 70 529 268 495 609 210 453 80 206 216 650 238 192 172 490 589 549 61 120 265 15 493 458 352 382 455 583 313 58 128 474 460 264 484 444 566 132 218 523 280 200 584 500 
274
141 292 43 22 78 104 604 394 477 538 645 475 240 438 155 344 525 365 204 143 465 415 308 569 79 588 412 109 47 46 187 260 267 635 197 395 642 28 420 576 510 38 336 433 498 257 228 208 431 73 211 287 19 149 419 16 190 644 426 639 574 357 213 212 319 342 553 355 545 69 174 162 354 179 239 256 434 261 194 556 636 527 85 381 508 259 616 203 36 647 511 637 4 504 489 233 297 17 561 251 399 193 631 648 59 170 646 638 323 51 223 614 106 188 44 41 629 370 298 56 75 360 428 100 299 441 411 568 127 397 368 182 491 247 601 403 413 286 237 134 548 158 71 94 273 552 361 565 288 50 81 310 255 514 137 377 630 572 72 87 591 5 276 142 159 283 60 40 573 334 282 248 398 222 640 649 53 221 587 634 77 171 544 245 585 520 469 254 461 337 528 483 346 624 340 366 57 220 633 356 14 157 533 542 554 96 432 253 507 116 479 621 263 424 189 26 108 327 9 207 93 175 351 467 596 540 488 429 447 219 557 338 70 529 268 495 609 210 453 80 206 216 650 238 192 172 490 589 549 61 120 265 15 458 352 382 455 583 313 58 128 474 460 264 484 444 566 132 218 523 280 200 584 500 
271
292 43 22 78 104 604 394 477 538 645 475 240 438 155 344 525 365 204 143 465 415 308 79 588 412 109 47 46 187 260 267 635 197 395 642 28 420 576 510 38 336 433 498 257 228 208 431 73 211 287 19 149 419 16 190 644 426 639 574 357 213 212 319 342 553 355 545 69 174 162 354 179 239 256 434 261 194 556 636 527 85 381 508 259 616 203 36 647 511 637 4 504 489 233 297 17 561 251 399 193 631 648 59 170 646 638 323 51 223 614 106 188 44 41 629 370 298 56 75 360 428 100 299 441 411 568 127 397 368 182 491 247 601 403 413 286 237 134 548 158 71 94 273 552 361 565 288 50 81 310 255 514 137 377 630 572 72 87 591 5 276 159 283 60 40 573 334 282 248 398 222 640 649 53 221 587 634 77 171 544 245 585 520 469 254 461 337 528 483 346 624 340 366 57 220 633 356 14 157 533 542 554 96 432 253 507 116 479 621 263 424 189 26 108 327 9 207 93 175 351 467 596 540 488 429 447 219 557 338 70 529 268 495 609 210 453 80 206 216 650 238 192 172 490 589 549 61 120 265 15 458 352 382 455 583 313 58 128 474 460 264 484 444 566 132 218 523 280 200 584 500 
267
292 43 22 78 104 604 394 477 538 645 475 240 438 155 344 525 365 204 143 465 415 308 79 588 412 109 47 46 187 260 267 197 395 642 28 420 576 510 38 336 433 498 228 208 431 73 211 287 19 149 419 16 190 644 426 639 574 357 213 212 319 342 553 355 545 69 174 162 354 179 239 256 434 261 194 556 636 527 85 381 508 259 616 203 36 647 511 637 4 504 489 233 297 17 561 251 399 193 631 648 59 170 646 638 323 51 223 614 106 188 44 41 629 370 298 56 75 360 428 100 299 441 411 568 127 397 368 182 491 247 601 403 286 237 134 548 158 71 94 273 552 361 565 288 50 81 310 255 514 137 377 630 572 72 87 591 5 276 159 283 60 40 573 334 282 248 398 222 640 649 53 221 587 634 77 171 544 245 520 469 254 461 337 528 483 346 624 340 366 57 220 633 356 14 157 533 542 554 96 432 253 507 116 479 621 263 424 189 26 108 327 9 207 93 175 351 467 596 540 488 429 447 219 557 338 70 529 268 495 609 210 453 80 206 216 650 238 192 172 490 589 549 61 120 265 15 458 352 382 455 583 313 58 128 474 460 264 484 444 566 132 218 523 280 200 584 500 
263
292 43 22 78 104 604 394 477 538 645 475 240 438 155 344 525 365 204 143 465 415 308 79 588 412 109 47 46 187 260 267 197 395 642 28 420 576 510 38 336 433 498 228 208 431 73 211 287 19 149 419 16 190 644 426 639 574 357 213 212 319 342 553 355 545 69 174 162 354 179 239 256 434 261 194 556 636 527 85 381 508 259 616 203 36 647 637 4 504 489 233 297 17 561 251 399 193 631 648 59 170 646 638 323 51 223 614 106 188 44 41 629 370 298 56 75 360 428 100 299 441 411 568 127 397 368 182 491 247 601 403 286 237 134 548 158 71 94 273 552 361 565 288 50 81 310 255 514 137 377 630 72 87 591 5 276 159 283 60 40 573 334 282 248 398 222 640 649 53 221 587 634 77 171 544 245 520 469 254 461 337 528 483 346 624 340 366 57 220 633 356 14 157 533 542 554 96 432 253 507 116 479 621 263 424 189 26 327 9 93 207 175 351 467 596 540 488 429 447 219 557 338 70 529 495 609 210 453 80 206 216 650 238 192 172 490 589 549 61 120 265 15 458 352 382 455 583 313 58 128 474 460 264 484 444 566 132 218 523 280 200 584 500 
260
292 43 22 78 104 604 394 477 538 645 475 240 438 155 344 525 365 204 143 465 415 308 79 588 412 109 47 46 187 260 267 197 395 642 28 420 576 510 38 336 433 498 228 208 431 73 211 287 19 149 419 16 190 644 426 639 574 357 213 212 319 342 553 355 545 69 174 162 354 179 239 256 434 261 556 636 527 85 381 508 259 616 203 36 647 637 4 504 489 233 297 17 561 251 399 193 631 648 59 170 646 638 323 51 223 106 188 44 41 629 370 298 56 75 360 428 100 299 441 411 568 127 397 368 182 491 247 601 403 286 237 134 548 158 71 94 273 552 361 565 288 50 81 310 255 514 137 377 630 72 87 591 5 276 159 283 60 40 573 334 282 248 398 222 640 649 53 221 587 634 77 171 544 245 520 469 254 461 337 528 483 346 624 340 366 57 220 633 356 14 157 533 542 554 96 432 253 507 327 479 621 263 424 189 26 9 93 194 207 175 351 467 596 540 488 429 447 219 557 338 70 529 495 609 210 453 80 216 650 238 192 172 490 589 549 61 120 265 15 458 352 382 455 583 313 58 128 474 460 264 484 444 566 132 218 523 280 200 584 500 
256
292 43 22 78 104 604 394 477 538 645 475 240 438 155 344 525 365 204 143 465 415 308 79 588 412 109 47 46 187 260 267 197 395 642 28 420 576 510 38 336 433 498 228 208 431 73 211 287 19 149 419 16 190 644 426 639 574 357 213 212 319 342 553 355 545 69 174 162 354 179 239 256 434 261 556 636 527 85 381 508 259 616 203 36 647 637 4 504 489 233 297 17 561 251 399 193 631 648 59 170 646 638 323 51 223 106 188 44 41 629 370 298 56 360 428 100 299 441 411 568 127 397 368 182 491 247 601 403 286 237 134 548 158 71 94 273 552 361 565 288 50 81 310 255 514 137 377 630 72 87 591 5 276 159 283 60 40 573 334 282 248 398 222 640 649 53 221 587 634 77 171 544 245 520 469 254 461 337 528 483 346 624 366 57 220 633 356 14 157 533 542 554 96 432 253 507 327 479 621 263 424 189 26 9 93 194 207 175 351 467 596 540 488 429 447 219 557 338 70 529 495 609 210 80 216 650 238 192 172 490 589 549 61 120 265 15 458 352 382 455 583 313 58 128 474 460 264 444 566 132 218 523 280 200 584 500 
253
292 43 22 78 104 604 394 477 538 645 475 240 438 155 344 525 365 204 143 465 415 308 79 588 412 109 47 46 187 260 267 197 395 642 28 420 576 510 38 336 433 498 228 208 431 73 211 287 19 149 419 16 190 644 426 639 574 357 213 212 319 342 553 355 545 69 174 162 354 179 239 256 434 261 556 636 527 85 381 508 259 616 203 36 647 637 4 504 489 233 297 17 561 251 399 193 631 648 59 170 646 638 323 51 223 106 188 44 41 629 370 298 56 360 428 100 299 441 411 568 127 397 368 491 247 601 403 286 237 134 548 158 71 94 273 552 361 565 288 50 81 310 255 514 377 630 72 87 591 5 276 159 283 60 40 573 334 282 248 398 222 640 649 53 221 587 634 77 171 544 245 520 469 254 461 337 528 483 346 624 366 57 220 633 356 14 157 533 542 554 96 432 253 507 327 479 621 263 424 189 26 9 93 194 207 175 467 596 540 488 429 447 219 557 338 70 529 495 609 210 80 216 650 238 192 172 490 589 549 61 120 265 15 458 352 382 455 583 313 58 128 474 460 264 444 566 132 218 523 280 200 584 500 
250
292 43 22 78 104 604 394 477 538 645 475 240 438 155 344 525 365 204 143 465 415 308 79 588 412 109 47 46 187 260 267 197 395 642 28 420 576 510 38 336 433 498 228 208 431 73 211 287 19 149 419 16 190 644 426 639 574 357 213 212 319 342 553 355 545 69 174 162 354 179 239 256 434 261 556 636 527 85 381 508 259 616 203 36 647 637 4 504 489 233 297 17 561 251 399 193 631 648 59 170 646 638 323 51 223 106 188 44 41 629 370 298 56 360 428 100 299 441 411 568 127 397 368 491 247 601 403 286 237 134 548 158 71 94 273 552 361 565 288 50 81 310 255 514 377 630 72 87 591 5 276 159 283 60 40 573 334 282 248 398 222 640 649 53 221 587 634 77 171 544 245 520 254 461 337 528 483 346 624 366 57 220 633 356 14 157 533 542 554 96 432 253 507 327 479 621 263 424 189 26 9 93 194 207 175 467 596 540 447 429 338 219 557 495 70 529 609 210 80 216 650 238 192 172 490 589 549 61 120 265 15 458 352 382 455 583 313 128 474 460 264 444 566 132 218 523 280 200 584 500 
250
292 43 22 78 104 604 394 477 538 645 475 240 438 155 344 525 365 204 143 465 415 308 79 588 412 109 47 46 187 260 267 197 395 642 28 420 576 510 38 336 433 498 228 208 431 73 211 287 19 149 419 16 190 644 426 639 574 357 213 212 319 342 553 355 545 69 174 162 354 179 239 256 434 261 556 636 527 85 381 508 259 616 203 36 647 637 4 504 489 233 297 17 561 251 399 193 631 648 59 170 646 638 323 51 223 106 188 44 41 629 370 298 56 360 428 100 299 441 411 568 127 397 368 491 247 601 403 286 237 134 548 158 71 94 273 552 361 565 288 50 81 310 255 514 377 630 72 87 591 5 276 159 283 60 40 573 334 282 248 398 222 640 649 53 221 587 634 77 171 544 245 520 254 461 337 528 483 346 624 366 57 220 633 356 14 157 533 542 554 96 432 253 507 327 479 621 263 424 189 26 9 93 194 207 175 467 596 540 447 429 338 219 557 495 70 529 609 210 80 216 650 238 192 172 490 589 549 61 120 265 15 458 352 382 455 583 313 128 474 460 264 444 566 132 218 523 280 200 584 500 
