14
167
158 15 41 182 315 218 296 509 204 1 408 198 95 122 37 340 383 176 51 464 290 132 282 489 136 214 439 436 14 401 54 404 322 256 17 24 416 181 7 129 247 392 20 59 278 461 407 467 395 498 411 307 264 386 314 468 499 139 360 471 210 153 173 110 507 374 244 323 248 250 317 106 488 230 44 345 376 359 100 291 319 131 335 52 98 63 281 449 243 273 127 3 168 225 165 65 19 486 352 446 142 231 68 251 235 97 259 239 72 60 297 301 289 5 419 246 184 299 492 466 188 161 300 361 86 128 50 26 440 114 162 269 274 512 403 35 474 437 363 382 144 326 258 390 368 62 88 346 487 171 45 479 271 262 21 79 397 275 379 206 8 426 410 333 238 40 276 
167
158 15 41 182 315 218 296 509 204 1 408 198 95 122 37 340 383 176 51 464 290 132 282 489 136 214 439 436 14 401 54 404 322 256 17 24 416 181 7 129 247 392 20 59 278 461 407 467 395 498 411 307 264 386 314 468 499 139 360 471 210 153 173 110 507 374 244 323 248 250 317 106 488 230 44 345 376 359 100 291 319 131 335 52 98 63 281 449 243 273 127 3 168 225 165 65 19 486 352 446 142 231 68 251 235 97 259 239 72 60 297 301 289 5 419 246 184 299 492 466 188 161 300 361 86 128 50 26 440 114 162 269 274 512 403 35 474 437 363 382 144 326 258 390 368 62 88 346 487 171 45 479 271 262 21 79 397 275 379 206 8 426 410 333 238 40 276 
166
158 15 41 182 315 218 296 509 204 1 408 198 95 122 37 340 383 176 51 464 290 132 282 489 136 214 439 436 14 401 54 404 322 256 17 24 416 181 7 129 247 392 20 59 278 461 407 467 395 498 411 307 264 386 314 468 499 139 360 471 210 153 173 110 507 374 244 323 248 250 317 106 488 230 44 345 376 359 100 291 319 131 335 52 98 63 281 449 243 273 127 3 168 225 165 65 19 486 352 446 142 68 251 235 97 259 239 72 60 297 301 289 5 419 246 184 299 492 466 188 161 300 361 86 128 50 26 440 114 162 269 274 512 403 35 474 437 363 382 144 326 258 390 368 62 88 346 487 171 45 479 271 262 21 79 397 275 379 206 8 426 410 333 238 40 276 
164
158 15 41 182 315 218 296 509 204 1 408 198 95 122 37 340 383 176 51 464 290 132 282 489 136 214 439 436 14 401 54 404 322 256 17 24 416 181 7 129 247 392 20 59 278 461 407 467 395 498 411 307 264 386 314 468 499 139 360 471 210 153 173 110 507 244 323 248 250 106 488 230 44 345 376 359 100 291 319 131 335 52 98 63 281 449 243 273 127 3 168 225 165 65 19 486 352 446 142 68 251 235 97 259 239 72 60 297 301 289 5 419 246 184 299 492 466 188 161 300 361 86 128 50 26 440 114 162 269 274 512 403 35 474 437 363 382 144 326 258 390 368 62 88 346 487 171 45 479 271 262 21 79 397 275 379 206 8 426 410 333 238 40 276 
164
158 15 41 182 315 218 296 509 204 1 408 198 95 122 37 340 383 176 51 464 290 132 282 489 136 214 439 436 14 401 54 404 322 256 17 24 416 181 7 129 247 392 20 59 278 461 407 467 395 498 411 307 264 386 314 468 499 139 360 471 210 153 173 110 507 244 323 248 250 106 488 230 44 345 376 359 100 291 319 131 335 52 98 63 281 449 243 273 127 3 168 225 165 65 19 486 352 446 142 68 251 235 97 259 239 72 60 297 301 289 5 419 246 184 299 492 466 188 161 300 361 86 128 50 26 440 114 162 269 274 512 403 35 474 437 363 382 144 326 258 390 368 62 88 346 487 171 45 479 271 262 21 79 397 275 379 206 8 426 410 333 238 40 276 
163
158 15 41 182 315 218 296 509 204 1 408 198 95 122 37 340 383 176 51 464 290 132 282 489 136 214 439 436 14 401 54 404 322 17 24 416 181 7 129 247 392 20 59 278 461 407 467 395 498 411 307 264 386 314 468 499 139 360 471 210 153 173 110 507 244 323 248 250 106 488 230 44 345 376 359 100 291 319 131 335 52 98 63 281 449 243 273 127 3 168 225 165 65 19 486 352 446 142 68 251 235 97 259 239 72 60 297 301 289 5 419 246 184 299 492 466 188 161 300 361 86 128 50 26 440 114 162 269 274 512 403 35 474 437 363 382 144 326 258 390 368 62 88 346 487 171 45 479 271 262 21 79 397 275 379 206 8 426 410 333 238 40 276 
163
158 15 41 182 315 218 296 509 204 1 408 198 95 122 37 340 383 176 51 464 290 132 282 489 136 214 439 436 14 401 54 404 322 17 24 416 181 7 129 247 392 20 59 278 461 407 467 395 498 411 307 264 386 314 468 499 139 360 471 210 153 173 110 507 244 323 248 250 106 488 230 44 345 376 359 100 291 319 131 335 52 98 63 281 449 243 273 127 3 168 225 165 65 19 486 352 446 142 68 251 235 97 259 239 72 60 297 301 289 5 419 246 184 299 492 466 188 161 300 361 86 128 50 26 440 114 162 269 274 512 403 35 474 437 363 382 144 326 258 390 368 62 88 346 487 171 45 479 271 262 21 79 397 275 379 206 8 426 410 333 238 40 276 
162
158 15 41 182 315 218 296 509 204 1 408 198 95 122 37 340 383 176 51 464 290 132 282 489 136 214 439 436 14 401 54 404 322 17 24 416 181 7 247 392 20 59 278 461 407 467 395 498 411 307 264 386 314 468 499 139 360 471 210 153 173 110 507 244 323 248 250 106 488 230 44 345 376 359 100 291 319 131 335 52 98 63 281 449 243 273 127 3 168 225 165 65 19 486 352 446 142 68 251 235 97 259 239 72 60 297 301 289 5 419 246 184 299 492 466 188 161 300 361 86 128 50 26 440 114 162 269 274 512 403 35 474 437 363 382 144 326 258 390 368 62 88 346 487 171 45 479 271 262 21 79 397 275 379 206 8 426 410 333 238 40 276 
161
158 15 41 182 315 218 296 509 204 1 408 198 95 122 37 340 383 176 51 464 290 132 282 489 136 214 439 436 14 401 54 404 322 17 24 416 181 7 247 392 20 59 278 461 407 467 395 498 411 307 264 386 314 468 499 139 360 471 210 153 173 110 507 244 323 248 250 106 488 230 44 345 376 359 100 291 319 131 335 52 98 63 281 449 243 273 127 3 168 225 165 65 19 486 352 446 142 68 251 235 97 259 239 72 60 297 301 289 5 419 246 184 299 492 466 188 161 300 361 86 128 50 26 440 114 162 269 274 403 35 474 437 363 382 144 326 258 390 368 62 88 346 487 171 45 479 271 262 21 79 397 275 379 206 8 426 410 333 238 40 276 
159
158 15 41 182 315 218 296 509 204 1 408 198 95 122 37 340 176 383 51 464 290 132 282 489 136 214 439 436 401 54 404 322 17 24 416 181 7 247 392 20 59 278 461 407 467 395 498 411 307 264 386 314 468 499 139 360 471 210 153 173 110 507 244 323 248 250 106 488 230 44 345 376 359 100 291 319 131 335 52 98 63 281 449 243 273 127 3 168 225 165 65 19 486 352 446 142 68 251 235 97 259 239 72 60 297 301 289 5 419 246 184 299 492 466 188 161 300 361 86 128 50 26 440 114 162 269 274 403 35 474 437 363 382 326 258 390 368 62 88 346 487 171 45 479 271 262 21 79 397 275 379 206 8 426 410 333 238 40 276 
158
158 15 41 182 315 218 296 509 204 1 408 198 95 122 37 340 176 383 51 464 290 132 282 489 136 214 439 436 401 54 404 322 17 24 416 181 7 247 392 20 59 278 461 407 467 395 498 411 307 386 314 468 499 139 360 471 210 153 173 110 507 244 323 248 250 106 488 230 44 345 376 359 100 291 319 131 335 52 98 63 281 449 243 273 127 3 168 225 165 65 19 486 352 446 142 68 251 235 97 259 239 72 60 297 301 289 5 419 246 184 299 492 466 188 161 300 361 86 128 50 26 440 114 162 269 274 403 35 474 437 363 382 326 258 390 368 62 88 346 487 171 45 479 271 262 21 79 397 275 379 206 8 426 410 333 238 40 276 
158
158 15 41 182 315 218 296 509 204 1 408 198 95 122 37 340 176 383 51 464 290 132 282 489 136 214 439 436 401 54 404 322 17 24 416 181 7 247 392 20 59 278 461 407 467 395 498 411 307 386 314 468 499 139 360 471 210 153 173 110 507 244 323 248 250 106 488 230 44 345 376 359 100 291 319 131 335 52 98 63 281 449 243 273 127 3 168 225 165 65 19 486 352 446 142 68 251 235 97 259 239 72 60 297 301 289 5 419 246 184 299 492 466 188 161 300 361 86 128 50 26 440 114 162 269 274 403 35 474 437 363 382 326 258 390 368 62 88 346 487 171 45 479 271 262 21 79 397 275 379 206 8 426 410 333 238 40 276 
158
158 15 41 182 315 218 296 509 204 1 408 198 95 122 37 340 176 383 51 464 290 132 282 489 136 214 439 436 401 54 404 322 17 24 416 181 7 247 392 20 59 278 461 407 467 395 498 411 307 386 314 468 499 139 360 471 210 153 173 110 507 244 323 248 250 106 488 230 44 345 376 359 100 291 319 131 335 52 98 63 281 449 243 273 127 3 168 225 165 65 19 486 352 446 142 68 251 235 97 259 239 72 60 297 301 289 5 419 246 184 299 492 466 188 161 300 361 86 128 50 26 440 114 162 269 274 403 35 474 437 363 382 326 258 390 368 62 88 346 487 171 45 479 271 262 21 79 397 275 379 206 8 426 410 333 238 40 276 
155
158 15 41 182 315 218 296 509 204 1 408 198 95 122 37 340 176 383 51 464 290 132 282 489 136 214 439 436 401 54 404 322 17 24 416 181 7 247 392 20 59 278 461 407 467 395 498 411 307 386 314 468 499 139 360 471 210 153 173 110 507 244 323 248 250 106 488 230 44 345 376 359 100 291 319 131 335 52 98 63 281 449 243 273 127 3 168 225 165 65 19 486 352 446 142 68 251 235 97 259 239 72 60 297 301 289 5 419 246 184 299 492 466 188 161 300 86 128 50 26 440 114 162 269 274 403 35 474 437 363 382 326 258 390 62 88 346 171 45 479 271 262 21 79 397 275 379 206 8 426 410 333 238 40 276 
