18
272
312 385 297 399 522 129 683 362 404 59 576 467 272 449 328 552 664 357 698 605 44 554 556 253 194 714 35 20 293 610 378 560 284 387 113 727 748 509 549 528 158 598 324 531 257 754 6 180 47 94 8 144 464 341 12 721 207 752 213 287 13 483 652 401 746 143 480 648 124 477 585 673 518 65 193 46 156 389 79 636 680 300 333 360 474 536 100 352 189 459 82 616 55 755 458 199 191 689 7 125 425 499 513 115 68 231 222 163 233 715 654 0 192 690 252 426 647 146 527 225 412 251 488 757 183 374 482 535 28 650 582 339 277 69 87 375 437 347 274 255 403 243 666 161 292 9 442 613 332 381 410 142 182 719 281 430 586 645 179 373 350 693 102 623 686 485 4 51 500 379 185 633 104 386 335 345 679 685 280 17 262 507 101 1 367 205 737 728 308 421 520 599 572 495 80 265 226 569 25 99 584 580 530 314 190 496 209 108 411 91 587 85 547 90 634 54 188 697 217 418 405 288 261 167 63 398 663 96 175 283 730 691 423 264 591 307 198 628 326 382 93 304 670 239 640 712 590 538 687 514 244 688 351 268 649 637 529 559 700 30 181 732 615 361 153 603 301 323 305 505 43 677 
271
312 385 297 399 522 129 683 362 404 59 576 467 272 449 328 552 664 357 698 605 44 554 556 253 194 714 35 20 293 610 378 560 284 387 113 727 748 509 549 528 158 598 324 531 257 754 6 180 47 94 8 144 464 341 12 721 207 752 213 287 13 483 652 401 746 143 480 648 124 477 585 673 518 65 193 46 156 389 79 636 680 300 333 360 474 536 100 352 189 459 82 616 55 755 458 199 191 689 7 125 425 499 513 115 68 231 222 163 233 715 654 0 192 690 252 426 647 146 527 225 412 488 757 183 374 482 535 28 650 582 339 277 69 87 375 437 347 274 255 403 243 666 161 292 9 442 613 332 381 410 142 182 719 281 430 586 645 179 373 350 693 102 623 686 485 4 51 500 379 185 633 104 386 335 345 679 685 280 17 262 507 101 1 367 205 737 728 308 421 520 599 572 495 80 265 226 569 25 99 584 580 530 314 190 496 209 108 411 91 587 85 547 90 634 54 188 697 217 418 405 288 261 167 63 398 663 96 175 283 730 691 423 264 591 307 198 628 326 382 93 304 670 239 640 712 590 538 687 514 244 688 351 268 649 637 529 559 700 181 30 732 615 361 153 603 301 323 305 505 43 677 
268
312 385 297 399 522 129 683 362 404 59 576 467 272 449 328 552 357 698 605 44 554 556 253 194 714 35 20 293 610 378 560 284 387 113 727 748 509 549 528 158 598 324 531 257 754 6 180 47 94 8 144 464 341 12 721 207 752 213 287 13 483 652 401 746 143 480 648 124 477 585 673 518 65 193 46 156 389 79 636 680 300 333 360 474 536 100 352 189 459 82 616 55 755 199 191 689 7 125 425 499 513 115 68 231 222 163 233 715 654 0 192 690 252 426 647 146 527 225 412 488 757 183 374 482 535 28 650 582 339 277 69 87 375 437 347 274 255 403 243 666 161 292 9 442 613 332 381 410 281 182 719 430 458 586 645 179 373 350 693 102 623 686 485 4 51 500 379 185 633 104 386 335 345 679 685 280 17 262 507 101 1 367 205 737 728 308 421 520 599 572 495 80 265 226 569 25 99 584 580 530 314 190 496 209 108 411 91 587 85 547 90 634 54 188 697 217 418 405 288 261 167 63 398 663 96 175 283 730 691 423 264 591 307 198 628 326 382 93 304 670 239 640 712 590 538 687 514 244 688 268 649 637 529 559 700 181 30 732 615 361 153 603 301 323 305 505 43 677 
266
312 385 297 399 522 129 683 362 404 59 576 467 272 449 328 552 357 698 605 44 554 556 253 194 714 20 293 610 378 560 284 387 113 727 748 509 549 528 158 598 324 531 257 754 6 180 47 94 8 144 464 341 12 721 207 752 213 287 13 483 652 401 746 143 480 648 124 477 585 673 518 65 193 46 156 389 79 636 680 300 333 360 474 536 100 352 189 459 82 616 55 755 199 191 689 7 125 425 499 513 115 68 231 222 163 233 715 654 0 192 690 252 426 647 146 527 225 412 488 757 183 374 482 535 28 650 582 339 277 69 87 375 437 347 274 255 403 243 666 161 292 9 442 613 332 381 410 281 182 719 430 458 586 645 179 373 350 693 102 623 686 485 4 51 500 379 185 633 104 386 335 345 679 685 280 17 262 507 101 1 367 205 737 728 308 421 520 599 572 495 80 265 226 569 25 99 584 580 530 314 190 496 209 108 411 91 54 85 547 90 634 188 697 217 418 405 288 261 167 63 398 663 96 175 283 730 691 423 264 591 307 198 628 326 382 93 304 670 239 640 712 590 538 687 514 244 688 268 649 637 529 559 700 181 30 732 615 361 153 603 301 323 305 505 43 677 
264
312 385 297 399 522 129 683 362 404 59 576 272 449 328 552 357 698 605 44 554 556 253 194 714 20 610 378 560 284 387 113 727 748 509 549 528 158 598 324 531 257 754 6 180 47 94 8 144 464 341 12 721 207 752 213 287 13 483 652 401 746 143 480 648 124 477 585 673 518 65 193 46 156 389 79 636 680 300 333 360 474 536 100 352 189 459 82 616 55 755 199 191 689 7 125 425 499 513 115 68 231 222 163 233 715 654 0 192 690 252 426 647 146 527 225 412 488 757 183 374 482 535 28 650 582 339 277 69 87 375 437 347 274 255 403 243 666 161 292 9 442 613 332 381 410 281 182 719 430 458 586 645 179 373 350 693 102 623 686 485 4 51 500 379 185 633 104 386 335 345 679 685 280 17 262 507 101 1 367 205 737 728 308 421 520 599 572 495 80 265 226 569 25 99 584 580 530 314 190 496 209 108 411 91 54 85 547 90 634 188 697 217 418 405 288 261 167 63 398 663 96 175 283 730 691 423 264 591 307 198 628 326 382 93 304 670 239 640 712 590 538 687 514 244 688 268 649 637 529 559 700 181 30 732 615 361 153 603 301 323 305 505 43 677 
263
312 385 297 399 522 129 683 362 404 59 576 272 449 328 552 357 698 605 44 554 556 253 194 714 20 610 378 560 284 387 113 727 748 509 549 528 158 598 324 531 257 754 6 180 47 94 8 144 464 341 12 721 207 752 213 287 13 483 652 401 746 143 480 648 124 477 585 673 518 65 193 46 156 389 79 680 300 333 360 474 536 100 352 189 459 82 616 55 755 199 191 689 7 125 425 499 513 115 68 231 222 163 233 715 654 0 192 690 252 426 647 146 527 225 412 488 757 183 374 482 535 28 650 582 339 277 69 87 375 437 347 274 255 403 243 666 161 292 9 442 613 332 381 410 281 182 719 430 458 586 645 179 373 350 693 102 623 686 485 4 51 500 379 185 633 104 386 335 345 679 685 280 17 262 507 101 1 367 205 737 728 308 421 520 599 572 495 80 265 226 569 25 99 584 580 530 314 190 496 209 108 411 91 54 85 547 90 634 188 697 217 418 405 288 261 167 63 398 663 96 175 283 730 691 423 264 591 307 198 628 326 382 93 304 670 239 640 712 590 538 687 514 244 688 268 649 637 529 559 700 181 30 732 615 361 153 603 301 323 305 505 43 677 
260
312 385 297 399 522 129 683 362 404 59 576 272 449 328 552 357 698 605 44 554 556 253 194 714 20 610 378 560 284 387 113 727 748 509 549 528 158 598 324 531 257 754 6 180 47 94 8 144 464 341 12 721 207 752 213 287 13 483 652 401 746 143 480 648 124 477 585 673 518 65 193 46 156 389 79 680 300 333 360 474 536 189 352 459 82 616 55 755 199 191 689 7 125 425 499 513 115 68 231 222 163 233 715 654 0 192 690 252 426 647 146 527 225 412 488 757 183 374 482 535 28 650 582 277 69 87 375 437 347 274 255 403 243 666 161 292 9 442 613 332 381 410 281 182 719 430 458 586 645 179 373 350 693 102 623 686 485 4 51 500 379 185 633 104 386 335 345 679 685 280 17 262 507 101 1 367 205 737 728 308 421 520 599 572 495 80 265 226 569 25 99 584 580 530 314 190 496 209 108 411 91 54 85 547 90 634 188 697 217 418 405 288 261 167 63 663 96 175 283 730 691 423 264 591 307 198 628 326 382 93 304 670 239 640 712 590 538 687 514 244 688 268 649 637 529 559 700 181 30 732 615 361 153 603 301 323 305 505 43 677 
258
312 385 297 399 522 129 683 362 404 59 576 272 449 328 552 357 698 605 44 554 556 253 194 714 20 610 378 560 284 387 113 727 748 509 549 528 158 598 324 531 257 754 6 180 47 94 8 144 464 341 12 721 207 752 213 287 13 483 652 401 746 143 480 648 124 477 585 673 518 65 193 46 156 389 79 680 300 333 360 189 536 352 459 82 616 55 755 199 191 689 7 125 425 499 513 115 68 231 163 233 715 654 0 192 690 252 426 647 146 527 225 412 488 757 183 374 482 535 28 650 582 277 69 87 375 437 347 274 255 403 243 666 161 292 9 442 613 332 381 410 281 182 719 430 458 586 645 179 373 350 693 102 623 686 485 4 51 500 379 185 633 104 386 335 345 679 685 280 17 262 507 101 1 367 205 737 728 308 421 520 599 572 495 80 265 226 569 25 99 584 580 530 314 190 496 209 108 411 91 54 85 547 90 634 188 697 217 418 405 288 261 167 63 663 96 175 283 730 691 423 264 591 307 198 628 326 382 93 304 670 239 640 712 590 538 687 514 244 688 268 649 637 529 559 700 181 30 732 615 361 153 603 301 323 305 505 43 677 
252
312 385 297 399 522 129 683 362 404 59 576 272 449 328 552 357 698 605 554 556 194 714 20 610 378 560 284 387 113 727 748 509 549 528 158 598 324 531 257 754 6 180 47 94 8 144 464 341 12 721 207 752 213 287 13 483 652 401 746 143 480 648 124 477 585 673 518 65 193 46 156 389 79 333 300 360 189 536 352 459 82 616 55 755 199 191 689 7 125 425 499 513 115 68 231 163 233 715 654 0 192 690 252 426 647 146 527 225 412 488 757 183 374 482 535 28 650 582 277 69 87 375 437 347 274 255 403 243 666 161 292 9 442 613 332 381 410 281 182 719 430 458 586 645 179 373 350 693 102 623 686 4 51 500 379 185 633 104 386 335 345 679 685 507 17 262 101 367 1 205 728 737 308 421 520 599 572 495 80 265 226 569 25 99 584 580 530 314 190 496 209 108 411 91 54 85 547 90 634 188 697 217 418 405 288 261 167 63 663 96 175 283 730 691 423 264 591 307 198 628 326 382 93 304 670 239 640 712 590 538 687 514 244 688 268 649 637 529 559 700 30 615 732 361 153 603 301 323 305 505 43 677 
251
312 385 297 399 522 129 683 362 404 59 576 272 449 328 552 357 698 605 554 556 194 714 20 610 378 560 284 387 113 727 748 509 549 528 158 598 324 531 257 754 6 180 47 94 8 144 464 341 12 721 207 752 213 287 13 483 652 401 746 143 480 648 124 477 585 673 518 65 193 46 156 389 79 333 300 360 189 536 352 459 82 616 55 755 199 191 689 7 125 425 499 513 115 68 231 163 233 715 654 0 192 690 252 426 647 146 527 225 412 488 757 183 374 482 535 28 650 582 277 69 87 375 437 347 274 255 403 243 666 161 292 9 442 613 332 381 410 281 182 719 430 458 586 645 179 373 350 693 102 623 686 4 51 500 379 185 633 104 386 335 345 679 685 507 17 262 101 367 205 728 421 737 308 520 599 572 495 80 265 226 569 25 99 584 580 530 314 190 496 209 108 411 91 54 85 547 90 634 188 697 217 418 405 288 261 167 63 663 96 175 283 730 691 423 264 591 307 198 628 326 382 93 304 670 239 640 712 590 538 687 514 244 688 268 649 637 529 559 700 30 615 732 361 153 603 301 323 305 505 43 677 
246
312 385 297 399 522 129 683 362 404 59 576 272 449 328 552 357 698 605 554 556 194 714 20 610 378 560 284 387 113 727 509 549 528 158 598 324 531 257 754 6 180 47 94 8 144 464 341 12 721 207 752 213 287 13 483 652 401 746 143 480 648 124 477 585 673 518 65 46 156 389 79 333 300 360 189 536 352 459 82 616 55 755 199 191 689 7 125 425 499 513 68 231 163 233 715 654 0 192 690 252 426 647 146 527 225 412 488 757 183 374 482 535 28 650 582 277 69 87 375 437 347 274 255 403 243 666 161 9 442 613 332 381 410 281 182 719 430 458 586 645 179 373 350 693 102 623 686 4 51 500 379 185 633 104 386 335 345 679 685 507 17 262 101 367 205 728 421 737 308 520 599 572 495 80 265 226 569 25 99 584 580 530 314 190 496 209 108 411 91 54 85 547 90 634 188 697 217 418 405 288 261 167 63 663 96 175 283 730 691 423 264 591 198 628 326 382 93 304 670 239 640 712 590 538 687 514 244 688 268 649 637 529 559 700 30 615 732 361 153 603 301 323 305 505 43 677 
245
312 385 297 399 683 129 362 404 59 576 272 449 328 552 357 698 605 554 556 194 714 20 610 378 560 284 387 113 727 509 549 528 158 598 324 531 257 754 6 180 47 94 8 144 464 341 12 721 207 752 213 287 13 483 652 401 746 143 480 648 124 477 585 673 518 65 46 156 389 79 333 300 360 189 536 352 459 82 616 55 755 199 191 689 7 125 425 499 513 68 231 163 233 715 654 0 192 690 252 426 647 146 527 225 412 488 757 183 374 482 535 28 650 582 277 69 87 375 437 347 274 255 403 243 666 161 9 442 613 332 381 410 281 182 719 430 458 586 645 179 373 350 693 102 623 686 4 51 500 379 185 633 104 386 335 345 679 685 507 17 262 101 367 205 728 421 737 308 520 599 572 495 80 265 226 569 25 99 584 580 530 314 190 496 209 108 411 91 54 85 547 90 634 188 697 217 418 405 288 261 167 63 663 96 175 283 730 691 423 264 591 198 628 326 382 93 304 670 239 640 712 590 538 687 514 244 688 268 649 637 529 559 700 30 615 732 361 153 603 301 323 305 505 43 677 
243
312 385 297 399 129 362 404 59 576 272 449 328 357 698 605 554 556 194 714 20 610 378 560 284 387 113 727 509 549 528 158 598 324 531 257 754 6 180 47 94 8 144 464 341 12 721 207 752 213 287 13 483 652 401 746 143 480 648 124 477 585 673 518 65 46 156 389 79 333 300 360 189 536 352 459 82 616 55 755 199 191 689 7 125 425 499 513 68 231 163 233 715 654 0 192 690 252 426 647 146 527 225 412 488 757 183 374 482 535 28 650 582 277 69 87 375 437 347 274 255 403 243 666 161 9 442 613 332 381 410 281 182 719 430 458 586 645 179 373 350 693 102 623 686 4 51 500 379 185 633 104 386 335 345 679 685 552 17 262 101 367 205 728 421 737 308 520 599 572 495 80 265 226 569 25 99 584 580 530 314 190 496 209 108 411 91 54 85 547 90 634 188 697 217 418 405 288 261 167 63 663 96 175 283 730 691 423 264 591 198 628 326 382 93 304 670 239 640 712 590 538 687 514 244 688 268 649 637 529 559 700 30 615 732 361 153 603 301 323 305 505 43 677 
241
312 385 297 399 129 362 404 59 576 272 449 328 357 698 605 554 556 194 714 20 610 378 560 284 387 113 727 509 549 528 158 598 324 531 257 754 6 180 47 94 8 144 464 341 12 721 207 752 213 287 13 483 652 401 746 143 480 648 124 477 585 673 518 65 46 156 389 79 333 300 360 189 536 352 459 82 616 55 755 199 191 689 7 125 425 499 513 68 231 163 233 715 654 0 192 690 252 426 647 146 527 225 412 488 757 183 374 482 535 28 650 582 277 69 87 375 437 347 274 255 403 243 666 161 9 442 613 332 381 410 281 182 719 430 458 586 645 179 373 350 693 102 623 686 4 51 500 379 185 633 104 386 335 345 679 685 552 17 262 101 367 205 728 421 737 308 520 599 572 495 80 265 226 569 25 99 584 530 314 209 190 496 411 108 91 54 85 547 90 634 188 697 217 418 405 288 261 167 63 663 96 175 283 730 691 423 264 591 198 628 326 382 93 304 670 239 640 712 590 538 687 514 244 688 268 649 637 529 559 700 30 615 732 361 153 603 301 305 505 43 677 
237
312 297 399 129 362 404 59 576 272 449 328 357 698 605 554 556 194 714 20 610 378 560 284 387 113 727 509 549 528 158 598 324 531 257 754 6 180 47 94 8 144 464 341 12 721 207 752 213 287 13 483 652 401 746 143 480 648 124 477 585 673 518 65 46 156 389 79 333 300 360 189 536 352 459 82 616 55 755 199 191 689 7 125 425 499 513 68 231 163 233 715 654 0 192 690 252 426 647 146 527 225 412 488 757 183 374 535 28 650 582 277 69 87 375 437 347 274 255 403 243 666 161 9 442 613 332 381 410 281 182 719 430 458 586 645 179 373 350 693 102 623 686 4 51 500 379 185 633 104 386 335 345 679 685 552 17 262 101 367 205 728 421 737 308 520 599 572 495 80 265 226 569 25 99 584 530 314 209 190 496 411 108 91 54 85 547 90 634 188 697 217 418 405 288 261 167 63 663 96 175 283 730 691 423 264 591 198 628 326 382 93 304 670 239 640 712 687 514 244 688 268 649 637 529 559 700 30 615 732 361 153 603 301 305 505 43 677 
234
312 297 399 129 362 404 59 576 272 449 328 357 698 605 554 556 194 714 20 610 378 560 284 387 113 727 509 549 158 598 324 531 257 754 6 180 47 94 8 144 464 341 12 721 207 752 13 287 483 652 401 746 143 480 648 124 477 585 673 518 65 46 156 389 79 333 300 189 536 352 459 82 616 55 755 199 191 689 7 125 425 499 513 68 231 163 233 715 654 0 192 690 252 426 647 146 527 225 412 488 757 183 374 535 28 650 582 277 69 87 375 437 347 274 255 403 243 666 161 9 442 613 332 381 410 281 182 719 430 458 586 645 179 373 350 693 102 623 686 4 51 500 379 185 633 104 386 335 345 679 685 552 17 262 101 367 205 728 421 737 308 520 599 572 495 80 265 226 569 25 99 584 530 314 209 190 496 411 108 91 54 85 547 90 634 188 697 217 418 405 288 261 167 63 663 96 175 283 730 691 423 264 591 198 628 326 382 93 304 670 239 640 712 687 514 244 688 268 649 637 529 559 700 30 615 732 361 153 603 301 305 505 43 677 
232
312 297 399 129 362 404 59 576 272 449 328 357 698 605 554 556 194 714 20 610 378 560 284 387 113 727 509 549 158 598 324 531 257 754 6 180 47 94 8 144 464 341 12 721 207 752 13 287 483 652 401 746 143 648 124 477 585 673 518 65 46 156 389 79 333 300 189 536 352 459 82 616 55 755 199 191 689 7 125 425 499 513 68 231 163 233 715 654 0 192 690 252 426 647 146 527 225 412 488 757 183 374 535 28 650 582 277 69 87 375 437 347 274 255 403 243 666 161 9 442 613 332 381 410 281 182 719 430 458 586 645 179 373 350 693 102 623 686 4 51 500 379 185 633 104 386 335 345 679 685 552 17 262 101 367 205 728 421 737 308 520 599 572 495 80 265 226 569 25 99 584 530 314 209 190 496 411 108 91 54 85 547 90 634 188 697 217 418 405 288 261 167 63 663 96 175 283 730 691 423 264 198 628 326 382 93 304 670 239 640 712 687 514 244 688 268 649 637 529 559 700 30 615 732 361 153 603 301 305 505 43 677 
230
312 297 399 129 362 404 59 576 272 449 328 357 698 605 554 556 194 714 20 610 378 560 284 387 113 727 509 549 158 598 324 531 257 754 6 180 47 94 8 144 464 341 12 721 207 752 13 287 483 652 401 746 143 648 124 477 673 518 65 46 156 389 79 333 300 189 536 352 459 82 616 55 755 199 191 689 7 125 425 499 513 68 163 233 715 654 0 192 690 252 426 647 146 527 225 412 488 757 183 374 535 28 650 582 277 69 87 375 437 347 274 255 403 243 666 161 9 442 613 332 381 410 281 182 719 430 458 586 645 179 373 350 693 102 623 686 4 51 500 379 185 633 104 386 335 345 679 685 552 17 262 101 367 205 728 421 737 308 520 599 572 495 80 265 226 569 25 99 584 530 314 209 190 496 411 108 91 54 85 547 90 634 188 697 217 418 405 288 261 167 63 663 96 175 283 730 691 423 264 198 628 326 382 93 304 670 239 640 712 687 514 244 688 268 649 637 529 559 700 30 615 732 361 153 603 301 305 505 43 677 
