17
173
158 491 9 135 477 252 150 225 431 87 282 234 258 204 24 519 196 386 262 160 99 393 218 306 511 179 172 96 440 502 33 280 116 331 341 162 67 483 515 512 298 391 237 125 411 266 203 55 451 325 214 93 185 153 372 208 319 315 148 14 178 399 240 122 187 68 194 467 163 433 107 13 516 417 59 490 31 335 4 322 514 297 428 410 213 415 345 131 485 141 365 464 50 65 513 371 518 492 100 52 436 134 217 246 80 366 248 468 307 520 105 236 232 496 222 455 508 76 381 419 453 389 181 423 176 317 89 446 498 373 144 302 227 17 63 402 84 200 156 97 442 471 462 507 257 253 313 243 361 197 41 421 287 78 350 311 268 62 15 510 88 328 61 235 495 465 83 364 478 10 159 199 254 
173
158 491 9 135 477 252 150 225 431 87 282 234 258 204 24 519 196 386 262 160 99 393 218 306 511 179 172 96 440 502 33 280 116 331 341 162 67 483 515 512 298 391 237 125 411 266 203 55 451 325 214 93 185 153 372 208 319 315 148 14 178 399 240 122 187 68 194 467 163 433 107 13 516 417 59 490 31 335 4 322 514 297 428 410 213 415 345 131 485 141 365 464 50 65 513 371 518 492 100 52 436 134 217 246 80 366 248 468 307 520 105 236 232 496 222 455 508 76 381 419 453 389 181 423 176 317 89 446 498 373 144 302 227 17 63 402 84 200 156 97 442 471 462 507 257 253 313 243 361 197 41 421 287 78 350 311 268 62 15 510 88 328 61 235 495 465 83 364 478 10 159 199 254 
170
158 491 9 135 477 252 150 225 431 87 282 234 258 204 24 519 196 386 262 160 99 393 218 306 511 179 172 96 440 502 33 280 116 331 341 162 67 483 515 512 298 391 237 125 411 266 203 55 451 325 214 93 185 153 372 208 319 315 148 14 178 399 240 122 187 68 194 467 163 433 107 13 516 417 59 490 31 335 4 322 514 297 428 410 213 415 345 131 485 141 365 464 50 65 513 371 518 492 100 52 436 134 217 246 80 366 248 468 307 520 105 236 232 222 455 508 76 381 419 453 389 181 423 176 317 89 446 498 373 144 302 227 17 63 402 84 200 156 97 442 471 462 507 257 253 313 243 197 41 421 287 78 350 311 268 62 15 510 88 328 61 235 495 465 83 364 478 10 199 254 
169
158 491 9 135 477 252 150 225 431 87 282 234 258 204 24 519 196 386 262 160 99 393 218 306 511 179 172 96 440 502 33 280 116 331 341 162 67 483 515 512 298 391 237 125 411 266 203 55 451 325 214 93 185 153 208 319 315 148 14 178 399 240 122 187 68 194 467 163 433 107 13 516 417 59 490 31 335 4 322 514 297 428 410 213 415 345 131 485 141 365 464 50 65 513 371 518 492 100 52 436 134 217 246 80 366 248 468 307 520 105 236 232 222 455 508 76 381 419 453 389 181 423 176 317 89 446 498 373 144 302 227 17 63 402 84 200 156 97 442 471 462 507 257 253 313 243 197 41 421 287 78 350 311 268 62 15 510 88 328 61 235 495 465 83 364 478 10 199 254 
169
158 491 9 135 477 252 150 225 431 87 282 234 258 204 24 519 196 386 262 160 99 393 218 306 511 179 172 96 440 502 33 280 116 331 341 162 67 483 515 512 298 391 237 125 411 266 203 55 451 325 214 93 185 153 208 319 315 148 14 178 399 240 122 187 68 194 467 163 433 107 13 516 417 59 490 31 335 4 322 514 297 428 410 213 415 345 131 485 141 365 464 50 65 513 371 518 492 100 52 436 134 217 246 80 366 248 468 307 520 105 236 232 222 455 508 76 381 419 453 389 181 423 176 317 89 446 498 373 144 302 227 17 63 402 84 200 156 97 442 471 462 507 257 253 313 243 197 41 421 287 78 350 311 268 62 15 510 88 328 61 235 495 465 83 364 478 10 199 254 
168
158 491 9 135 477 252 150 225 431 87 282 234 258 204 24 519 196 386 262 160 99 393 218 306 511 179 172 96 440 502 33 280 116 331 341 162 67 483 515 512 298 391 237 125 411 266 203 55 451 325 214 93 185 153 208 319 315 148 14 178 399 240 122 187 68 194 467 163 433 107 13 516 417 59 490 31 335 4 322 514 297 428 410 213 415 345 131 485 141 365 464 50 65 513 371 518 492 100 52 436 134 217 246 80 366 248 468 307 520 105 236 232 222 455 508 76 381 419 453 389 181 423 176 317 89 446 498 373 144 302 227 17 63 402 84 200 156 97 442 471 462 507 257 253 313 243 197 41 421 287 78 350 311 268 62 510 88 328 61 235 495 465 83 364 478 10 199 254 
166
158 491 9 135 477 252 150 225 431 87 282 234 258 204 24 519 196 386 262 160 99 393 218 306 511 179 172 96 440 502 33 280 116 331 341 162 67 483 515 512 298 391 237 125 411 266 203 55 451 325 214 93 185 153 208 319 315 148 14 178 399 240 122 187 68 194 467 163 433 107 13 516 417 59 490 31 335 4 322 514 297 428 410 213 415 345 131 485 141 365 464 50 65 513 371 518 492 100 52 436 134 217 246 80 366 248 468 307 520 105 236 232 222 455 508 76 381 419 453 389 423 176 317 89 446 498 373 144 302 227 17 63 402 84 200 156 97 442 471 462 507 257 253 313 243 197 41 421 287 78 350 311 268 62 510 88 328 235 495 465 83 364 478 10 199 254 
165
158 491 9 135 477 252 150 225 431 87 282 234 258 204 24 519 196 386 262 160 99 393 218 306 511 179 172 96 440 502 33 280 116 331 341 162 67 483 515 512 298 391 237 125 411 266 203 55 451 325 214 93 185 153 208 319 315 148 14 178 399 240 122 187 68 194 467 163 433 107 13 516 417 59 490 335 4 322 514 297 428 410 213 415 345 131 485 141 365 464 50 65 513 371 518 492 100 52 436 134 217 246 80 366 248 468 307 520 105 236 232 222 455 508 76 381 419 453 389 423 176 317 89 446 498 373 144 302 227 17 63 402 84 200 156 97 442 471 462 507 257 253 313 243 197 41 421 287 78 350 311 268 62 510 88 328 235 495 465 83 364 478 10 199 254 
165
158 491 9 135 477 252 150 225 431 87 282 234 258 204 24 519 196 386 262 160 99 393 218 306 511 179 172 96 440 502 33 280 116 331 341 162 67 483 515 512 298 391 237 125 411 266 203 55 451 325 214 93 185 153 208 319 315 148 14 178 399 240 122 187 68 194 467 163 433 107 13 516 417 59 490 335 4 322 514 297 428 410 213 415 345 131 485 141 365 464 50 65 513 371 518 492 100 52 436 134 217 246 80 366 248 468 307 520 105 236 232 222 455 508 76 381 419 453 389 423 176 317 89 446 498 373 144 302 227 17 63 402 84 200 156 97 442 471 462 507 257 253 313 243 197 41 421 287 78 350 311 268 62 510 88 328 235 495 465 83 364 478 10 199 254 
163
158 491 9 135 477 252 150 225 431 87 282 234 258 204 24 519 196 386 262 160 99 393 218 306 511 179 172 96 440 502 33 280 116 331 341 162 67 483 515 512 298 391 237 125 411 266 203 55 451 325 214 93 185 153 208 319 315 148 14 178 399 240 122 187 68 194 467 163 433 107 13 516 417 59 490 335 4 322 514 297 410 213 415 345 131 485 141 365 464 50 65 513 371 518 492 100 52 436 134 217 246 80 366 248 468 307 520 105 236 232 222 455 508 76 419 453 389 423 176 317 89 446 498 373 144 302 227 17 63 402 84 200 156 97 442 471 462 507 257 253 313 243 197 41 421 287 78 350 311 268 62 510 88 328 235 495 465 83 364 478 10 199 254 
162
158 491 9 135 477 252 150 225 431 87 282 234 258 204 24 519 196 386 262 160 99 393 218 306 511 179 172 96 440 502 33 280 116 331 341 162 67 483 515 512 298 391 237 125 411 266 203 55 451 325 214 93 185 153 208 319 315 148 14 178 399 240 122 187 68 194 467 163 433 107 13 516 417 59 490 335 4 322 514 297 410 213 415 345 131 485 141 365 464 50 65 513 371 518 492 100 52 436 134 217 246 80 366 248 468 307 520 105 236 232 222 455 508 76 419 453 389 423 176 317 89 446 498 373 144 302 227 17 63 402 84 200 156 97 442 462 507 257 253 313 243 197 41 421 287 78 350 311 268 62 510 88 328 235 495 465 83 364 478 10 199 254 
160
158 491 9 135 477 252 150 225 431 282 234 258 204 24 519 196 386 262 160 99 393 218 306 511 179 172 96 440 502 33 280 116 331 341 162 67 483 515 512 298 391 237 125 411 266 203 55 451 325 214 93 153 208 319 315 148 14 178 399 240 122 187 68 194 467 163 433 107 13 516 417 59 490 335 4 322 514 297 410 213 415 345 131 485 141 365 464 50 65 513 371 518 492 100 52 436 134 217 246 80 366 248 468 307 520 105 236 232 222 455 508 76 419 453 389 423 176 317 89 446 498 373 144 302 227 17 63 402 84 200 156 97 442 462 507 257 253 313 243 197 41 421 287 78 350 311 268 62 510 88 328 235 495 465 83 364 478 10 199 254 
159
158 491 9 150 477 252 225 431 282 234 258 204 24 519 196 386 262 160 99 393 218 306 511 179 172 96 440 502 33 280 116 331 341 162 67 483 515 512 298 391 237 125 411 266 203 55 451 325 214 93 153 208 319 315 148 14 178 399 240 122 187 68 194 467 163 433 107 13 516 417 59 490 335 4 322 514 297 410 213 415 345 131 485 141 365 464 50 65 513 371 518 492 100 52 436 134 217 246 80 366 248 468 307 520 105 236 232 222 455 508 76 419 453 389 423 176 317 89 446 498 373 144 302 227 17 63 402 84 200 156 97 442 462 507 257 253 313 243 197 41 421 287 78 350 311 268 62 510 88 328 235 495 465 83 364 478 10 199 254 
158
158 491 9 150 477 252 225 431 282 234 258 204 24 519 196 386 262 160 99 393 218 306 511 179 172 96 440 502 33 280 116 331 341 162 67 483 515 512 298 391 237 125 411 266 203 55 451 325 214 93 153 208 319 315 148 14 178 399 240 122 187 68 194 467 163 433 107 13 516 417 59 490 335 4 322 514 297 410 213 415 345 131 485 141 365 464 50 65 513 371 518 492 100 52 436 134 217 246 80 366 248 468 307 520 105 236 232 222 455 508 76 419 453 389 176 317 89 446 498 373 144 302 227 17 63 402 84 200 156 97 442 462 507 257 253 313 243 197 41 421 287 78 350 311 268 62 510 88 328 235 495 465 83 364 478 10 199 254 
157
158 491 9 150 477 252 225 431 282 234 258 204 24 519 196 386 262 160 99 393 218 306 511 179 172 96 440 502 33 280 116 331 341 162 67 483 515 512 298 391 237 125 411 266 203 55 451 325 214 93 153 208 319 315 148 14 178 399 240 122 187 68 194 467 433 107 13 516 417 59 490 335 4 322 514 297 410 213 415 345 131 485 141 365 464 50 65 513 371 518 492 100 52 436 134 217 246 80 366 248 468 307 520 105 236 232 222 455 508 76 419 453 389 176 317 89 446 498 373 144 302 227 17 63 402 84 200 156 97 442 462 507 257 253 313 243 197 41 421 287 78 350 311 268 62 510 88 328 235 495 465 83 364 478 10 199 254 
156
158 491 9 150 477 252 225 431 282 234 258 204 24 519 196 386 262 160 99 393 218 306 511 179 172 96 440 502 33 280 116 331 341 162 67 483 515 512 298 391 237 125 411 266 203 55 451 325 214 93 153 208 319 315 148 14 178 399 240 122 187 68 194 467 433 107 13 516 417 59 490 4 322 514 297 410 213 415 345 131 485 141 365 464 50 65 513 371 518 492 100 52 436 134 217 246 80 366 248 468 307 520 105 236 232 222 455 508 76 419 453 389 176 317 89 446 498 373 144 302 227 17 63 402 84 200 156 97 442 462 507 257 253 313 243 197 41 421 287 78 350 311 268 62 510 88 328 235 495 465 83 364 478 10 199 254 
155
158 491 9 150 477 252 225 431 282 234 258 204 24 519 196 386 262 160 99 393 218 306 511 179 172 96 440 502 33 280 116 331 341 162 67 515 512 298 391 237 125 411 266 203 55 451 325 214 93 153 208 319 315 148 14 178 399 240 122 187 68 194 467 433 107 13 516 417 59 490 4 322 514 297 410 213 415 345 131 485 141 365 464 50 65 513 371 518 492 100 52 436 134 217 246 80 366 248 468 307 520 105 236 232 222 455 508 76 419 453 389 176 317 89 446 498 373 144 302 227 17 63 402 84 200 156 97 442 462 507 257 253 313 243 197 41 421 287 78 350 311 268 62 510 88 328 235 495 465 83 364 478 10 199 254 
