10
402
458 369 101 160 11 263 478 234 336 272 215 182 141 50 119 185 178 138 73 140 368 149 297 58 382 29 95 167 161 13 103 97 44 4 432 145 251 83 135 236 90 80 344 53 264 306 31 142 59 325 153 327 214 20 257 166 370 89 244 388 364 60 187 315 98 290 380 289 387 274 421 114 115 26 351 349 490 65 118 150 260 330 233 377 324 360 400 217 396 314 112 216 389 507 188 45 19 155 94 129 5 262 286 221 75 318 124 239 385 51 337 429 21 66 511 159 247 148 99 227 69 211 42 309 341 403 76 366 505 64 52 82 259 113 379 77 283 305 348 220 147 121 279 231 177 485 284 328 195 391 93 136 219 298 392 353 156 312 402 447 27 109 125 285 288 424 373 302 441 128 181 192 310 102 12 201 242 378 474 238 173 347 390 223 55 105 171 79 249 258 253 24 96 460 452 137 246 367 371 350 3 139 222 381 41 37 196 356 361 320 126 405 130 15 46 68 134 38 495 40 527 241 111 443 271 123 169 374 7 376 468 71 194 200 110 504 92 176 358 16 88 30 301 427 357 276 22 54 28 144 229 331 6 8 57 363 404 143 401 346 497 397 359 500 32 519 190 86 413 158 409 206 0 122 212 294 199 254 146 208 481 513 463 157 154 120 9 183 186 269 70 151 34 480 250 164 39 439 398 230 100 506 197 85 48 117 255 174 450 265 1 35 516 386 321 525 165 180 496 106 198 354 393 202 25 107 91 426 87 365 189 81 383 14 326 213 10 133 308 475 355 2 104 296 226 47 23 17 372 342 193 524 191 131 333 375 175 168 319 313 384 162 292 67 116 74 184 18 49 466 33 399 526 273 394 275 84 72 240 412 362 303 503 352 203 464 407 56 517 108 163 209 270 170 204 334 479 520 332 322 299 62 
393
458 369 101 160 11 263 478 234 336 272 215 182 141 50 119 185 178 138 73 140 368 149 297 58 382 29 95 161 13 103 97 44 4 432 145 251 83 135 236 90 80 344 53 264 306 31 142 59 325 153 327 214 20 257 370 89 244 388 364 60 187 315 98 290 380 289 387 421 114 115 26 351 349 490 65 118 150 260 330 233 377 324 360 400 217 396 314 112 216 389 507 188 45 19 155 94 129 5 262 286 221 75 318 124 239 385 51 337 429 21 66 511 159 247 148 99 227 69 42 309 341 403 76 366 505 64 52 82 259 113 379 77 283 305 348 220 147 121 279 231 177 485 328 195 391 93 136 219 298 392 353 156 312 402 447 27 109 125 285 288 424 373 302 441 128 181 192 310 102 12 201 242 378 474 238 173 347 390 223 55 105 171 79 249 258 253 24 96 460 452 137 246 367 371 350 3 139 222 381 41 37 196 356 361 320 126 405 130 15 46 68 38 495 40 527 241 111 443 271 123 169 374 7 376 468 71 194 200 110 504 92 176 358 16 88 30 301 427 357 276 22 54 28 144 229 331 6 8 57 363 404 143 401 346 497 397 359 500 32 519 190 86 413 158 409 206 0 122 212 294 199 254 146 208 481 513 463 157 154 120 9 183 186 269 70 151 34 480 250 164 39 439 398 230 100 506 197 85 48 117 174 450 265 1 35 516 386 321 525 180 165 496 106 198 354 393 202 25 107 91 426 87 365 189 81 383 14 326 213 10 133 308 475 355 2 104 296 226 47 23 17 372 342 193 524 191 131 333 375 175 319 313 384 162 292 67 116 74 184 18 49 466 33 526 273 394 275 84 72 240 412 362 303 503 352 203 464 407 56 517 108 163 209 270 170 204 334 479 520 332 322 299 62 
380
458 369 101 160 11 263 478 234 336 272 215 141 50 119 185 178 138 73 368 149 297 58 382 29 95 161 13 103 97 44 4 432 145 251 83 135 236 90 80 344 53 264 306 31 142 325 153 327 214 20 257 370 89 244 388 364 60 187 315 98 290 380 289 387 421 114 115 26 351 490 65 118 150 260 330 233 377 324 360 400 217 396 314 112 216 389 507 188 45 19 155 94 129 5 262 286 221 75 318 124 239 385 51 337 429 21 66 511 159 247 148 99 227 69 42 341 76 366 505 64 52 82 259 113 77 283 305 348 220 147 121 279 231 177 485 328 195 391 93 136 219 298 392 353 156 312 402 447 27 109 125 285 288 424 373 302 441 128 181 192 310 102 12 201 242 378 474 238 173 347 390 223 55 105 171 79 249 258 253 24 96 460 452 137 246 367 371 350 3 139 222 381 41 37 196 356 361 320 126 405 130 15 46 68 38 495 40 527 241 111 443 271 123 169 374 7 376 468 71 194 200 110 504 92 176 358 16 88 30 301 427 357 276 22 54 28 144 229 6 8 57 363 404 143 401 497 397 359 500 32 519 190 86 413 158 409 206 0 122 212 294 199 254 146 208 481 513 463 157 154 120 9 183 186 269 70 151 34 480 250 164 39 439 398 230 100 506 197 48 85 117 174 450 265 1 35 516 386 321 525 180 165 496 106 393 198 202 25 107 91 426 87 365 189 81 383 14 326 213 10 133 308 475 355 2 104 296 226 47 23 17 342 524 191 131 333 375 175 319 313 384 162 67 116 74 184 18 49 466 33 526 273 394 275 84 72 240 412 362 303 503 352 203 464 407 56 517 108 163 209 270 170 204 334 479 520 332 322 299 62 
371
458 369 101 160 11 263 478 336 272 215 141 50 119 185 178 138 73 368 149 297 58 382 29 95 161 13 103 97 44 4 432 145 251 83 135 236 90 80 344 53 264 306 31 142 325 153 327 214 20 257 370 244 388 364 60 187 315 98 290 380 289 387 421 114 115 26 351 490 65 118 150 260 330 233 377 324 360 400 217 396 314 112 216 389 507 188 45 19 155 94 129 5 262 286 221 75 318 124 239 385 51 337 429 21 66 511 159 247 148 99 227 69 42 341 76 366 505 64 52 82 259 113 77 283 305 348 220 147 121 279 177 485 328 195 391 93 136 219 298 392 353 156 312 402 447 27 109 125 285 288 424 373 302 441 128 181 192 310 102 12 201 242 378 474 238 173 347 390 223 55 105 171 79 249 258 253 24 96 460 452 137 246 367 371 350 3 139 222 381 41 37 196 356 361 320 126 405 130 15 46 68 38 495 527 241 111 443 271 123 169 374 7 376 468 71 194 200 110 504 92 176 358 16 88 30 301 427 357 276 22 54 28 144 229 6 8 57 363 404 143 401 497 397 359 500 32 519 190 86 413 158 409 206 0 122 212 294 199 254 146 208 481 513 463 157 154 120 183 186 269 70 151 34 250 164 39 439 398 100 506 197 48 85 117 174 450 265 1 35 516 386 321 525 180 165 496 106 393 202 25 107 91 426 87 365 189 81 383 14 326 213 10 133 308 475 355 2 104 296 226 47 23 17 342 524 191 131 333 375 175 319 313 384 162 67 116 74 184 18 49 466 33 526 273 394 275 84 72 240 412 362 303 503 352 203 464 407 56 517 108 163 209 270 170 204 334 520 332 322 299 62 
361
458 369 101 160 11 263 478 336 272 215 141 50 119 185 178 138 73 368 149 297 58 382 29 95 161 13 103 97 44 4 432 145 251 83 135 236 90 80 344 53 264 306 31 142 325 153 327 214 20 257 370 244 388 364 60 187 315 98 290 380 289 387 421 114 115 26 351 490 65 118 150 260 330 233 377 324 360 400 217 396 314 112 216 389 507 188 45 19 155 94 129 5 262 286 75 318 124 239 385 337 429 21 66 511 159 247 148 99 227 69 42 341 76 366 505 64 52 82 259 113 77 283 305 348 220 147 121 279 177 485 328 391 93 136 219 298 392 353 156 312 402 447 27 109 125 285 288 424 373 302 441 128 181 192 310 102 12 201 242 378 474 238 173 347 390 223 105 55 171 79 249 258 253 24 96 460 452 137 246 367 371 350 3 139 222 381 41 37 196 356 361 320 126 405 130 15 68 38 495 527 241 111 443 271 123 169 374 7 376 468 71 200 110 504 92 176 16 88 30 301 427 357 276 54 22 28 144 229 6 8 57 363 404 143 401 497 397 359 500 32 519 190 86 413 158 409 206 0 122 212 294 199 254 146 208 481 513 463 157 154 120 183 269 70 151 34 250 164 39 439 398 100 506 197 48 85 117 174 450 265 1 35 516 386 321 525 180 165 496 106 393 202 25 107 91 426 87 365 189 81 14 326 213 10 133 308 475 355 2 104 296 226 47 23 17 342 524 191 131 333 375 175 319 313 384 162 67 116 74 184 18 49 466 33 526 273 394 84 72 240 412 362 303 503 352 203 464 407 56 517 108 163 209 170 204 334 520 332 322 299 62 
348
458 369 101 11 263 336 272 215 141 50 119 185 178 138 73 368 149 297 58 382 29 95 161 13 103 97 44 4 432 145 251 83 135 236 90 80 344 53 264 306 31 142 325 153 327 214 20 370 244 388 364 60 187 315 98 290 380 289 387 421 114 115 26 351 490 65 118 150 260 330 233 377 324 360 400 396 314 112 216 389 507 188 19 155 94 129 5 262 286 75 318 124 239 385 337 429 21 66 511 159 247 148 227 69 42 341 76 366 505 64 52 82 259 113 77 283 305 348 220 147 121 279 177 485 328 93 136 219 298 392 353 156 312 402 447 27 109 125 285 288 424 373 302 441 128 181 192 310 102 12 201 242 378 474 238 173 347 390 223 105 55 171 79 249 258 253 24 460 96 452 137 246 367 371 350 139 222 381 41 37 196 356 361 320 126 130 15 68 38 495 527 241 111 443 271 123 169 374 7 376 468 71 200 110 504 92 176 16 88 30 301 427 357 276 54 22 28 144 229 6 8 57 363 404 143 401 497 397 359 500 32 190 86 413 158 409 206 0 122 212 294 199 254 146 208 481 513 463 157 154 120 183 269 70 151 34 250 164 39 439 398 100 506 48 85 117 174 450 265 1 35 516 386 321 525 180 165 496 106 393 202 25 107 91 426 87 365 189 81 14 326 213 10 133 308 475 355 2 104 296 226 47 23 17 342 524 131 333 375 175 319 313 384 162 67 116 74 184 18 49 466 33 526 273 394 72 240 412 362 303 503 352 203 464 407 56 517 108 163 209 170 204 334 520 332 322 299 62 
335
458 369 101 11 263 336 272 215 141 50 185 178 138 73 368 149 297 58 382 29 95 161 13 103 97 44 4 432 145 251 83 135 236 90 80 344 53 264 306 31 142 325 153 327 214 20 370 244 388 364 60 187 315 98 380 289 387 421 114 115 26 351 490 65 150 260 330 233 377 360 400 396 314 112 216 389 507 188 19 155 94 129 5 262 286 75 318 124 239 385 337 429 21 66 511 159 247 148 227 69 42 341 76 366 505 64 52 82 259 113 77 283 305 348 220 147 121 177 485 328 93 136 219 298 392 353 156 312 402 447 27 109 125 285 288 424 373 302 441 128 181 192 310 102 12 201 242 378 474 238 173 347 390 223 105 55 171 79 249 258 253 24 460 96 452 137 246 367 371 350 139 381 41 37 361 126 130 15 68 38 495 527 241 111 443 271 123 169 374 376 468 71 200 110 504 92 176 16 88 30 301 427 357 276 54 22 28 144 229 6 8 57 363 404 143 401 497 397 359 500 32 190 86 413 158 409 206 0 122 212 294 199 254 146 208 481 513 463 157 154 120 183 269 70 151 34 250 164 39 439 398 100 506 48 85 117 174 450 265 1 35 516 321 525 180 165 496 106 393 202 25 107 91 426 87 365 189 81 14 326 213 10 133 308 475 355 2 104 296 226 47 23 17 342 524 131 333 375 175 319 313 384 162 67 116 74 184 18 49 466 526 273 72 240 412 362 303 503 352 203 464 407 56 517 108 163 209 170 204 334 520 332 322 299 62 
322
458 369 101 11 263 336 272 215 141 50 185 178 138 73 368 149 297 58 382 29 95 161 13 103 97 44 4 432 145 251 83 135 236 90 80 344 53 264 306 31 142 325 153 327 214 20 370 388 364 60 187 315 380 289 387 421 115 26 351 490 65 150 330 233 377 360 400 396 314 112 216 389 507 188 19 155 94 129 5 262 286 75 318 124 239 385 429 21 66 511 159 247 148 227 69 42 341 76 366 505 64 52 82 259 113 77 283 305 348 220 147 121 177 485 328 93 136 219 298 392 353 156 312 402 447 27 109 125 285 288 424 373 302 441 128 181 192 310 102 12 201 242 378 474 238 173 347 223 105 55 171 79 249 258 253 24 460 96 452 137 246 367 371 350 139 381 41 37 361 126 130 15 68 38 495 241 271 443 123 169 374 376 468 71 110 504 92 16 88 30 301 427 357 276 54 22 28 144 229 6 8 57 363 404 143 401 497 397 359 500 32 190 86 413 158 409 206 0 122 212 294 199 254 208 481 513 463 157 154 120 183 269 70 151 34 250 164 39 439 398 100 506 48 85 174 450 265 35 1 516 321 525 180 165 496 106 393 202 25 107 91 426 87 365 189 81 14 326 213 10 133 308 475 355 2 104 296 226 47 23 17 342 524 131 333 375 175 319 313 384 162 67 116 74 184 18 49 466 526 273 72 240 412 362 303 503 352 203 464 407 56 517 108 163 209 170 204 520 332 322 299 62 
313
458 369 101 11 263 336 272 215 141 185 178 138 73 368 149 297 58 382 29 95 161 13 103 97 44 4 432 145 83 135 236 90 80 53 264 306 31 142 153 327 214 20 370 388 364 60 187 315 380 289 387 421 115 26 351 490 65 150 330 233 377 360 400 396 314 112 216 389 507 188 19 155 94 129 5 262 286 75 318 124 239 385 429 21 66 159 247 148 227 69 341 76 366 505 64 52 82 259 113 77 283 305 348 220 147 121 177 299 485 328 93 136 219 298 392 353 156 312 402 447 27 109 125 285 288 424 373 302 441 128 181 192 310 102 12 201 242 378 474 238 173 347 223 105 55 171 79 249 258 253 24 96 460 137 246 367 371 350 139 381 41 37 361 126 130 15 68 38 495 241 271 443 123 169 374 376 468 71 110 504 92 16 88 30 301 427 357 276 54 22 28 144 229 6 8 57 363 404 143 401 497 397 359 500 32 190 86 413 158 409 206 0 122 212 294 199 208 481 513 463 157 154 120 183 269 70 151 34 250 164 439 398 100 506 48 85 174 450 265 1 516 321 525 180 165 496 106 393 202 25 107 91 426 87 365 189 81 14 326 213 10 133 308 475 355 2 104 296 226 47 23 17 342 524 131 333 375 175 319 313 384 162 67 116 74 184 18 49 466 526 273 72 240 412 362 303 503 352 203 464 407 56 517 108 163 209 170 204 520 332 322 251 62 
309
458 369 101 11 263 336 272 215 141 185 178 138 73 149 297 58 382 29 95 161 13 103 97 44 4 432 145 83 135 236 90 80 53 306 31 142 153 327 214 20 370 388 364 60 187 315 380 289 387 421 115 26 351 490 65 150 330 233 377 360 400 396 314 112 216 389 507 188 19 94 129 5 262 286 75 318 124 239 385 429 21 66 159 247 148 227 69 341 76 366 505 64 52 82 259 113 77 283 305 348 220 147 121 177 299 485 328 93 136 219 298 392 353 156 312 402 447 27 109 125 285 288 424 373 302 441 128 181 192 310 102 12 201 242 378 474 238 173 347 223 105 55 171 79 249 258 253 24 96 460 137 246 367 371 350 139 381 41 37 361 126 130 15 68 38 495 241 271 443 123 169 374 376 468 71 110 504 92 16 88 30 301 427 357 276 54 22 28 144 229 6 8 57 363 404 143 401 497 397 359 500 32 190 86 413 158 409 206 0 122 212 294 199 208 481 513 463 157 154 120 183 269 70 151 34 250 164 439 398 100 506 48 85 174 450 265 1 516 321 525 180 165 496 106 393 202 25 107 91 426 87 365 189 81 14 326 213 10 133 308 475 355 2 104 296 226 47 23 17 342 524 131 333 375 175 313 384 162 67 116 74 184 18 49 466 526 273 72 240 412 362 303 503 352 203 464 407 56 517 108 163 209 170 204 520 332 322 251 62 
