12
406
368 134 157 118 424 145 319 300 141 181 28 251 94 230 396 407 235 462 154 176 158 229 482 302 91 236 228 414 62 59 376 76 41 261 52 131 56 3 266 286 406 389 292 247 346 124 19 293 92 471 201 239 408 233 96 285 186 323 177 257 83 138 155 51 422 179 379 68 287 210 454 150 21 310 89 54 363 119 116 160 174 23 220 395 167 77 84 212 387 126 162 25 298 142 185 405 20 209 326 171 57 205 238 294 38 311 307 46 100 194 216 180 191 214 365 125 366 321 108 316 5 358 16 273 305 11 73 263 6 417 328 340 219 105 93 226 411 381 338 74 146 70 95 334 384 2 314 252 190 36 278 34 372 347 355 55 245 107 416 317 256 136 10 123 374 32 318 390 64 301 280 79 221 90 332 81 127 132 206 200 8 48 117 159 352 49 86 192 14 348 188 327 248 382 448 156 24 357 0 360 402 364 313 459 386 113 388 288 272 315 137 61 168 354 329 370 63 453 85 351 12 198 297 218 65 106 274 175 242 112 133 135 489 195 4 169 264 430 282 320 110 139 215 182 312 163 165 30 284 26 255 306 60 147 196 268 148 153 362 413 217 277 71 18 204 178 101 166 35 27 128 121 151 203 291 479 380 75 308 22 149 66 172 432 152 43 97 88 78 254 423 342 304 213 241 279 225 295 253 359 431 120 15 325 356 130 335 324 187 383 222 40 258 420 170 164 476 45 224 104 161 193 483 122 129 42 1 385 67 223 29 425 231 371 456 262 281 299 144 69 114 250 58 140 189 37 240 378 199 98 339 377 111 227 99 202 44 103 39 345 409 373 50 17 333 109 115 344 47 303 270 102 265 9 72 173 246 33 13 143 259 87 184 485 82 80 290 197 392 249 31 260 232 7 444 322 234 53 369 283 207 452 436 244 336 183 
401
368 134 157 118 424 145 319 300 141 181 28 251 94 230 396 407 235 462 154 176 158 229 482 302 91 236 228 414 62 59 376 76 41 261 52 131 56 3 266 286 406 389 292 247 346 124 19 293 92 471 201 239 408 233 96 285 186 323 177 257 83 138 155 51 422 179 379 68 287 210 454 150 21 310 89 54 363 119 116 160 174 23 220 395 167 77 84 212 387 126 162 25 298 142 185 405 20 209 326 171 57 205 238 294 38 311 307 46 100 194 216 180 191 214 365 125 366 321 108 316 5 358 16 273 305 11 73 263 6 417 328 340 219 105 93 226 411 381 338 74 146 70 95 334 384 2 314 252 190 36 278 34 372 347 355 55 245 107 416 317 256 136 10 123 374 32 318 390 64 301 280 79 221 90 81 127 132 206 332 200 8 48 117 159 352 49 86 192 14 348 188 248 382 448 156 24 357 0 360 402 364 313 459 386 113 388 288 272 315 137 61 168 354 329 370 63 453 85 351 12 198 297 218 65 106 274 175 242 112 133 135 489 195 4 169 264 430 282 320 110 139 215 182 312 163 165 30 284 26 255 306 60 147 196 268 148 153 362 413 217 277 71 18 204 178 101 166 35 27 128 121 151 203 291 479 380 75 308 22 149 66 172 432 152 43 97 88 78 423 254 342 304 213 241 279 225 295 253 359 431 120 15 325 356 130 335 324 187 383 40 258 420 170 164 476 45 224 104 161 193 483 122 129 42 1 385 67 223 29 425 231 371 456 262 281 299 144 69 114 250 58 140 189 37 240 378 199 98 339 377 111 227 99 202 44 103 39 345 373 17 333 109 115 344 47 303 270 102 265 9 72 173 246 33 13 143 259 87 184 485 82 80 290 197 392 249 31 232 7 444 322 234 53 369 283 207 452 436 244 336 183 
391
368 134 157 118 424 145 319 300 141 181 28 251 94 230 407 235 462 154 176 158 229 482 302 91 236 228 414 62 59 376 76 41 261 52 131 56 3 266 286 406 389 292 247 346 124 19 293 92 471 201 408 233 96 285 186 323 177 257 83 138 155 51 422 179 379 68 287 210 454 150 21 89 54 363 119 116 160 174 23 220 395 167 77 84 212 126 162 25 298 142 185 405 20 209 326 171 57 205 238 294 38 311 307 46 100 194 216 180 191 214 365 125 366 321 108 316 5 358 16 273 305 11 73 263 6 328 340 219 105 93 226 411 381 338 74 146 70 95 334 384 2 314 252 190 36 278 34 372 347 355 55 245 107 416 317 256 136 10 123 374 32 318 390 64 301 221 90 81 127 132 206 332 200 8 48 117 159 352 49 86 192 14 348 188 248 382 448 156 24 357 0 360 402 364 313 459 386 113 388 288 272 315 137 61 168 354 329 370 63 453 85 351 12 198 297 218 65 106 274 175 242 112 133 135 489 195 4 169 264 430 282 320 110 139 215 182 312 163 165 30 284 26 255 306 60 147 196 268 148 153 362 413 217 277 71 18 204 178 101 166 35 27 128 121 151 203 291 479 380 75 308 22 149 66 172 432 152 43 97 88 78 423 254 342 304 213 241 279 225 295 253 359 431 120 15 325 356 130 335 324 187 383 40 258 420 170 164 476 45 104 161 193 483 122 129 42 1 385 67 223 29 425 231 371 456 262 281 299 69 114 250 58 140 189 37 240 378 199 98 339 377 111 227 99 202 44 103 39 345 373 17 333 109 115 344 47 303 270 102 265 9 72 173 246 33 13 143 259 87 184 82 80 290 197 392 249 31 232 7 444 322 234 53 369 283 207 452 436 244 336 183 
385
368 134 157 118 424 145 319 300 141 181 28 251 94 230 407 235 462 154 176 158 229 482 302 91 236 228 414 62 59 376 76 41 261 52 131 56 3 266 286 406 389 292 247 346 124 19 293 92 471 201 408 233 96 285 186 323 177 257 83 138 155 51 422 179 379 68 287 210 454 150 21 89 54 363 119 116 160 174 23 220 395 167 77 84 212 126 162 25 298 142 185 405 20 209 326 171 57 205 238 38 311 307 100 46 194 216 180 191 214 365 125 366 321 108 316 5 358 16 305 11 73 263 6 328 340 219 105 93 226 411 381 338 74 146 70 95 334 384 2 314 252 190 36 278 34 372 347 355 55 245 107 416 317 256 136 10 123 374 32 318 390 64 301 221 90 81 127 132 206 332 200 8 48 117 159 352 49 86 192 14 348 188 248 382 448 156 24 357 0 402 364 313 459 386 113 388 288 272 315 137 61 168 354 329 370 63 453 85 351 12 198 297 218 65 106 274 175 242 112 133 135 195 4 169 264 430 282 320 110 139 215 182 312 163 165 30 284 26 255 306 60 147 196 268 148 153 362 413 277 71 18 204 178 101 166 35 27 128 121 151 203 291 479 380 75 308 22 149 66 172 432 152 43 97 88 78 423 254 342 304 213 241 279 295 253 359 431 120 15 325 356 130 335 324 187 383 40 258 420 170 164 476 45 104 161 193 483 122 129 42 1 385 67 223 29 425 231 371 456 262 281 299 69 114 250 58 140 189 37 240 378 199 98 339 377 111 227 99 202 44 103 39 345 373 17 333 109 115 344 47 303 270 102 265 9 72 173 246 33 13 143 259 87 184 82 80 290 197 392 249 31 232 7 444 322 234 53 369 283 207 452 436 244 336 183 
381
368 134 157 118 424 145 319 300 141 181 28 251 94 230 407 235 462 154 176 158 229 482 302 91 236 228 414 62 59 376 76 41 261 52 131 56 3 266 286 406 389 292 247 346 124 19 293 92 471 201 408 233 96 285 186 323 177 257 83 138 155 51 422 179 379 68 287 210 454 150 21 89 54 363 119 116 160 174 23 220 395 167 77 84 212 126 162 25 298 142 185 405 20 209 326 171 57 205 238 38 311 307 100 46 194 216 180 191 214 365 125 366 321 108 316 5 358 16 305 11 73 263 6 328 340 219 105 93 226 411 381 338 74 146 70 95 334 384 2 314 252 190 36 278 34 372 347 355 55 245 107 416 317 256 136 10 123 374 32 318 390 64 221 90 81 127 132 206 332 200 8 48 117 159 352 49 86 192 14 348 188 248 382 448 156 24 357 0 402 364 313 459 386 113 388 288 272 315 137 61 168 354 329 370 63 453 85 351 12 198 297 218 65 106 274 175 242 112 133 135 195 4 169 264 430 282 320 110 139 215 182 312 163 165 30 284 26 255 306 60 147 196 268 148 153 362 413 277 71 18 204 178 101 166 35 27 128 121 151 203 291 479 380 75 22 149 66 172 432 152 43 97 88 78 423 254 342 304 213 241 279 295 253 359 431 120 15 325 356 130 324 187 383 40 258 420 170 164 476 45 104 161 193 483 122 129 42 1 385 67 223 29 425 231 371 456 262 281 299 69 114 250 58 140 189 37 240 378 199 98 339 377 111 227 99 202 44 103 39 345 373 17 333 109 115 344 47 303 270 102 265 9 72 173 246 33 13 143 259 87 184 82 80 290 197 392 249 31 232 7 444 322 234 53 369 207 452 436 244 336 183 
371
368 134 157 118 424 145 319 300 141 181 28 94 230 407 235 462 154 176 158 229 482 302 91 236 228 414 62 59 376 76 41 261 52 131 56 3 266 286 406 389 292 247 346 124 19 293 92 471 201 408 233 96 285 186 177 257 83 138 155 422 179 379 68 287 210 454 150 21 89 363 119 116 160 174 23 220 395 167 77 84 212 126 162 25 298 142 185 405 20 209 326 171 57 205 238 38 311 307 100 46 194 216 180 191 214 365 125 366 321 108 316 5 358 16 305 73 263 6 328 340 219 105 93 226 411 381 338 74 146 70 95 334 384 2 314 252 190 36 278 34 372 347 355 55 245 107 416 317 256 136 10 123 374 32 318 390 64 221 90 81 127 206 332 200 8 48 117 159 352 49 86 192 14 348 188 382 248 448 156 24 0 402 364 313 459 386 113 388 288 272 315 137 61 354 329 370 63 453 85 351 12 198 297 218 65 106 274 175 242 112 133 135 195 4 169 264 430 282 320 110 139 215 182 312 163 165 30 284 26 255 306 60 147 196 268 148 153 362 413 277 71 18 204 178 101 166 35 27 128 121 151 203 291 479 380 75 22 149 66 172 432 152 43 97 88 78 423 342 304 213 241 279 295 253 359 431 120 15 325 356 130 324 187 383 40 258 420 170 164 476 45 104 161 193 483 122 129 42 1 385 67 223 29 425 231 371 456 262 281 299 69 114 250 58 140 189 37 240 378 199 98 339 377 111 227 99 202 44 103 39 345 373 17 109 115 344 47 303 270 102 265 9 72 173 246 33 13 143 259 87 184 82 80 290 197 392 249 31 232 7 444 322 234 53 369 207 452 436 244 336 183 
359
368 134 157 118 424 145 319 300 141 181 28 94 230 407 235 462 154 176 158 229 482 302 91 228 414 62 59 376 76 41 52 131 56 3 266 286 406 389 292 247 346 124 19 293 92 471 201 408 233 96 285 186 177 257 83 138 155 422 179 379 68 287 210 454 150 21 89 363 119 116 160 174 23 220 395 77 84 212 126 162 25 298 142 405 185 20 209 326 171 57 205 238 38 307 100 46 194 216 180 191 214 365 125 366 321 108 316 5 358 16 305 73 263 6 328 340 219 105 93 226 411 381 338 74 146 70 95 334 384 314 252 190 278 34 372 355 55 245 107 416 317 256 10 123 374 32 318 390 64 221 90 81 127 206 332 200 8 48 117 159 352 49 86 192 14 348 188 382 248 448 156 24 0 402 364 313 459 386 113 388 288 272 315 137 61 354 329 370 63 85 351 12 198 297 218 65 106 274 175 242 112 133 135 195 4 264 430 282 320 110 139 215 182 312 163 165 30 284 26 255 306 60 147 196 268 148 153 362 413 277 71 18 204 178 101 35 27 128 121 151 203 291 479 380 75 22 149 66 172 432 152 43 97 88 78 423 342 304 213 241 279 295 253 359 431 120 15 325 356 130 324 187 383 40 258 420 170 164 476 45 104 161 193 483 122 129 42 1 385 67 223 29 425 231 371 456 262 281 299 69 114 250 58 140 189 37 240 378 199 98 339 377 111 227 99 202 44 103 39 345 17 109 115 344 47 303 270 102 265 9 72 173 246 33 13 143 259 87 184 82 80 290 197 392 249 31 232 7 444 322 234 53 369 207 452 436 244 336 183 
347
368 134 157 118 424 145 319 300 141 181 28 94 230 407 235 462 154 176 229 482 302 91 228 414 62 59 376 76 41 52 131 56 3 266 286 406 389 292 247 346 124 19 293 92 471 201 408 233 96 285 186 177 257 83 138 155 422 179 379 68 287 210 454 150 21 89 363 119 116 160 23 220 395 77 84 212 126 162 25 298 142 405 185 20 209 326 171 57 205 238 38 307 100 46 194 216 180 191 214 365 125 366 321 108 316 5 358 16 305 73 263 6 328 219 105 93 226 411 381 338 74 146 70 95 334 384 314 252 190 278 34 355 55 245 107 416 317 256 10 123 374 32 318 390 64 221 90 81 127 206 332 200 8 48 117 159 352 49 86 192 14 348 188 382 248 156 24 0 402 364 313 459 386 113 388 288 272 315 137 61 354 329 370 63 85 351 12 198 297 218 65 106 274 175 242 112 133 135 195 4 264 430 282 320 110 139 215 182 312 163 165 284 26 255 306 60 147 196 268 148 153 362 413 277 71 18 204 178 101 35 27 128 121 151 203 291 479 380 75 22 149 66 172 432 152 43 97 88 78 423 342 304 213 241 279 295 253 359 431 120 15 325 356 130 324 187 383 40 258 420 170 164 476 104 161 193 483 122 129 42 1 385 223 29 425 231 371 456 262 281 299 69 114 250 58 140 189 37 240 378 199 98 339 377 111 227 202 44 103 39 345 17 109 344 47 303 102 265 9 72 173 246 33 13 143 259 87 184 82 80 290 197 249 31 232 7 444 322 234 53 369 207 452 436 244 336 183 
339
368 134 157 118 424 145 319 300 141 181 94 230 407 235 462 154 176 229 482 302 91 228 414 62 59 376 76 41 52 131 56 3 266 286 406 389 292 247 346 124 19 293 92 471 201 408 233 96 285 186 177 257 83 138 155 422 179 379 68 287 454 150 21 89 363 119 116 160 23 220 395 77 84 212 126 162 25 298 142 405 185 20 209 326 171 57 205 238 38 307 100 46 194 216 180 191 214 365 125 366 108 5 358 16 305 73 263 6 328 219 105 93 226 411 381 338 74 146 70 95 334 384 314 252 190 278 34 355 55 245 107 416 317 256 10 123 374 32 318 390 64 221 90 81 127 206 332 200 8 48 117 159 352 49 86 14 348 188 382 248 156 24 0 402 364 313 459 386 113 388 288 272 315 137 61 354 329 370 63 85 351 12 198 297 218 65 106 274 242 112 133 135 195 4 264 430 282 320 110 139 215 182 312 163 165 284 26 255 306 60 147 196 268 148 153 362 413 277 71 18 204 178 101 35 27 128 121 151 203 291 479 380 75 22 149 66 172 432 152 43 97 88 78 423 342 304 213 241 279 295 253 359 431 120 15 325 356 130 324 187 383 40 258 420 170 164 476 104 161 193 483 122 129 42 1 385 223 29 425 231 371 456 262 281 299 69 114 250 58 140 189 37 240 378 98 339 377 111 227 202 44 103 39 345 17 109 344 47 303 102 265 9 72 173 246 33 13 143 259 87 184 82 80 290 197 249 31 232 7 444 322 234 53 369 452 436 244 336 183 
331
368 134 157 118 424 145 319 300 141 181 94 230 407 235 462 154 176 229 482 302 91 228 414 62 59 376 76 41 52 131 56 3 266 286 406 389 292 247 346 124 19 293 92 471 201 408 233 96 285 186 177 257 83 138 155 422 179 379 68 454 150 21 89 363 119 116 160 23 220 77 84 212 126 162 25 298 142 405 185 20 209 326 171 57 205 238 38 307 100 46 194 216 180 191 214 365 125 366 108 5 358 16 305 73 263 6 328 219 105 93 226 411 381 338 74 146 70 95 334 384 314 252 190 278 34 355 55 107 416 317 256 10 123 374 32 318 390 64 221 90 81 127 206 332 200 8 48 117 159 352 49 86 14 348 188 382 156 24 0 402 364 313 459 386 113 388 288 272 315 137 61 354 329 63 85 351 12 198 297 218 65 106 274 242 112 133 135 195 4 264 430 282 320 110 139 215 182 312 163 165 284 26 255 306 60 147 196 268 148 153 362 413 277 71 18 178 101 35 27 128 121 151 203 291 479 380 75 22 149 66 172 432 152 43 97 88 78 423 342 304 213 241 279 295 253 359 431 120 15 325 356 130 324 187 383 40 258 420 170 164 476 104 161 193 483 122 129 42 1 385 223 29 425 231 371 262 281 114 69 250 58 140 189 37 240 378 98 339 377 111 227 202 44 103 39 345 17 109 344 47 303 102 265 9 72 173 246 33 13 143 259 87 184 82 80 290 197 249 31 232 7 444 322 234 53 369 452 436 244 336 183 
319
368 134 157 118 424 145 319 300 141 181 94 230 407 235 462 154 176 229 482 302 91 228 414 62 59 376 76 41 52 131 56 3 266 286 406 389 292 247 346 124 19 293 92 471 201 408 233 96 285 186 177 257 83 138 155 422 179 379 68 454 150 21 89 363 119 116 160 23 220 77 84 212 126 162 25 298 142 405 185 20 209 326 171 57 205 238 38 307 100 46 194 216 180 191 214 365 125 366 108 5 358 16 305 73 263 6 328 219 105 93 226 411 381 338 74 146 70 95 334 314 252 190 278 34 355 55 107 416 317 10 123 374 32 318 390 64 221 81 127 206 332 200 8 48 117 159 352 14 348 188 382 156 24 0 364 313 459 386 113 288 272 315 137 61 354 329 63 85 351 12 198 297 218 65 106 274 242 112 133 135 195 4 264 430 282 320 110 139 215 182 312 163 165 284 26 255 306 60 147 196 268 148 153 362 413 277 71 18 178 101 35 27 128 121 151 203 291 479 380 75 22 149 66 172 432 43 97 88 78 423 342 304 213 241 279 295 253 359 120 15 325 356 130 324 187 383 40 258 420 170 104 161 193 483 122 129 42 1 385 223 29 425 231 371 262 281 114 69 250 58 140 189 37 240 378 98 339 377 111 227 202 44 103 39 345 17 109 344 47 303 102 265 72 246 173 33 13 143 259 87 184 82 80 290 197 249 31 232 7 444 322 234 53 369 452 436 244 336 183 
313
368 134 157 118 424 145 319 300 141 181 94 230 407 235 462 154 229 482 302 91 228 414 62 59 376 76 52 131 56 3 266 286 406 389 292 247 346 124 19 293 92 471 201 408 233 96 285 186 177 257 83 138 155 422 179 68 454 150 21 89 363 119 116 160 23 220 77 84 212 126 162 25 298 142 405 185 20 209 326 171 57 205 238 38 100 46 194 216 180 191 214 365 125 366 108 5 358 16 305 73 263 6 328 219 105 93 226 411 381 338 74 146 70 95 334 314 252 190 278 34 355 55 107 416 317 10 123 374 32 318 390 64 221 81 127 206 332 200 8 48 117 159 352 14 348 188 382 156 24 0 364 313 459 386 113 288 272 315 137 61 354 329 63 85 351 12 198 297 218 65 106 274 242 112 133 135 195 4 264 430 282 320 110 139 215 182 312 163 165 284 26 255 60 147 196 268 148 153 362 413 277 71 18 178 101 35 27 128 121 151 203 291 479 380 75 22 149 66 172 432 43 97 88 78 423 342 304 213 241 279 295 253 359 120 15 325 356 130 324 187 383 40 258 420 170 104 161 193 483 122 129 42 1 385 223 29 425 231 371 262 281 114 69 250 58 140 189 37 240 378 98 339 377 111 227 202 44 103 39 345 17 109 344 47 303 102 265 72 246 173 13 143 259 87 184 82 80 290 197 249 31 232 7 444 322 234 53 369 452 436 244 336 183 
