17
405
248 127 314 149 57 48 361 300 418 237 230 224 72 110 340 79 308 122 56 140 177 347 134 150 328 462 62 82 207 135 146 20 4 17 336 378 238 198 232 7 242 333 289 157 12 52 263 163 461 179 206 214 142 323 174 342 160 73 50 295 200 503 43 129 13 108 299 121 25 388 51 196 250 302 16 204 53 33 64 229 92 373 421 103 63 251 354 21 446 296 293 170 215 139 213 95 173 406 283 212 370 228 222 67 116 493 59 131 197 199 41 156 194 14 343 210 37 211 334 125 376 320 476 362 2 478 126 235 154 312 355 28 290 86 252 454 192 344 151 24 185 428 398 109 168 510 366 137 404 80 90 120 141 309 0 9 346 424 501 246 60 306 332 258 93 304 117 54 266 19 201 107 172 239 319 338 32 191 272 282 181 315 275 233 379 1 382 310 123 447 83 36 357 269 164 106 187 316 254 98 245 415 27 162 220 167 105 303 208 58 313 268 413 145 147 71 96 6 271 276 231 45 221 305 176 273 351 317 417 259 381 243 405 186 133 209 138 81 182 94 166 380 132 247 40 264 190 70 390 285 324 144 91 236 23 159 240 270 261 99 153 288 130 155 256 65 385 42 26 460 294 467 225 76 348 47 29 183 44 291 281 5 205 419 113 374 471 377 18 78 165 330 427 257 301 97 397 411 195 218 88 278 15 104 393 189 279 161 431 286 77 100 326 30 171 297 87 487 111 75 287 136 11 429 178 203 227 34 175 499 409 22 38 169 31 112 114 284 152 69 84 66 223 260 389 128 445 367 102 280 498 387 318 193 274 495 384 184 55 35 148 353 124 158 307 10 119 298 188 226 262 234 49 244 216 329 68 365 277 202 118 217 74 255 89 219 416 403 241 249 502 331 325 426 8 180 321 143 3 292 267 85 61 39 115 
389
248 127 314 149 57 48 361 300 418 237 230 224 72 110 340 79 308 122 140 177 347 134 150 328 462 62 82 207 135 146 20 4 17 336 378 238 198 232 7 242 333 289 157 12 52 263 163 461 179 206 214 142 323 174 342 160 73 50 295 200 503 43 129 13 108 299 121 25 388 51 196 250 302 16 204 53 33 64 373 421 103 63 251 354 21 446 296 293 170 215 139 213 95 173 406 283 212 370 228 222 67 116 493 59 131 197 199 41 156 194 14 343 210 37 211 334 125 376 476 362 2 478 126 235 154 312 355 28 290 86 252 454 192 344 151 24 185 428 398 109 168 510 366 137 404 80 90 120 141 309 0 9 346 501 246 60 306 258 304 117 54 266 19 201 107 172 239 319 338 32 191 272 282 181 275 233 379 1 382 310 123 447 83 36 357 269 164 106 187 316 254 98 245 415 27 162 220 167 105 303 208 58 313 268 413 145 147 71 96 6 271 276 231 45 221 305 176 273 417 259 381 243 405 186 133 209 138 81 182 94 166 132 247 40 264 190 70 390 285 324 144 91 236 23 159 240 270 261 99 153 288 130 155 256 65 385 42 26 460 294 467 225 76 348 29 183 44 291 281 5 205 419 113 374 471 377 18 78 165 427 330 257 301 97 397 411 195 218 88 278 15 104 393 189 279 161 431 286 77 100 326 30 171 297 87 487 111 75 287 136 11 429 178 203 227 34 175 499 22 38 169 31 112 114 284 152 69 84 66 223 260 389 128 445 367 102 280 498 387 318 193 274 495 384 184 55 35 148 353 124 158 307 10 119 298 188 226 262 234 49 244 216 68 365 277 202 118 217 74 255 89 219 416 403 249 502 331 325 426 8 321 143 3 292 267 85 61 39 115 
378
248 127 314 149 57 48 361 300 418 237 230 224 72 110 340 79 308 122 140 177 347 134 150 328 462 62 82 207 135 146 20 4 17 336 378 238 198 232 7 242 333 289 157 12 52 263 163 461 179 206 214 142 323 174 342 160 73 50 295 200 503 43 129 13 108 299 121 25 388 51 196 302 16 204 53 33 64 373 421 103 63 251 354 21 296 293 170 215 139 213 95 173 283 212 370 228 222 67 116 493 59 197 199 41 156 194 14 343 210 37 211 334 125 376 476 2 478 126 235 154 312 355 28 290 86 252 454 192 344 151 24 428 398 109 168 510 366 137 404 80 90 120 141 309 0 9 346 501 246 60 306 258 304 117 266 19 201 107 172 239 319 338 32 191 272 282 181 275 233 379 1 382 310 123 447 83 36 357 269 164 106 187 316 254 98 245 415 27 162 220 167 105 303 208 58 313 268 413 145 147 71 96 6 271 276 231 45 221 305 273 417 259 381 243 405 186 133 209 138 81 182 94 166 132 247 40 264 190 70 390 285 324 144 91 236 23 159 240 270 261 99 153 288 130 155 256 65 385 42 26 460 294 467 225 76 348 29 183 44 291 281 205 419 113 374 471 377 18 78 165 330 257 301 97 397 411 195 218 88 278 15 104 393 189 279 161 431 286 77 100 326 30 171 297 87 487 111 75 287 136 11 429 178 203 227 34 175 499 22 38 169 31 112 114 284 152 69 84 66 223 260 389 128 445 367 102 280 498 387 318 193 274 495 384 184 55 35 148 353 124 158 307 10 119 298 188 226 262 234 49 244 216 68 365 277 202 118 217 74 255 89 219 403 249 502 331 325 426 8 321 143 3 292 267 85 61 39 115 
365
248 127 314 149 57 48 361 300 237 230 224 72 110 340 79 308 122 140 177 347 134 150 328 462 62 82 207 135 146 20 4 17 336 378 238 198 232 7 242 333 289 157 12 52 263 163 461 179 206 214 142 323 174 342 160 73 50 295 200 503 43 129 13 108 299 121 25 388 51 196 302 16 204 33 64 373 421 103 63 251 354 21 296 293 170 215 139 95 173 283 212 370 228 222 67 116 493 59 197 199 41 156 194 14 343 210 37 211 334 125 376 476 2 478 126 235 154 312 355 28 290 86 252 454 192 344 151 24 428 398 109 168 510 366 137 404 80 90 120 141 309 0 9 346 501 246 60 306 258 304 117 266 19 201 107 172 239 319 32 191 272 282 181 233 379 1 382 310 447 83 36 357 269 164 106 187 316 254 98 245 415 27 162 220 167 105 208 58 313 268 413 145 147 71 96 6 271 276 231 45 221 305 273 417 259 381 243 405 186 133 209 138 81 182 166 132 247 40 264 190 70 390 285 324 144 91 236 23 240 261 99 153 288 130 155 256 65 42 26 460 294 467 225 76 348 29 183 44 291 281 205 419 113 374 471 377 18 78 165 330 257 301 97 397 411 195 218 88 15 104 393 189 279 161 431 286 77 100 326 30 171 297 87 487 111 75 287 136 11 429 178 227 203 34 175 499 22 38 169 31 112 114 284 152 69 84 66 223 389 128 445 367 102 280 498 387 318 193 274 495 384 184 55 35 148 353 124 158 307 10 119 298 188 226 262 234 49 244 216 68 365 277 202 118 217 74 255 89 219 403 249 502 331 325 426 8 321 143 3 292 267 85 61 39 115 
357
248 127 314 149 57 48 361 300 237 230 224 72 110 340 79 308 122 140 177 347 134 150 328 462 62 82 135 146 20 4 17 336 378 238 198 232 7 242 333 289 157 12 52 263 163 461 179 206 214 142 323 174 342 160 73 50 295 200 503 43 129 13 108 299 121 25 388 51 196 302 16 204 33 64 373 421 103 63 251 354 21 296 293 170 215 139 95 173 283 212 370 228 222 67 116 493 59 197 199 41 156 194 14 343 210 37 211 334 125 376 476 2 126 235 154 312 355 28 290 86 252 454 192 344 151 24 428 398 109 168 510 366 137 404 80 90 120 141 309 0 9 346 501 246 60 306 258 304 117 201 107 172 239 319 32 191 272 282 181 233 379 1 382 447 83 36 357 269 164 106 187 316 254 98 245 415 27 162 220 167 105 208 58 313 268 413 145 147 71 96 6 271 276 231 45 221 305 273 417 259 381 243 405 186 133 209 138 81 182 166 132 247 40 264 190 70 390 285 324 144 91 236 23 240 261 153 288 130 155 256 65 42 26 294 467 225 76 348 29 183 44 291 281 205 419 113 374 471 377 18 78 165 330 257 301 97 397 411 195 218 88 104 393 189 279 161 431 286 77 100 326 30 171 297 87 487 111 75 287 136 11 429 178 227 203 34 175 499 22 38 169 31 112 114 284 152 69 84 66 223 389 128 445 367 102 280 498 387 318 193 274 495 384 184 55 35 148 353 124 158 307 10 119 298 188 226 262 234 49 244 216 68 365 277 202 118 217 74 255 89 219 403 249 502 331 325 426 8 321 143 3 292 267 85 61 39 115 
348
127 314 149 57 48 361 300 237 230 224 72 110 340 79 308 122 140 177 347 134 150 328 462 62 82 135 146 20 4 17 336 378 238 198 232 7 242 333 289 157 12 52 263 163 461 179 206 214 142 323 174 342 160 73 50 295 200 503 43 129 13 108 299 121 25 388 51 196 302 16 204 33 64 373 421 103 63 251 354 21 293 170 215 139 95 173 283 212 370 228 222 67 116 493 59 197 199 41 156 194 14 343 210 37 211 334 125 376 476 2 126 235 154 312 355 28 290 86 252 454 192 344 151 24 428 398 109 168 510 137 404 80 90 120 141 309 0 9 346 501 246 60 306 258 304 117 201 107 172 239 319 32 191 272 282 181 233 379 1 382 447 83 36 357 269 164 106 187 316 254 98 245 415 27 162 220 167 105 208 313 268 413 145 147 71 96 6 271 276 231 45 221 305 273 417 259 381 243 186 133 209 138 81 182 166 132 247 40 264 190 70 390 285 144 91 236 23 240 261 153 288 130 155 256 65 42 26 294 467 225 76 348 29 183 44 291 281 205 419 113 374 471 377 78 165 330 257 301 97 397 411 195 218 88 104 393 189 279 161 431 286 77 100 326 30 171 87 487 111 75 287 136 11 429 178 227 203 34 175 499 22 38 169 31 112 114 284 152 69 84 66 223 389 128 445 367 102 280 498 387 318 193 274 495 384 184 55 35 353 124 158 307 10 119 298 188 226 262 234 49 244 216 68 365 277 202 118 217 74 255 89 219 403 249 502 331 325 426 8 321 143 3 292 267 85 61 39 115 
341
127 314 149 57 48 361 300 237 230 224 72 110 340 79 308 122 140 177 134 150 328 462 62 82 135 146 20 4 17 336 378 238 198 232 7 242 333 289 157 12 52 263 163 461 179 206 214 142 323 174 342 160 73 50 295 200 503 43 129 13 299 121 25 388 51 196 302 16 204 33 64 421 103 63 251 354 21 293 170 215 139 95 173 283 370 228 222 67 116 493 59 197 199 41 156 194 14 343 210 37 211 334 125 376 476 2 126 235 154 312 355 28 290 86 252 454 192 344 151 24 428 398 109 168 510 137 404 80 90 120 141 309 0 9 346 501 246 60 306 258 304 117 201 107 172 239 319 32 191 272 282 181 233 379 1 382 447 83 36 357 269 164 106 187 316 254 98 245 415 27 162 220 167 105 208 313 268 413 145 147 71 96 6 271 276 231 45 221 305 273 417 259 381 243 186 133 209 138 81 182 166 132 247 40 264 190 70 390 285 144 91 236 23 240 261 153 288 130 155 256 65 42 26 467 225 76 348 29 183 44 291 281 205 419 113 374 471 377 78 165 330 257 301 97 397 411 195 218 88 104 393 189 279 161 431 286 77 100 326 30 171 87 487 111 75 287 136 11 429 178 227 203 34 175 499 22 38 169 31 112 114 284 152 69 84 66 223 389 445 367 102 280 498 387 318 193 274 495 384 184 55 35 353 124 158 307 10 298 188 226 262 234 49 244 216 68 365 277 202 118 217 74 255 89 219 403 249 502 331 325 426 8 321 143 3 292 267 85 61 39 115 
332
127 314 149 57 48 361 300 237 230 224 72 110 340 79 308 122 140 177 134 150 328 462 62 82 135 146 20 4 17 336 378 238 198 232 7 242 333 289 157 12 52 263 163 461 179 206 214 142 323 174 342 160 73 50 295 200 503 43 13 299 121 25 388 51 196 302 16 204 33 64 421 103 63 251 354 21 293 170 215 139 95 173 283 370 228 222 67 116 493 59 197 199 41 156 194 14 343 210 37 211 334 125 376 476 2 126 235 154 312 355 28 290 86 252 454 192 344 151 24 428 398 109 168 510 137 404 80 90 120 141 309 0 9 346 501 246 60 306 258 304 117 201 172 239 319 32 191 272 282 181 233 379 1 382 447 83 36 357 269 164 106 187 316 254 98 245 415 27 162 220 167 105 208 313 268 413 145 147 96 6 271 276 45 221 305 273 259 381 243 186 133 209 138 81 182 166 132 40 264 190 70 390 285 144 91 236 23 240 261 153 288 130 155 256 65 42 26 467 225 348 29 183 44 291 281 205 419 113 374 471 377 78 165 330 257 301 97 397 411 195 218 88 104 393 189 279 161 431 286 77 100 326 30 171 87 487 111 75 287 136 11 429 178 227 203 34 175 499 22 38 169 112 31 114 284 152 69 84 66 223 389 367 102 280 498 387 318 193 274 495 384 184 55 35 353 124 158 307 10 188 226 262 234 49 244 216 68 365 277 202 118 217 74 255 89 219 403 249 502 331 325 426 8 321 143 3 292 267 85 61 39 115 
322
127 314 149 57 48 361 300 237 230 224 72 110 340 79 308 122 140 177 134 150 328 462 62 82 135 146 20 4 17 336 378 238 198 232 7 242 333 289 157 12 52 263 163 461 179 206 214 323 174 342 160 73 50 295 200 503 43 13 299 121 25 388 51 196 302 16 204 33 64 421 103 63 251 354 21 293 170 215 139 95 173 283 370 228 222 67 493 59 197 199 41 156 194 14 343 210 37 211 125 376 476 2 126 235 154 312 355 28 290 86 252 454 192 344 151 24 428 398 109 168 510 137 404 80 90 141 120 309 0 9 346 501 60 306 258 304 117 201 172 239 319 32 191 272 282 181 233 379 1 382 447 36 357 269 164 106 187 316 98 245 415 27 162 220 167 105 208 313 268 413 145 147 96 6 271 276 45 221 305 273 259 381 243 186 133 209 81 182 166 132 40 264 190 70 285 144 91 236 23 240 261 153 288 130 155 256 65 42 26 467 225 348 29 183 44 291 281 205 419 113 374 471 377 78 165 330 257 301 97 397 411 195 218 88 104 393 189 279 161 431 286 77 100 326 30 171 87 487 111 75 287 136 11 429 178 227 203 34 175 499 22 38 169 112 31 114 284 152 69 84 66 223 389 367 102 280 498 387 318 193 274 495 384 184 55 35 353 124 158 307 10 188 226 262 234 49 244 216 68 365 277 202 118 74 255 219 403 249 502 331 325 426 8 321 143 3 292 267 85 61 39 115 
312
127 314 149 57 48 361 300 237 230 224 72 110 340 79 308 122 140 177 134 150 328 462 62 135 146 20 4 17 336 378 238 198 232 7 333 289 157 12 52 263 163 179 206 214 323 174 342 160 73 50 295 200 503 43 13 299 121 25 388 51 196 302 16 204 33 64 421 103 63 251 354 21 293 170 215 139 95 173 283 370 228 222 67 493 59 197 199 41 156 194 14 343 210 37 211 125 376 476 2 126 235 154 312 355 28 290 86 252 454 192 151 24 428 398 109 168 510 404 80 90 141 120 309 0 9 346 501 60 306 258 304 117 201 172 239 319 32 191 272 282 181 233 379 1 382 447 36 357 269 164 106 187 316 98 245 415 27 162 220 167 105 208 313 268 413 145 147 96 6 271 276 45 221 305 273 259 381 243 186 133 209 81 182 166 132 40 264 190 70 285 144 91 236 23 240 261 153 288 130 155 256 65 42 26 467 225 348 29 183 44 291 281 205 419 113 374 471 377 78 165 330 257 301 97 397 411 195 218 88 104 393 189 279 161 431 286 77 100 326 30 171 87 487 111 75 287 136 11 429 178 227 203 34 175 499 22 38 112 31 114 284 69 84 66 223 389 367 102 280 498 387 318 193 274 495 184 55 35 353 124 158 307 10 188 226 262 49 244 216 68 365 277 202 74 255 219 403 502 249 331 325 426 8 321 143 3 292 267 85 61 39 115 
300
370 431 228 127 286 314 149 57 98 245 222 67 100 48 415 77 361 27 30 326 300 493 171 162 230 224 220 59 72 87 167 105 110 340 79 197 199 41 308 208 487 111 75 156 122 287 136 313 194 14 268 140 177 11 343 210 413 37 145 134 211 96 150 147 125 178 6 227 62 271 34 203 328 462 476 175 276 499 2 45 22 221 126 112 31 20 135 154 235 259 273 305 114 381 283 243 355 284 4 17 336 267 186 378 133 69 209 28 84 66 81 182 238 198 223 232 290 86 389 166 7 132 454 333 192 289 40 157 12 70 190 264 52 263 163 151 179 102 367 206 161 285 144 214 91 498 387 318 193 323 174 23 24 236 240 274 495 261 342 184 428 160 398 55 73 109 168 35 50 295 353 200 288 503 124 130 43 155 510 13 256 404 158 80 65 90 307 141 120 10 299 121 309 42 25 26 0 188 9 346 226 388 501 262 467 225 60 49 196 348 51 306 244 216 68 302 258 29 365 277 183 44 304 16 202 117 204 291 33 64 205 201 281 113 255 419 172 239 319 32 374 471 191 272 377 282 219 421 181 78 165 103 330 403 502 63 233 251 331 257 21 325 354 379 1 301 97 382 397 411 195 426 218 8 293 316 447 88 170 36 321 143 215 357 269 104 139 3 393 292 189 279 95 173 106 187 85 61 39 115 
296
370 431 228 127 286 314 149 57 98 245 222 67 100 48 415 77 361 27 30 326 300 493 171 162 230 224 220 59 72 87 167 105 110 340 79 197 199 41 308 208 487 111 75 156 122 287 136 194 14 268 140 177 11 343 210 413 37 145 134 211 96 150 147 125 178 6 227 62 271 34 203 328 462 476 175 276 499 2 22 45 221 126 112 31 20 135 154 235 259 273 305 114 381 283 243 355 284 4 17 336 267 186 378 133 69 209 28 84 66 81 182 238 223 290 232 198 389 166 7 132 454 333 192 289 40 157 190 70 12 264 52 263 163 151 179 102 367 206 161 285 144 214 91 498 387 318 193 323 174 23 24 236 240 274 495 261 342 184 428 160 398 55 73 109 168 35 50 295 353 200 288 503 124 130 43 155 510 13 256 404 158 80 65 90 307 141 120 10 299 121 309 42 25 26 0 188 9 346 226 388 501 467 225 60 49 196 348 51 306 244 216 68 302 258 29 365 277 183 44 304 16 202 117 204 291 33 64 205 201 281 113 255 419 172 239 319 32 374 471 191 272 377 282 219 421 181 78 165 103 330 403 502 63 233 251 331 257 21 325 354 379 1 301 97 382 397 411 195 426 218 8 447 316 88 170 36 321 143 215 357 269 104 139 3 393 292 189 279 95 173 106 187 85 61 39 115 
285
370 431 228 127 286 314 149 57 98 245 222 67 100 48 415 77 361 27 30 326 300 493 171 162 230 224 220 59 72 87 167 105 110 340 79 197 308 487 111 75 156 122 287 136 194 14 268 140 177 11 343 210 413 37 145 134 211 96 150 147 178 6 227 62 271 34 203 328 462 476 175 276 499 2 22 45 221 135 112 126 31 20 154 235 259 305 381 114 283 243 355 284 4 17 336 267 186 378 133 69 209 28 84 66 81 182 238 223 290 198 389 166 7 132 454 333 192 40 157 190 70 12 264 52 263 163 151 179 102 367 206 161 285 144 214 91 498 387 318 193 323 174 23 24 236 240 274 495 261 342 184 428 160 398 55 73 109 168 35 50 295 353 200 288 503 124 130 43 155 510 13 256 404 158 80 65 90 307 141 120 121 309 42 25 26 0 188 9 346 226 388 501 225 60 49 196 348 51 306 244 216 68 302 258 29 365 277 183 44 304 16 202 117 204 291 33 64 205 201 281 113 255 273 172 239 319 419 32 374 471 191 272 377 282 219 421 181 78 165 103 330 403 502 63 251 379 354 257 21 325 331 1 301 97 382 411 195 426 218 8 447 316 88 170 36 321 143 215 357 269 104 139 3 393 292 189 279 95 173 106 187 85 61 39 115 
275
370 431 228 286 314 149 57 98 245 222 67 100 48 415 77 361 27 30 326 300 493 171 162 230 224 220 59 87 167 105 110 340 79 197 308 487 111 75 156 122 287 136 194 14 268 140 177 11 343 413 37 145 134 211 96 150 147 178 6 227 62 271 34 203 328 476 175 276 499 2 22 45 221 135 112 126 31 20 154 235 259 305 381 114 283 243 355 284 4 17 336 267 186 378 133 69 209 28 84 66 81 182 223 290 198 389 166 132 454 333 192 40 157 190 70 264 52 263 163 151 179 102 367 206 161 285 144 214 91 498 387 318 193 323 174 23 24 236 240 274 495 261 342 184 398 160 428 55 73 109 168 35 50 295 353 200 288 503 124 130 43 510 13 256 404 158 80 65 90 307 141 120 121 309 42 25 26 0 188 9 346 226 388 501 225 60 49 196 348 51 306 244 216 68 302 29 365 277 183 44 304 16 202 117 204 291 33 64 205 201 281 113 255 273 172 239 319 419 32 374 471 191 272 377 282 219 421 181 78 165 103 330 403 502 63 251 379 354 257 21 325 331 1 301 97 382 411 195 426 218 8 447 316 88 170 36 321 143 215 269 104 139 3 393 292 189 279 95 173 106 187 85 61 39 115 
272
370 431 228 286 314 149 57 98 245 222 67 100 48 415 77 361 27 30 326 300 493 171 162 230 224 59 87 167 105 110 340 79 197 308 487 111 75 156 122 287 136 194 14 268 140 177 11 343 413 37 145 134 211 96 150 147 178 6 227 62 271 34 203 328 476 175 276 499 2 22 45 221 135 112 31 20 154 126 305 259 381 235 114 283 243 355 284 4 17 336 267 186 378 133 69 209 28 84 66 81 182 223 290 198 389 166 132 454 333 192 40 157 190 70 264 52 263 163 151 179 102 367 206 161 285 144 214 91 498 387 318 193 323 174 23 24 236 240 274 495 261 342 184 398 160 428 55 73 109 168 35 50 295 353 200 288 124 130 43 510 13 256 404 158 80 65 90 307 141 120 121 309 42 25 26 188 0 9 346 226 388 501 225 60 49 196 348 51 306 244 216 68 302 29 365 277 183 44 304 16 202 117 204 291 33 64 205 201 281 113 255 273 172 239 319 419 32 374 471 191 272 377 282 219 421 181 78 165 103 403 502 63 251 379 354 257 21 325 331 1 301 97 382 411 195 426 218 8 447 316 88 170 36 321 143 215 269 104 139 3 393 292 189 279 95 173 106 187 85 61 39 115 
264
370 431 228 286 314 149 57 98 222 100 67 48 415 77 361 27 30 326 300 493 171 162 230 224 59 87 167 105 110 340 79 197 308 487 111 75 156 122 287 136 194 14 268 140 177 11 343 413 37 145 134 211 96 150 147 178 6 227 62 271 34 203 328 175 276 499 2 22 45 221 135 112 31 154 20 126 305 259 381 114 283 243 355 284 4 17 336 267 186 378 133 69 209 28 84 66 81 182 223 290 198 389 166 132 454 333 192 40 157 190 70 264 52 263 163 151 179 102 367 206 161 285 144 214 91 498 387 318 193 323 174 23 24 236 240 274 495 261 342 184 398 160 428 55 73 109 168 35 50 295 353 200 124 130 43 510 13 256 404 158 80 65 90 307 141 120 121 309 42 25 26 188 0 9 346 226 388 501 225 60 49 196 348 51 306 244 216 68 302 29 365 277 183 44 304 16 202 117 204 291 33 64 205 201 281 255 419 273 172 239 319 32 374 471 191 377 282 219 421 181 78 165 103 403 502 63 251 379 354 257 21 325 331 1 301 97 382 411 195 426 218 447 316 88 170 36 321 143 215 269 104 3 393 292 189 279 95 173 106 187 85 61 39 115 
258
370 431 228 286 314 149 57 98 222 100 67 48 415 77 361 27 30 300 493 171 162 230 224 61 59 87 167 105 110 340 79 197 308 487 111 75 287 122 136 194 14 268 140 177 11 343 413 37 145 134 211 96 150 147 178 6 227 62 271 34 203 175 276 499 2 22 45 221 135 112 31 154 20 126 305 259 381 114 283 243 355 284 4 17 336 267 186 378 133 69 209 28 84 66 81 182 223 290 198 389 166 132 454 333 192 40 157 190 70 264 263 163 151 179 102 367 206 285 144 214 91 498 387 318 193 323 174 23 24 236 240 274 495 261 342 184 398 160 428 55 73 109 168 35 50 295 353 200 124 130 43 510 13 256 404 158 80 65 90 307 141 120 121 309 42 26 188 0 9 346 226 388 501 225 60 49 196 348 51 306 244 216 68 302 29 365 277 183 44 304 16 202 117 204 291 33 64 205 201 281 255 419 273 172 239 319 32 374 471 191 377 282 219 421 181 78 165 103 403 502 63 251 379 331 257 21 325 1 301 97 382 411 195 426 218 447 316 88 170 36 321 143 215 269 104 3 393 292 189 279 95 173 106 187 85 161 39 115 
