10
372
194 78 149 405 337 240 203 359 212 354 85 162 75 467 124 239 349 224 74 313 14 333 533 177 371 431 166 247 13 296 377 492 6 153 4 98 266 255 227 120 301 159 24 23 175 263 89 126 356 308 441 200 469 163 158 47 15 142 454 316 391 18 318 243 498 221 53 330 473 374 397 195 381 186 12 49 342 46 281 123 42 67 282 154 20 325 71 213 196 82 436 17 355 127 253 434 108 70 249 52 102 453 412 254 96 279 259 30 37 93 1 425 241 184 284 229 197 43 90 28 59 210 293 92 25 427 56 10 34 116 207 335 218 236 66 178 55 170 201 165 193 220 32 415 494 107 44 517 264 35 523 273 424 331 62 81 36 147 496 19 328 185 79 215 268 334 386 164 140 57 222 418 101 150 267 91 394 338 139 61 238 156 292 27 38 280 87 16 329 398 358 206 217 209 246 414 135 138 133 223 104 364 409 3 132 144 180 129 235 95 433 251 160 219 408 100 271 145 73 114 41 58 141 69 265 40 285 8 274 326 417 84 192 181 211 248 189 68 118 190 289 64 60 122 119 168 191 157 365 103 161 202 205 121 226 169 387 31 411 457 480 228 183 214 198 182 269 352 155 172 332 419 63 311 260 7 51 151 327 97 176 76 362 208 111 54 399 106 252 360 128 527 375 117 83 262 225 26 199 45 486 204 258 382 336 88 77 11 245 2 105 113 373 109 110 5 187 388 368 490 488 22 443 125 115 534 143 363 306 9 136 86 50 376 230 146 324 134 173 94 403 450 65 171 357 179 21 216 80 463 72 152 250 298 297 276 420 345 167 137 99 112 130 29 275 0 188 131 495 174 232 48 
358
194 78 149 405 337 240 203 359 212 85 162 75 467 124 239 349 224 74 313 14 333 533 177 371 431 166 247 13 296 377 492 6 153 4 98 266 255 227 120 301 159 24 23 175 263 89 126 356 441 200 163 158 47 15 142 454 316 391 18 318 243 498 221 53 330 473 374 397 195 381 186 12 49 342 46 281 123 42 67 282 154 20 325 71 213 196 82 436 17 355 127 253 434 108 70 249 52 102 453 412 254 96 279 259 37 93 1 425 241 184 284 229 197 43 90 28 59 210 293 92 25 427 56 10 34 116 207 335 218 236 178 55 170 201 165 193 220 32 494 107 44 517 264 35 523 273 424 331 62 81 36 147 496 19 328 185 79 268 334 386 164 140 57 222 418 101 150 267 91 338 139 61 238 156 292 27 38 280 87 16 329 398 358 206 217 209 246 414 135 138 133 223 104 364 409 3 132 144 180 129 235 95 433 251 160 219 408 100 271 73 114 41 58 141 69 265 40 285 8 274 326 417 84 192 181 211 248 189 68 118 190 289 64 60 119 168 191 157 365 103 161 202 205 121 226 169 387 31 411 457 480 228 183 214 198 182 269 352 155 172 332 419 63 311 260 7 51 151 327 97 176 76 362 208 111 54 399 106 252 360 128 527 117 83 262 225 26 199 45 486 204 258 382 336 88 77 11 245 2 105 113 373 109 110 5 187 388 368 490 488 22 443 125 115 534 143 363 306 9 136 86 50 376 230 146 324 134 173 94 450 65 171 357 179 21 216 80 463 72 152 250 298 297 276 420 345 167 137 99 112 29 0 188 131 495 174 232 48 
344
194 78 149 405 337 240 203 359 212 85 162 75 239 349 224 74 313 14 333 533 177 371 431 166 247 13 296 377 492 6 153 4 98 266 255 227 120 301 159 24 23 175 263 89 126 356 441 200 163 158 47 15 142 454 316 391 18 318 243 498 221 53 330 374 397 195 381 186 12 49 342 46 281 123 42 67 282 154 20 325 71 213 196 82 436 17 355 127 253 434 108 70 249 52 102 453 412 254 96 259 37 93 1 425 241 184 284 229 43 90 28 59 210 293 92 25 427 56 10 34 116 207 335 218 236 178 55 170 201 165 193 220 32 494 107 44 517 35 523 273 424 331 62 81 36 147 496 19 328 185 79 268 334 386 164 140 57 222 418 101 150 267 91 338 139 61 238 156 292 27 38 280 87 16 329 398 358 206 217 209 246 414 135 138 133 104 364 409 3 132 144 180 129 235 95 433 251 160 219 408 100 271 73 114 41 58 141 69 265 40 285 8 274 326 417 84 192 181 211 248 189 68 118 190 289 64 60 119 168 191 157 365 103 161 202 205 121 226 169 411 31 457 480 228 183 214 198 182 269 352 155 172 332 419 63 311 260 7 51 151 327 97 176 76 362 111 54 106 252 360 128 527 117 83 262 225 26 199 45 204 258 382 336 88 77 11 245 2 105 113 373 109 110 5 187 388 368 490 488 22 443 125 115 143 363 306 9 136 86 50 376 230 146 324 134 173 94 450 65 171 357 179 21 216 463 72 152 250 298 276 420 345 167 137 99 112 29 0 188 131 495 174 232 48 
331
194 78 149 405 337 240 203 359 212 85 162 75 239 349 224 74 313 14 333 533 371 431 166 247 13 296 377 492 6 153 4 98 266 255 227 120 301 159 24 23 175 263 89 126 356 441 200 163 158 47 15 142 454 316 391 18 318 243 498 221 53 330 374 397 195 381 186 12 49 342 46 281 123 42 67 282 154 20 71 213 196 82 436 17 355 127 253 434 108 70 249 52 102 453 412 254 96 259 37 93 1 425 241 184 284 229 43 90 28 210 293 92 25 427 56 10 34 116 207 335 218 236 178 55 170 201 165 193 220 32 494 107 44 517 35 523 273 424 331 62 81 36 147 496 19 328 185 79 268 334 386 164 140 57 222 418 101 150 267 91 338 139 61 238 156 292 27 38 280 87 16 329 398 358 206 217 209 246 414 135 138 104 364 409 3 132 144 180 129 235 95 433 251 160 219 100 271 73 114 41 58 141 69 265 40 285 8 274 326 417 84 192 211 248 189 68 118 190 289 64 60 119 168 191 157 365 103 161 202 205 121 226 169 411 31 457 480 228 183 214 198 182 269 352 155 172 332 63 260 7 51 327 97 176 76 362 111 54 106 252 360 128 527 117 83 262 225 199 45 204 258 382 336 88 77 11 245 2 105 113 373 109 110 5 187 388 368 490 488 22 125 115 143 363 306 9 136 86 50 376 230 146 324 134 94 450 65 171 357 179 21 216 463 72 152 250 298 276 345 167 137 99 112 29 0 188 131 495 174 232 48 
321
194 78 149 405 337 240 203 359 212 85 162 75 239 349 224 74 313 14 333 533 371 431 166 247 13 296 377 6 153 4 98 266 255 227 120 301 159 24 23 175 263 89 126 356 441 200 163 158 47 15 142 454 316 391 18 318 243 498 221 53 330 374 397 195 381 186 12 49 342 46 281 123 42 67 282 154 20 71 213 196 82 436 17 355 127 253 434 108 70 249 52 102 453 412 254 96 259 37 93 1 241 184 284 229 43 90 28 210 293 92 25 427 56 10 34 116 207 335 218 236 178 55 170 201 165 193 220 32 494 107 44 517 35 273 424 331 62 81 36 147 496 19 328 185 79 268 334 386 164 140 57 222 418 101 150 267 91 338 139 61 238 156 27 38 280 87 329 398 358 206 217 209 246 414 135 138 104 364 409 3 132 144 180 129 235 95 433 251 160 219 100 271 73 114 41 58 141 69 265 40 285 8 274 326 417 84 192 211 248 189 118 190 289 64 60 119 168 191 157 365 103 161 202 121 226 169 411 31 457 480 228 183 214 198 182 352 269 155 172 332 63 260 7 51 327 97 176 76 362 111 54 106 252 360 128 527 117 83 262 225 45 204 258 382 336 88 77 11 245 2 105 113 373 109 110 5 187 388 368 490 488 22 125 115 143 363 306 9 136 50 376 230 146 324 134 94 450 65 171 357 179 21 216 463 72 152 250 298 345 167 137 99 112 29 0 188 131 495 174 232 48 
314
194 78 149 405 337 240 203 359 212 85 162 75 239 349 224 74 313 14 333 371 431 166 247 13 296 377 6 153 4 266 255 227 120 301 159 24 23 175 263 89 126 356 441 200 163 158 47 15 142 454 316 391 18 318 243 498 221 53 330 374 397 195 186 12 49 342 46 281 42 67 282 154 20 71 213 196 82 436 17 355 127 253 434 108 70 249 52 102 453 412 254 96 259 37 93 1 241 184 284 229 43 90 28 210 293 92 25 427 56 10 34 116 207 335 218 236 178 55 170 201 165 193 220 32 494 107 44 517 35 273 424 331 62 81 36 147 496 19 328 185 79 268 334 386 164 140 57 222 418 101 150 267 91 338 139 61 238 156 27 38 280 87 329 398 358 206 217 209 246 414 135 138 104 364 409 3 132 144 180 129 235 95 433 251 160 219 100 271 73 114 41 58 141 69 265 40 285 8 274 326 417 84 192 211 248 189 118 190 289 64 60 119 168 191 157 365 103 161 202 226 169 411 31 457 480 228 183 214 198 182 352 269 155 172 332 63 260 7 51 97 176 76 362 111 54 106 252 360 128 527 117 83 262 225 45 204 258 382 336 88 77 11 245 2 105 113 373 109 110 5 187 368 490 488 22 125 115 143 363 306 9 136 50 376 230 146 324 134 94 450 65 171 357 179 21 216 463 72 152 250 298 345 167 137 99 112 29 0 188 131 495 174 232 48 
305
78 149 37 405 246 128 360 414 93 135 240 203 337 359 1 138 527 212 85 162 117 104 83 241 75 184 284 364 229 262 239 225 43 90 28 210 409 45 293 349 92 3 204 132 25 74 144 313 180 129 14 333 235 95 433 427 56 10 258 251 160 382 336 88 219 431 34 116 100 371 207 77 11 335 2 105 247 245 113 271 218 73 114 41 13 236 296 178 55 58 141 373 109 6 110 153 377 252 170 5 4 69 165 187 32 193 201 220 40 265 266 255 285 107 494 44 227 8 517 490 120 326 301 159 417 35 84 192 24 23 273 488 175 22 211 89 263 126 248 62 81 331 356 125 189 441 200 118 36 115 143 163 190 306 363 9 289 158 147 496 47 64 15 60 136 19 142 454 119 168 191 316 50 365 157 391 103 161 328 18 79 318 202 243 498 221 376 53 226 230 330 169 268 146 324 411 31 374 334 397 134 457 386 480 164 195 228 140 186 12 57 94 222 183 49 101 418 450 267 342 91 46 214 281 182 198 171 42 357 179 21 67 282 154 20 216 352 338 155 269 139 172 61 424 71 213 196 238 72 82 436 332 156 463 152 17 27 63 250 355 127 253 260 7 298 434 108 38 51 280 87 345 167 137 99 97 112 176 329 70 249 398 29 76 52 358 0 102 362 188 131 453 111 412 254 495 96 174 232 206 48 217 259 106 209 
292
78 149 37 405 246 128 360 414 93 135 337 203 359 1 138 212 85 162 117 104 83 241 75 184 284 364 229 262 239 43 90 28 210 409 45 293 349 92 3 204 132 25 74 144 313 180 129 14 333 235 95 433 427 56 10 258 251 160 382 336 88 219 431 34 116 100 371 207 77 11 335 2 105 247 245 113 271 218 73 114 41 13 236 296 178 55 58 141 373 109 6 110 153 377 252 170 5 4 69 165 187 32 193 201 220 40 265 266 255 285 107 494 44 227 8 517 490 120 326 301 159 417 35 84 192 24 23 273 488 175 22 211 89 263 126 248 62 81 331 356 125 189 441 200 118 36 143 163 190 306 363 289 158 147 496 47 64 15 60 136 19 142 119 168 191 316 50 365 157 391 103 161 328 18 79 318 202 243 498 221 376 53 226 230 330 169 268 146 324 411 374 334 397 134 457 386 480 164 195 228 140 186 12 57 94 222 183 101 418 450 267 342 91 46 214 281 182 198 171 357 179 21 67 282 154 20 216 352 338 155 269 139 172 61 424 71 213 238 72 82 436 332 156 463 152 17 27 63 250 355 127 253 260 7 298 434 108 38 51 280 87 167 137 99 97 112 176 329 70 249 398 29 76 52 362 0 102 453 188 131 111 412 254 96 174 232 206 48 217 259 106 209 
284
78 149 37 405 246 128 360 414 93 135 337 203 359 1 138 212 85 162 117 104 83 241 75 184 284 364 229 262 239 43 90 28 210 409 45 293 92 204 132 25 74 144 313 180 129 14 333 235 95 433 427 56 10 258 251 160 382 336 88 219 431 34 116 100 371 207 77 11 335 2 105 247 245 113 271 218 73 114 41 13 236 296 178 55 58 141 373 109 6 110 153 377 252 170 5 4 69 165 187 32 193 201 220 40 265 266 255 285 107 494 44 227 8 490 120 326 301 159 417 35 84 192 24 23 273 488 175 22 211 89 263 248 331 62 81 356 424 125 189 441 200 118 36 143 163 190 306 363 289 158 147 496 47 15 60 136 19 142 119 168 191 316 50 365 157 391 103 161 328 18 79 318 202 243 498 221 376 53 226 230 330 169 268 146 324 411 374 334 397 134 457 386 480 164 195 228 140 186 12 57 222 183 101 418 450 267 342 91 46 214 281 198 171 357 179 21 67 282 154 20 216 352 338 155 269 139 172 61 71 213 238 72 82 436 332 156 463 152 17 27 63 250 355 127 253 260 7 298 434 108 38 51 280 87 167 137 99 97 112 176 329 70 249 398 29 76 52 0 102 453 188 131 111 412 254 96 174 232 206 48 217 259 106 209 
276
78 149 37 360 246 128 405 414 93 135 337 359 1 138 212 85 162 117 104 83 241 75 184 284 364 229 262 239 43 90 28 210 409 45 293 92 204 132 25 74 144 313 180 129 14 333 235 95 433 427 56 10 258 251 160 382 336 88 219 431 34 116 100 371 207 77 11 335 2 105 247 245 113 271 218 73 114 41 13 236 296 178 55 58 141 373 109 6 110 153 377 252 170 5 69 165 187 193 32 201 220 265 40 266 255 285 107 494 44 227 8 490 120 326 301 159 417 35 84 192 24 23 273 488 175 22 211 89 263 248 331 62 81 424 125 189 441 200 118 36 143 163 190 306 289 158 147 496 47 15 60 136 19 142 119 4 191 316 50 365 168 391 103 157 161 328 18 79 318 202 243 498 221 376 53 226 230 330 169 268 146 324 411 374 334 397 134 457 386 164 195 228 140 186 12 57 222 183 101 418 450 267 342 91 46 214 281 198 171 357 179 21 67 282 154 20 216 352 338 155 269 139 172 61 71 213 238 72 82 436 332 156 463 152 17 27 63 250 355 127 260 7 298 434 38 51 280 87 167 137 99 97 329 176 70 249 398 29 76 52 102 0 453 188 111 412 254 96 174 232 206 48 217 259 106 209 
