17
399
347 8 202 430 229 378 114 180 7 373 160 188 173 302 132 40 263 9 161 221 105 34 179 227 248 3 409 386 223 164 153 151 255 58 253 113 183 74 225 53 79 338 317 404 344 93 110 316 249 421 10 395 357 178 401 241 63 59 391 115 186 396 491 298 187 44 190 422 420 252 345 435 424 483 283 171 251 360 85 136 224 199 6 22 429 81 216 411 290 384 112 288 443 231 238 104 29 15 97 472 334 50 17 86 16 101 203 291 392 259 306 444 228 243 408 399 303 141 122 120 426 20 163 174 218 135 126 75 95 282 432 107 407 149 489 397 366 258 82 140 169 27 434 13 482 381 117 181 197 382 31 205 191 83 385 505 226 389 368 477 25 245 398 28 237 370 154 244 43 130 431 198 266 416 351 322 204 14 379 96 38 99 320 275 87 176 423 414 279 353 102 133 405 184 150 98 419 71 33 88 147 364 42 267 148 264 214 41 324 273 67 346 103 400 49 24 5 271 109 94 481 48 78 313 246 0 57 490 247 485 35 119 376 437 387 172 21 11 388 355 123 425 294 390 433 332 55 330 84 211 262 200 452 170 270 125 415 196 236 479 272 484 76 293 152 157 23 207 213 166 137 208 276 131 447 90 121 314 234 393 410 451 217 26 239 380 286 459 106 441 4 326 222 69 129 212 232 450 257 325 210 428 206 240 159 68 254 319 61 233 442 116 127 336 142 402 12 39 18 289 331 62 377 1 73 310 155 100 168 118 54 209 156 194 417 403 52 47 280 139 56 215 278 2 89 91 66 51 145 195 165 30 72 193 235 352 185 32 412 201 124 219 394 111 192 440 128 19 92 406 138 175 134 77 65 256 70 167 327 64 189 144 177 37 307 356 158 182 108 301 295 146 230 143 436 418 46 36 281 
385
347 8 202 430 229 378 180 7 373 160 188 173 302 132 40 263 9 161 221 105 34 179 227 248 3 409 386 223 164 153 151 255 58 253 113 183 74 225 53 338 317 344 93 110 316 249 421 10 395 357 178 401 241 63 59 391 115 186 396 491 298 187 44 190 422 420 252 345 435 424 483 283 171 251 85 136 224 199 6 22 429 81 216 411 290 384 112 288 443 231 238 104 29 15 97 472 334 50 17 86 16 101 203 291 392 259 306 444 228 243 408 399 303 141 122 120 426 20 163 174 218 135 126 75 95 282 432 107 407 149 489 397 366 258 82 169 27 434 13 482 381 117 181 197 382 31 205 191 83 385 505 226 389 368 477 25 245 398 28 237 370 154 244 43 130 431 198 266 416 351 322 204 14 379 96 38 99 275 87 176 423 414 279 353 133 102 405 184 150 98 419 71 33 88 147 364 42 267 148 264 214 41 324 273 67 346 103 400 49 24 5 271 109 94 481 78 48 313 246 0 57 490 247 485 35 119 376 437 387 172 21 11 388 355 123 425 294 390 433 332 55 330 84 211 262 200 452 170 270 125 415 236 196 479 272 484 76 293 152 157 23 207 166 137 208 276 131 447 90 121 314 234 393 410 451 217 26 239 380 286 459 106 4 326 222 69 129 212 232 450 257 325 210 428 206 240 159 68 319 61 233 442 116 127 336 142 402 12 39 18 289 331 62 377 1 73 310 155 100 209 118 54 156 194 417 403 52 47 280 139 56 215 278 2 89 91 66 51 145 195 30 193 235 352 185 32 412 201 124 219 394 111 192 440 128 19 92 406 138 175 134 77 65 256 167 327 64 189 144 177 37 307 356 158 182 108 301 295 230 143 436 418 46 36 281 
373
347 8 202 430 229 378 180 7 373 160 173 302 132 40 263 9 161 221 105 179 227 248 3 409 386 223 164 153 151 255 58 253 113 183 74 225 53 338 317 344 93 110 316 249 421 10 395 357 401 241 63 59 391 115 186 396 491 298 187 44 190 422 420 252 345 435 424 483 283 171 251 85 136 224 199 6 22 429 81 216 411 290 384 112 288 443 231 238 104 29 15 97 472 334 50 17 86 16 101 203 291 392 259 306 444 228 243 408 399 303 141 122 120 426 20 163 174 218 126 75 95 282 107 407 149 489 397 366 258 82 169 27 434 13 482 117 181 382 31 205 191 83 385 505 226 368 477 25 245 398 28 237 370 154 244 43 130 431 198 266 416 351 322 204 14 379 96 38 99 275 87 176 423 414 279 353 133 102 405 184 150 98 419 71 33 88 147 364 42 267 148 264 214 41 324 273 67 346 103 400 49 24 5 271 109 94 481 78 48 313 246 0 57 490 247 485 35 119 376 437 387 172 21 11 388 355 123 425 294 390 433 332 55 330 84 211 262 200 452 170 270 125 415 236 196 479 272 484 76 293 152 157 23 207 166 137 208 276 131 447 90 121 234 393 410 451 217 26 239 380 286 459 106 4 326 222 69 129 212 232 450 257 325 210 206 240 159 68 319 61 233 442 116 127 336 142 402 12 39 18 289 331 62 377 1 73 310 155 100 209 118 54 156 194 417 403 52 47 280 139 56 215 278 2 89 91 66 51 145 195 30 193 235 352 185 32 412 201 124 219 394 111 192 440 128 19 92 406 138 175 134 77 65 256 167 327 64 189 144 37 307 356 158 182 108 301 295 230 143 436 418 46 36 
360
347 202 430 229 378 180 7 373 160 173 302 132 40 263 9 161 221 105 179 227 248 3 409 386 223 164 153 151 255 58 253 113 183 74 225 53 338 317 344 93 110 316 249 421 10 395 357 401 241 63 59 115 186 396 491 187 44 190 422 420 252 345 435 424 483 283 171 251 85 136 224 199 6 22 429 81 216 411 290 384 112 288 443 238 104 29 15 97 472 334 50 17 86 16 101 203 291 392 259 306 444 228 243 408 399 303 141 122 120 426 20 163 174 218 126 75 95 282 107 407 149 489 397 366 258 82 169 27 434 13 482 117 181 382 31 205 191 83 385 505 226 368 477 25 245 398 28 237 370 154 244 43 130 431 198 266 416 322 204 14 379 96 38 99 275 87 176 423 414 279 353 133 102 405 184 150 98 419 71 33 88 147 364 42 267 148 264 214 41 324 273 67 346 103 400 49 24 5 271 109 94 481 78 48 313 246 0 57 490 247 485 35 119 376 437 387 172 11 388 355 123 425 294 390 433 332 55 330 84 211 262 200 452 170 270 125 415 236 196 479 484 76 293 152 157 23 207 166 137 208 276 131 447 90 121 234 393 410 451 217 26 239 380 286 106 4 326 222 69 129 212 232 257 325 206 240 159 68 319 61 233 442 116 127 336 142 39 18 289 331 62 377 1 73 310 155 100 209 118 54 156 194 417 403 52 47 280 139 56 215 278 2 89 91 66 51 145 195 30 193 235 352 185 32 412 201 124 219 394 111 192 440 128 19 92 406 138 175 134 77 65 167 327 64 189 144 37 307 356 158 182 108 301 295 230 143 436 418 46 36 
348
347 430 229 378 180 7 373 160 173 302 132 40 263 9 161 221 105 179 227 248 3 409 386 223 164 153 151 255 58 253 183 74 225 53 338 344 317 93 110 249 421 10 395 357 401 241 63 59 115 186 396 491 187 44 190 422 420 252 345 435 424 483 283 171 251 85 136 224 199 6 22 429 81 216 411 290 384 288 112 443 238 104 29 15 472 334 50 17 86 16 101 203 291 392 259 306 444 228 243 408 399 303 141 122 120 426 20 163 174 218 126 95 282 107 407 149 489 397 366 258 169 27 434 13 482 117 181 382 31 205 191 83 385 505 226 368 477 25 245 398 28 237 370 154 244 43 130 431 198 266 416 322 204 379 14 96 38 99 275 176 423 414 279 353 133 102 405 184 150 98 419 71 33 88 147 364 42 267 148 264 214 41 324 273 67 346 103 400 49 24 5 271 109 94 481 78 48 313 246 0 57 490 247 485 35 119 376 437 387 172 11 388 355 123 425 294 390 332 55 330 84 211 262 200 452 170 270 125 415 236 196 479 484 76 293 152 157 23 207 166 137 208 276 131 447 90 121 234 393 410 451 217 26 239 380 286 106 4 222 69 129 212 232 257 325 206 240 159 68 319 61 233 442 116 127 336 142 18 289 331 62 377 1 73 310 155 100 209 118 54 156 194 417 403 52 47 280 139 56 215 278 2 91 66 51 145 195 30 193 235 352 185 32 412 201 124 219 394 111 192 440 128 19 92 406 138 175 134 77 65 167 327 64 189 144 37 307 356 158 182 108 301 295 230 143 436 418 46 
331
347 229 378 180 7 373 160 173 302 132 40 263 9 161 221 105 179 227 248 3 409 386 223 164 153 151 255 58 253 183 74 225 53 338 317 344 110 249 421 10 395 401 241 63 59 115 186 396 491 187 44 190 422 420 252 345 435 424 483 283 171 251 85 136 224 199 6 22 429 216 411 290 384 288 112 238 104 29 15 472 334 50 17 86 16 101 203 291 392 259 306 444 243 408 399 303 141 122 120 426 20 163 174 218 126 95 282 107 407 149 489 397 366 258 169 27 434 13 482 117 382 31 205 191 83 385 505 226 368 25 245 398 28 237 370 154 244 43 130 431 198 266 416 322 14 379 96 38 99 275 176 423 414 279 353 133 184 150 98 419 71 33 88 147 364 42 148 264 214 41 324 273 67 346 103 400 49 24 5 271 109 94 481 78 48 313 246 0 57 490 247 485 35 119 376 437 387 172 11 388 355 123 425 294 390 332 55 330 84 211 262 200 452 170 270 125 415 236 196 479 484 76 293 152 157 23 207 166 137 208 276 131 447 90 121 234 393 410 451 217 26 239 380 286 106 4 222 69 129 212 232 257 325 206 240 159 68 319 61 233 442 116 127 336 142 18 289 331 62 377 1 73 310 155 100 209 118 54 156 194 417 403 52 47 280 139 215 278 2 91 51 145 195 30 193 235 352 185 32 412 201 124 219 394 111 192 128 19 92 406 138 134 77 65 167 327 189 144 37 307 356 158 182 108 301 295 230 143 436 418 46 
322
347 229 378 180 7 373 160 173 302 132 40 263 9 161 221 105 179 227 248 3 409 386 223 164 153 151 255 58 253 183 74 225 53 338 317 344 110 249 421 10 395 401 241 63 59 115 186 396 491 187 44 190 422 420 252 345 435 424 483 283 171 251 85 136 224 199 6 22 429 216 411 290 384 288 112 238 104 29 472 334 50 17 86 16 101 203 291 392 259 306 444 243 408 399 303 141 122 120 426 20 163 174 218 126 95 282 407 107 149 489 397 366 258 169 27 13 482 117 382 31 205 191 83 385 505 226 368 25 245 398 28 237 370 154 244 43 130 431 198 266 416 322 14 379 96 38 99 275 176 423 414 279 353 133 184 150 98 419 71 33 88 147 364 42 148 264 214 41 324 273 67 346 103 400 49 5 271 109 94 481 78 48 313 246 0 57 490 247 485 35 119 376 437 387 172 11 388 355 123 425 294 390 332 55 330 84 211 200 452 170 270 125 415 236 196 479 484 76 293 152 157 23 207 166 137 208 276 131 447 90 121 234 393 410 451 217 26 239 380 286 106 4 222 69 129 212 232 257 325 206 240 159 68 319 61 233 116 127 336 142 18 289 331 62 377 1 73 310 155 209 118 54 156 194 417 403 52 47 280 139 215 278 2 51 145 195 193 235 352 185 32 412 201 124 219 394 111 192 128 19 92 406 138 134 77 167 327 189 144 37 307 356 158 182 108 301 295 230 143 436 418 46 
311
347 229 378 180 7 373 160 173 302 132 40 263 9 161 221 105 179 227 248 409 386 223 164 153 151 255 58 253 183 74 53 338 317 344 110 249 421 10 395 401 241 63 59 115 186 396 491 187 190 422 420 252 435 424 483 283 171 251 85 136 224 199 6 22 429 216 411 290 384 288 112 238 104 29 472 334 50 17 86 16 101 203 291 392 259 306 444 243 408 399 303 141 122 120 426 20 163 174 218 126 95 282 407 107 149 489 397 366 258 169 27 13 482 117 382 31 205 191 83 385 505 226 368 25 245 398 28 370 154 244 43 130 431 198 266 416 322 14 379 96 38 99 275 176 423 414 279 353 133 184 150 98 419 71 33 88 147 364 42 148 214 41 324 273 67 346 103 400 49 5 271 109 94 481 78 48 313 246 0 57 490 247 485 35 119 376 437 387 172 11 388 355 123 425 294 332 55 330 84 211 200 452 170 270 125 415 236 196 479 484 76 293 152 157 23 207 166 137 208 276 131 447 90 121 234 393 410 451 217 26 239 380 286 106 4 222 69 129 212 232 257 325 206 159 68 319 61 233 116 127 336 142 18 289 331 62 377 1 73 310 155 209 118 54 156 194 403 52 47 280 139 215 278 2 51 195 193 235 352 185 32 412 201 124 394 111 192 128 19 92 406 138 134 77 167 327 189 144 37 307 356 158 182 108 301 295 230 143 436 418 46 
300
257 273 347 325 67 472 346 334 103 206 400 49 50 229 17 282 378 5 271 109 86 16 94 180 159 7 68 373 160 101 481 173 302 78 48 132 61 233 291 259 116 306 313 392 243 127 408 444 336 142 399 263 9 246 0 303 141 161 57 122 120 221 20 163 426 490 18 247 105 289 174 218 485 331 179 310 35 62 1 95 126 73 227 377 155 248 119 209 118 54 407 107 409 386 376 156 194 437 387 172 223 164 153 149 151 397 489 366 258 255 58 11 388 355 123 52 253 403 47 183 74 280 425 139 169 27 53 215 278 294 2 338 332 317 344 51 110 330 84 211 249 13 421 482 10 117 203 195 200 452 193 235 352 382 401 185 32 31 170 241 63 59 205 412 270 125 191 201 83 115 124 394 186 396 111 385 505 226 491 368 192 236 196 25 245 128 19 415 479 187 28 484 92 190 76 406 422 293 138 152 420 370 252 157 154 244 43 23 435 134 77 207 424 431 166 137 483 167 171 283 251 198 276 266 416 189 85 322 14 131 136 90 144 96 38 199 6 447 379 37 22 429 224 121 275 176 234 393 423 307 410 451 216 217 26 414 239 380 353 279 286 411 356 106 133 158 182 184 150 108 301 295 98 230 4 290 143 436 384 419 418 71 33 288 112 69 46 88 147 364 42 129 212 148 232 238 29 214 41 324 
291
257 273 347 325 67 472 346 334 103 400 49 50 229 17 378 5 271 109 86 16 94 180 159 132 7 68 373 160 101 481 173 302 78 48 313 61 233 291 259 116 306 392 203 243 127 444 336 142 399 263 9 246 0 303 141 161 57 122 120 221 20 163 426 490 18 247 289 174 218 485 331 179 310 35 62 1 95 126 73 227 377 155 248 119 209 118 54 407 107 409 386 376 156 194 437 387 172 223 164 153 149 151 397 489 366 258 255 58 11 388 355 123 52 253 403 47 183 74 280 425 139 169 27 53 215 278 294 2 338 332 317 344 51 110 330 84 211 249 13 421 482 10 117 195 200 452 193 235 352 382 401 185 32 241 63 59 205 412 270 125 191 201 83 115 124 394 186 396 385 505 226 491 368 192 236 196 25 245 128 19 415 479 187 28 484 92 190 76 406 422 293 152 420 370 252 157 154 244 43 23 435 134 77 207 424 431 166 137 483 167 171 283 251 198 276 266 416 189 85 322 14 131 136 90 144 96 447 199 6 379 224 37 22 429 121 275 176 234 393 423 307 410 451 216 217 26 414 239 380 353 279 286 411 356 106 133 158 182 184 150 108 301 295 98 230 4 290 143 436 384 419 418 71 33 288 112 69 46 88 147 364 42 129 212 148 232 238 29 214 41 324 
279
257 273 347 325 67 472 346 334 103 400 49 50 229 17 378 5 271 109 86 16 94 180 159 132 7 68 373 481 101 160 173 302 78 48 313 61 291 392 259 116 306 203 444 243 336 142 399 263 9 246 0 303 141 57 122 120 221 20 163 426 490 18 247 289 174 218 485 331 179 35 62 1 95 126 73 227 377 155 248 119 310 118 54 407 107 409 386 376 194 437 387 172 223 164 153 149 151 397 366 258 255 58 11 388 355 123 52 253 403 47 183 74 280 425 139 169 27 53 215 294 2 338 332 317 344 51 110 330 84 211 249 13 421 482 10 117 200 452 193 235 352 382 401 185 32 241 63 59 205 412 270 125 191 201 83 115 124 394 186 396 385 505 226 491 368 192 236 415 25 245 128 19 479 187 28 484 92 190 76 406 422 293 152 370 252 157 154 244 43 23 435 134 77 424 431 166 137 483 167 171 283 251 198 276 266 416 189 85 322 14 131 136 90 144 96 447 199 379 224 121 37 22 429 275 176 234 393 423 307 410 451 216 217 26 414 239 380 353 279 286 411 356 106 133 158 182 184 150 108 301 295 98 230 4 290 143 436 384 419 418 71 33 288 112 69 46 88 147 364 42 129 212 148 232 238 29 214 41 324 
266
257 273 347 325 67 472 346 334 103 400 49 50 229 17 378 5 271 109 86 16 94 180 7 68 373 481 101 160 173 302 48 203 313 61 291 392 259 116 306 444 132 243 336 142 399 263 9 246 0 303 141 57 122 490 221 20 163 426 18 247 289 174 218 485 331 179 35 62 1 95 126 73 227 377 155 248 119 310 118 54 407 107 409 386 376 194 437 387 172 223 164 153 149 151 397 366 258 255 58 11 388 355 123 52 253 403 47 183 74 280 425 139 27 53 215 294 2 332 317 344 51 110 330 84 211 249 13 421 482 10 117 200 452 193 235 352 382 401 185 32 241 63 59 205 412 270 125 191 83 124 394 186 396 385 226 491 368 192 236 415 25 245 128 479 187 28 484 92 190 76 406 422 152 370 252 157 154 244 43 23 435 134 77 424 431 137 483 167 171 283 251 198 276 266 416 189 85 322 14 131 136 90 144 96 447 199 379 121 37 22 429 275 176 234 393 423 410 451 216 217 26 414 239 380 353 279 286 411 356 106 133 158 182 184 150 108 301 295 98 230 4 290 143 436 384 419 418 71 33 288 112 69 46 88 147 364 42 129 212 148 232 238 29 214 41 324 
261
257 273 347 325 67 472 346 334 103 400 49 50 229 17 378 5 271 109 16 94 180 7 68 373 481 101 160 173 302 48 203 313 61 291 392 259 116 306 444 132 243 336 142 399 263 9 246 0 303 141 57 122 490 221 20 163 426 18 247 289 174 218 485 331 179 35 62 1 126 227 73 377 119 155 248 95 310 118 54 407 107 409 386 376 194 437 387 172 223 164 153 149 151 397 366 258 255 58 11 388 355 123 52 253 403 47 183 74 280 425 139 27 53 215 294 2 332 317 344 51 330 84 211 249 13 421 482 10 200 452 193 235 352 382 401 185 32 241 63 59 205 412 270 125 191 83 124 394 186 396 385 226 491 368 192 236 415 25 245 128 479 187 28 484 92 190 76 406 422 152 370 252 157 154 244 43 23 435 134 77 424 431 137 483 167 171 283 251 198 276 266 416 189 85 322 14 131 136 90 144 96 447 199 379 121 37 22 429 275 176 234 393 423 410 451 216 217 26 414 239 380 353 279 286 411 356 106 133 158 182 184 150 108 301 295 98 230 4 290 143 436 384 419 418 71 33 288 112 69 88 147 364 42 129 148 232 238 29 214 41 324 
252
257 273 347 325 67 472 346 334 103 400 49 50 229 17 378 5 271 109 16 94 180 7 373 481 101 160 173 302 48 203 313 61 291 444 259 116 306 132 243 336 142 399 263 9 246 0 303 141 57 122 490 426 20 163 18 247 289 174 218 485 331 179 35 62 1 126 227 73 377 119 155 248 95 310 118 54 407 107 409 386 376 194 437 387 223 164 153 149 151 397 366 258 255 58 11 388 355 123 52 403 253 47 183 74 280 425 27 53 215 294 2 317 344 51 330 84 211 249 13 421 10 200 452 193 235 352 382 401 185 32 241 63 59 205 412 270 125 191 83 124 394 186 396 385 226 491 368 192 415 25 245 128 479 187 28 484 92 190 76 406 422 152 370 252 157 154 244 43 23 435 134 77 424 431 137 483 167 171 283 251 198 276 266 416 189 85 322 14 131 136 90 144 96 447 199 379 121 37 22 429 275 176 234 393 423 410 451 216 217 26 414 239 380 353 279 286 411 356 106 133 158 182 184 150 108 301 295 98 4 290 143 436 384 419 418 71 33 288 112 69 88 147 364 42 129 148 232 238 29 214 41 324 
245
257 273 347 325 67 472 346 103 400 49 50 229 17 378 271 109 16 94 7 373 481 101 160 173 302 48 203 313 61 291 444 259 116 306 132 243 336 142 399 263 9 246 0 303 141 57 122 490 426 20 163 18 247 289 174 218 485 331 179 35 62 1 126 227 73 377 119 155 248 95 310 118 54 407 107 409 386 376 194 437 387 223 164 153 149 151 397 366 258 255 11 388 355 123 52 403 253 47 183 74 280 425 27 53 215 294 2 317 344 51 330 84 211 249 13 421 10 200 452 193 235 352 382 401 185 32 241 63 59 205 412 270 125 191 83 124 394 186 396 385 226 491 368 192 415 25 245 128 479 187 28 484 92 190 76 406 422 152 370 252 157 154 244 43 23 435 134 77 424 431 137 483 167 171 283 251 198 276 266 416 189 85 14 131 136 90 144 96 447 199 379 121 37 429 275 176 234 393 423 410 451 216 217 26 414 239 380 353 279 286 411 356 106 133 158 182 184 150 108 301 295 98 4 290 143 384 419 418 71 33 288 112 69 88 147 364 42 129 148 232 238 29 214 41 324 
235
257 273 347 325 67 472 346 103 400 49 50 229 17 378 271 109 16 94 7 373 481 101 160 173 302 48 203 313 61 291 444 259 116 306 132 243 336 142 399 263 9 246 0 303 141 57 122 490 426 20 163 247 289 174 218 485 331 179 35 62 1 126 227 73 377 119 155 248 95 310 118 54 407 107 409 386 376 194 437 387 223 164 153 149 151 397 258 255 11 388 355 52 253 47 183 74 280 425 27 53 215 294 2 317 344 51 330 84 211 249 13 421 10 200 452 193 235 352 382 401 185 32 241 63 59 205 412 270 125 191 83 124 394 186 396 385 226 491 368 192 415 25 245 128 479 187 28 92 190 76 406 422 152 370 252 157 154 244 23 435 134 77 424 431 137 483 167 283 251 198 276 266 416 189 85 14 131 136 90 144 96 447 199 379 121 37 429 275 176 234 393 423 410 451 216 414 239 380 353 279 286 411 356 106 133 158 182 184 150 108 301 295 98 4 290 143 384 419 418 71 33 288 112 69 88 147 364 42 129 232 238 29 214 41 324 
227
257 273 347 325 67 472 103 400 50 229 17 378 271 109 16 94 7 373 481 101 160 173 302 48 203 313 61 291 444 259 116 306 132 243 336 142 399 246 0 141 57 122 490 426 20 163 247 289 174 218 485 331 179 35 62 1 126 227 73 377 119 155 248 95 310 118 54 407 107 409 386 194 437 387 223 164 153 149 151 397 258 255 11 388 355 52 253 47 183 74 280 425 27 53 215 294 2 317 344 51 330 84 211 249 13 421 10 200 452 193 235 352 382 401 185 32 241 63 59 205 412 270 125 191 83 124 394 186 396 385 491 368 192 415 25 245 128 479 187 28 92 190 76 406 422 152 370 252 157 154 244 23 435 134 77 424 431 137 483 167 283 251 198 276 266 416 189 85 14 131 136 90 144 96 447 199 379 121 37 429 275 176 234 393 423 410 451 216 414 239 380 353 279 286 411 356 106 133 158 182 184 150 108 295 98 4 290 143 384 419 418 71 33 288 112 69 88 147 364 42 129 232 238 29 214 41 324 
