13
397
174 286 183 382 392 340 321 92 396 103 246 310 159 14 59 111 333 443 129 323 175 84 408 133 169 292 34 420 487 354 74 99 378 37 328 362 327 345 112 359 22 204 324 25 281 185 116 187 400 67 57 104 446 290 264 63 97 216 481 86 338 282 180 266 186 379 471 13 273 252 69 364 390 242 510 95 137 53 277 256 371 403 39 505 105 417 191 409 48 161 477 303 166 348 40 65 21 70 212 224 406 395 221 200 288 196 368 90 138 380 342 72 418 101 361 88 482 197 102 114 75 444 66 415 120 132 20 490 30 366 110 218 384 318 208 33 79 26 189 117 177 298 23 355 339 357 263 128 122 195 401 372 276 107 349 176 147 11 9 18 312 214 168 370 334 302 178 488 8 76 154 341 317 29 353 386 83 142 190 123 19 157 119 135 56 377 397 163 173 507 241 201 28 215 182 229 374 330 155 43 332 222 279 325 27 385 35 134 5 192 240 145 383 284 71 141 80 267 68 91 373 62 367 156 405 143 203 389 2 335 391 398 456 494 414 81 10 170 118 139 45 402 423 259 356 231 209 51 136 234 106 315 149 424 151 58 421 93 358 52 369 41 346 144 181 451 193 152 336 82 255 153 55 217 0 167 219 435 188 199 50 329 60 164 500 6 205 413 247 206 422 150 4 96 300 278 294 351 125 211 237 54 126 115 1 258 412 360 87 411 109 124 36 171 483 210 179 24 285 213 160 77 410 280 509 47 387 17 61 319 225 49 289 12 430 253 291 306 73 7 130 320 78 140 297 113 244 301 250 249 461 363 307 404 15 131 376 352 127 223 162 268 375 184 94 381 64 394 287 419 146 202 343 158 227 32 416 472 148 347 388 100 194 85 198 344 399 207 350 3 121 326 98 365 38 165 31 
388
174 286 183 382 392 340 321 92 396 103 246 310 159 14 59 333 443 129 323 175 84 133 169 292 34 420 487 354 74 99 378 37 328 362 327 345 112 359 22 324 25 281 185 116 187 400 67 57 104 446 290 264 63 97 216 481 86 338 282 180 266 186 379 471 13 273 252 69 364 390 242 510 95 137 53 277 256 371 403 39 505 105 417 191 409 48 161 477 303 166 348 40 65 21 70 212 224 406 395 221 200 288 196 368 90 138 380 342 72 418 101 361 88 197 102 114 75 444 66 415 120 132 20 490 30 366 110 218 384 318 33 79 26 189 117 177 298 23 355 339 357 263 128 122 195 401 372 276 107 349 176 147 11 9 18 312 214 168 370 334 302 178 488 8 76 154 341 317 29 353 386 83 142 190 123 19 157 119 135 56 377 397 163 173 507 241 201 28 215 182 229 374 330 155 43 332 222 279 325 27 385 35 134 5 192 240 145 383 284 71 141 80 267 68 91 373 62 367 156 405 143 203 389 2 335 391 398 456 494 414 81 10 170 118 139 45 402 423 356 231 209 51 136 234 106 315 149 424 151 58 421 93 358 52 369 41 346 144 181 451 193 152 336 82 255 55 217 0 167 219 435 188 199 50 329 60 164 500 6 205 413 247 206 422 150 4 96 300 278 294 351 125 211 237 54 126 115 1 258 412 360 87 411 109 124 171 483 210 179 24 285 213 160 77 410 280 509 47 387 17 61 319 225 49 289 12 430 253 291 306 73 7 130 320 78 140 297 113 244 301 250 249 461 363 307 404 15 131 376 352 127 223 162 268 375 184 94 381 64 394 287 419 146 202 343 158 227 32 416 472 148 347 388 100 194 85 198 344 399 207 350 3 121 326 98 365 38 31 
374
174 286 183 382 392 340 321 92 396 103 246 310 159 14 59 333 443 129 323 175 84 133 169 292 34 420 487 354 74 99 378 37 328 362 327 345 112 359 22 324 25 281 185 116 187 67 57 104 446 290 264 63 97 216 481 86 338 282 180 266 186 379 471 13 273 252 69 364 390 242 510 95 137 53 256 371 403 39 505 105 417 191 409 48 161 477 303 166 348 40 65 21 70 212 224 406 395 221 200 288 196 368 90 138 380 342 72 418 101 361 88 197 114 102 75 444 66 415 120 132 20 490 30 366 110 218 384 318 33 79 26 189 117 177 298 23 355 339 357 263 128 122 195 401 372 276 107 176 147 11 9 18 312 214 168 370 334 302 178 488 8 76 154 341 29 353 386 83 142 190 123 19 157 119 135 56 377 397 163 173 241 201 28 215 182 229 374 330 155 43 332 222 325 27 385 35 134 5 192 240 145 284 71 141 80 267 68 91 373 62 367 156 405 143 203 389 2 335 391 398 456 494 414 81 10 170 118 139 45 402 423 356 231 209 51 136 234 106 315 149 151 58 421 93 358 52 369 41 346 144 181 451 152 336 82 255 55 217 0 219 435 188 199 50 329 60 164 500 6 205 413 247 206 422 150 4 96 300 278 294 351 125 211 237 54 126 115 1 258 412 360 87 411 109 124 171 483 210 179 24 285 213 160 410 280 509 47 387 17 61 319 225 49 289 12 430 253 291 306 7 130 320 78 140 297 113 244 301 250 249 461 307 15 131 376 352 127 223 162 268 375 184 94 381 64 394 287 419 146 202 343 158 227 32 416 472 148 347 388 100 194 85 198 344 399 207 350 3 121 326 98 365 38 31 
361
174 286 183 382 392 340 321 92 396 103 246 310 159 14 59 333 443 129 323 175 84 133 169 292 34 420 487 354 74 99 378 37 328 362 327 345 112 359 22 324 25 281 185 116 187 67 57 104 446 290 264 63 97 216 481 86 282 180 186 379 471 13 273 252 69 364 390 242 510 95 137 53 371 403 39 505 105 417 191 409 48 161 477 303 166 348 40 65 21 70 212 224 406 395 221 200 288 196 368 90 138 380 342 72 418 101 88 197 114 102 75 444 66 415 120 132 20 490 30 366 110 218 384 318 79 26 189 117 177 298 23 355 357 339 263 128 122 195 401 372 276 107 176 147 11 9 18 312 214 168 370 334 302 178 488 8 76 154 341 29 353 386 83 142 190 123 19 157 119 135 56 377 397 163 173 241 201 28 215 182 229 374 330 155 43 332 222 325 27 385 35 134 5 192 240 145 284 71 141 80 267 68 91 373 62 156 405 143 203 389 2 335 391 398 456 494 414 81 10 170 118 139 45 402 423 356 231 209 51 136 234 106 315 149 151 58 421 93 358 52 369 41 346 144 181 451 152 336 82 255 55 217 0 219 435 199 50 329 60 164 500 6 205 247 206 422 150 4 96 300 278 294 351 125 211 237 54 126 115 1 258 412 360 87 411 109 124 171 483 210 179 24 285 213 160 410 280 509 47 387 17 61 319 225 49 289 12 430 253 291 306 7 130 320 78 140 297 113 244 250 249 461 307 131 376 352 127 223 162 375 184 94 381 64 394 287 419 146 202 343 158 32 416 472 148 347 388 194 85 198 344 399 207 350 3 121 326 98 365 38 31 
346
174 286 183 382 392 340 321 92 396 103 246 310 159 14 59 333 443 129 175 84 133 169 292 34 420 354 74 99 378 37 328 362 327 345 112 359 22 324 25 281 185 116 187 67 57 104 446 264 63 97 216 481 86 282 180 186 379 471 13 273 252 69 364 390 242 510 95 137 53 371 403 39 505 105 417 191 409 48 161 477 303 166 348 40 65 21 224 406 395 221 200 288 196 368 90 138 380 342 72 418 101 88 197 114 102 75 444 66 415 120 132 20 490 30 366 110 218 384 318 79 189 117 177 298 23 355 357 339 263 128 122 195 401 372 276 107 176 147 11 9 18 312 214 168 370 334 302 178 488 8 76 341 154 29 353 386 83 142 190 123 19 119 135 56 377 397 163 173 201 28 215 182 229 374 330 155 43 332 325 27 35 134 5 192 240 145 284 71 141 80 267 68 91 373 62 156 405 143 203 389 2 335 391 398 456 494 414 81 10 170 118 139 45 402 356 231 209 51 136 234 106 315 149 151 58 421 93 358 52 369 41 346 144 181 451 152 336 82 255 55 217 0 219 435 199 50 329 60 164 500 6 205 247 206 422 150 4 96 300 278 294 351 125 211 237 54 126 115 1 258 412 360 87 411 109 171 483 210 179 24 285 213 160 410 280 509 47 387 17 61 319 225 49 289 12 430 253 291 306 7 130 320 78 140 297 113 244 250 249 307 131 376 352 127 223 162 375 184 94 381 64 394 287 419 146 202 343 158 32 416 148 347 388 194 85 198 344 399 207 350 3 326 98 365 38 31 
336
174 286 183 382 392 340 321 92 396 103 246 310 159 14 59 333 443 129 175 84 133 169 292 34 420 354 74 99 378 37 328 362 327 345 112 359 22 324 25 281 185 116 187 67 57 104 446 264 63 97 216 481 86 282 180 186 379 471 13 273 252 69 390 242 510 95 137 53 371 403 39 505 105 417 191 409 48 161 303 166 348 40 65 21 224 406 395 221 200 288 196 368 90 138 380 342 72 418 101 88 197 114 102 75 444 66 415 120 132 20 490 30 366 110 218 384 318 79 189 117 177 298 23 355 357 339 263 128 122 195 401 372 276 107 176 147 11 9 18 312 214 168 370 334 302 178 488 8 76 341 154 29 353 386 83 142 190 123 19 119 135 56 377 397 163 173 201 28 215 182 229 374 330 155 43 332 325 27 35 134 5 192 240 145 284 71 141 80 267 68 62 156 405 143 203 389 2 335 391 398 456 494 414 81 10 170 139 45 402 356 209 51 136 234 106 315 149 151 58 421 93 358 52 369 41 346 144 181 451 152 336 82 255 55 217 0 219 435 199 50 329 60 164 500 6 205 247 206 422 150 4 300 278 294 351 211 125 237 54 126 115 1 258 412 360 87 411 109 171 483 210 179 24 285 213 160 410 280 387 17 61 319 225 49 289 12 430 253 291 306 7 130 320 78 140 297 113 250 249 307 131 376 352 127 223 162 375 184 94 381 64 394 287 419 146 202 343 158 32 416 148 347 388 194 85 198 344 399 207 350 3 326 98 365 38 31 
323
174 286 183 382 392 340 321 92 396 103 246 310 159 14 59 333 443 129 175 84 133 169 292 34 420 354 74 99 378 37 328 362 327 345 112 359 22 324 25 281 185 116 67 57 104 446 264 63 97 216 481 86 282 180 379 471 13 273 252 390 242 510 95 137 53 371 403 39 505 105 417 191 409 48 161 303 166 348 40 65 21 224 406 395 221 200 288 196 368 138 380 342 72 418 88 197 102 75 444 66 415 120 132 20 490 366 110 218 384 318 79 189 117 177 298 23 355 357 339 263 128 122 195 401 372 276 107 176 147 11 9 18 214 168 370 302 178 488 8 76 341 154 29 353 386 83 142 190 123 19 119 135 56 377 397 163 173 201 28 215 182 229 374 330 155 43 332 325 27 35 134 5 192 240 145 284 71 141 80 267 68 62 156 405 143 203 389 2 335 391 398 456 494 414 81 10 170 139 45 402 356 209 51 136 234 106 315 149 151 58 421 93 358 52 369 41 346 144 181 451 152 336 82 255 55 217 0 435 199 50 329 60 164 500 6 205 247 206 422 150 4 300 278 294 351 211 125 237 54 126 1 258 412 360 87 411 109 171 483 210 179 24 285 213 160 410 280 387 17 61 319 225 49 12 430 253 291 306 7 130 320 78 140 297 113 250 249 307 131 376 352 127 223 162 375 184 94 381 394 64 287 419 146 202 343 158 32 416 148 347 388 194 85 198 344 399 207 350 3 98 365 38 31 
316
174 286 183 382 392 340 321 92 396 103 246 310 159 59 333 443 129 175 84 133 169 292 34 420 354 74 99 378 37 328 362 327 345 112 359 22 324 25 281 185 116 67 57 104 446 264 63 97 216 481 86 282 180 379 471 13 273 252 390 242 510 95 53 371 403 39 505 105 417 191 409 48 161 303 166 348 40 65 21 224 406 395 221 200 288 196 368 138 380 342 72 418 88 197 75 444 66 415 120 132 20 490 366 110 218 384 318 79 189 117 177 298 23 355 357 339 263 128 122 195 401 372 276 107 176 147 11 9 18 214 168 370 302 178 488 8 76 341 154 29 353 386 83 142 190 123 19 119 135 56 377 397 163 173 201 28 215 182 229 374 330 155 43 332 325 35 134 5 192 240 145 284 71 141 80 267 68 62 156 405 143 203 389 2 335 398 456 494 414 81 10 170 139 45 402 356 209 51 136 234 106 315 149 151 58 421 93 358 52 369 346 144 181 451 152 336 82 255 55 217 0 435 199 329 60 164 500 6 205 247 206 422 150 4 300 278 294 351 211 125 237 54 126 1 258 412 360 87 411 109 171 483 210 179 24 285 213 160 410 280 387 17 61 319 225 49 12 430 253 291 306 7 130 320 78 140 297 113 250 249 307 131 376 352 127 223 162 375 184 94 381 394 64 287 419 146 202 343 158 32 416 148 347 388 194 85 198 344 399 207 350 3 98 365 38 31 
299
43 332 109 21 286 183 382 392 340 321 224 92 171 406 396 395 483 103 325 246 210 310 35 159 221 200 134 288 5 192 196 240 59 368 179 24 333 145 285 138 443 129 175 213 284 72 84 160 71 141 342 80 267 68 418 133 169 410 280 88 387 62 34 17 156 61 405 319 225 197 389 203 49 75 444 2 335 398 12 430 456 415 494 120 354 414 81 10 253 132 99 291 170 306 378 20 37 139 490 366 45 402 7 110 130 362 320 218 327 384 318 345 359 356 78 209 51 22 136 79 324 189 25 297 281 113 106 234 315 149 116 250 249 151 117 58 421 177 307 93 298 23 355 67 358 357 339 57 131 104 376 52 369 446 352 263 127 128 63 122 264 223 195 372 401 346 144 276 162 107 97 181 216 86 451 481 282 180 152 176 147 11 82 336 379 375 399 471 255 13 9 411 55 217 0 184 18 94 381 394 64 273 435 252 214 287 199 419 168 146 202 370 390 343 242 302 329 178 95 510 60 53 488 500 6 158 8 76 341 154 205 371 29 247 353 386 206 83 4 142 150 32 403 190 416 123 278 294 19 300 351 39 211 125 505 119 105 135 417 148 191 54 237 56 377 397 126 163 347 388 194 1 85 409 48 161 155 28 198 201 207 166 215 3 258 182 344 348 412 350 98 360 87 40 374 365 65 330 31 
291
43 332 109 21 286 183 382 392 340 321 224 92 171 406 396 395 483 103 325 246 210 310 35 159 221 134 288 5 192 196 240 59 368 179 24 333 145 285 138 443 129 175 213 284 72 84 342 71 141 418 80 267 68 133 169 410 280 88 387 62 34 17 156 61 405 319 225 197 389 203 49 75 444 2 335 398 12 430 456 415 494 120 354 414 81 10 253 132 99 291 170 306 378 20 37 139 490 366 45 402 7 110 130 362 320 218 327 384 318 345 359 356 78 209 51 22 136 79 324 189 25 297 281 113 106 234 315 149 116 250 249 151 117 58 421 177 307 93 298 23 355 67 358 357 339 57 131 104 376 52 369 446 352 263 127 128 63 122 401 223 372 346 144 276 162 107 97 181 216 86 451 481 282 180 152 176 147 11 82 336 379 375 399 471 255 13 9 411 55 217 0 184 18 94 381 394 64 273 435 252 214 287 199 419 168 146 202 370 390 343 242 302 329 178 510 60 53 488 500 6 158 8 76 154 205 371 29 247 386 206 150 4 142 32 403 190 416 123 278 294 19 300 351 39 125 211 505 119 105 135 417 148 191 54 237 56 377 397 126 163 347 388 194 1 85 409 48 161 155 28 198 201 207 166 215 3 258 182 344 348 412 350 98 360 87 40 374 365 65 330 31 
278
43 332 109 21 286 183 382 392 340 321 224 92 171 406 396 395 483 103 325 246 210 310 35 159 221 134 288 5 192 196 240 59 368 179 24 333 145 285 138 443 129 175 284 342 72 84 418 141 71 80 267 68 169 280 88 387 17 156 61 405 319 225 197 389 203 49 75 444 2 335 398 12 430 456 415 494 120 354 414 81 10 253 132 99 291 170 306 378 37 139 490 366 45 402 7 110 130 362 320 218 327 384 318 345 356 78 209 51 22 136 79 324 189 25 297 281 113 106 234 315 149 116 250 249 151 117 58 421 177 307 93 298 23 355 67 358 339 57 131 104 376 52 369 446 352 263 127 63 122 401 223 346 144 276 162 107 97 181 481 216 451 282 180 152 176 147 11 82 336 379 375 399 471 255 13 9 411 55 217 0 184 18 94 381 394 64 273 435 214 287 199 419 168 146 202 370 390 343 242 302 329 178 510 60 53 488 500 6 158 8 76 154 205 371 29 247 386 206 150 4 142 32 403 190 416 123 278 294 19 300 351 39 125 211 505 119 105 135 417 148 191 54 237 56 377 397 126 163 347 194 1 85 409 48 161 155 28 198 201 207 166 215 3 258 182 344 348 412 350 98 360 87 40 374 365 65 330 31 
266
43 332 109 21 286 183 382 392 340 321 224 92 171 406 396 395 483 103 325 246 210 310 35 159 221 134 288 5 192 196 240 59 368 179 24 333 145 285 138 443 129 175 284 342 72 84 418 141 71 80 267 68 169 280 88 387 17 156 61 405 319 225 197 389 203 49 75 444 2 335 398 12 430 456 415 494 120 354 414 81 10 253 132 99 170 306 378 37 139 490 366 45 402 110 130 362 320 218 327 384 318 345 356 78 209 51 22 136 79 324 189 25 297 281 113 106 234 315 149 116 250 249 151 117 421 177 298 93 31 23 355 67 358 339 57 131 104 376 446 369 52 352 263 127 122 401 223 144 276 97 107 181 481 216 451 282 180 152 176 147 11 82 336 379 375 471 255 13 9 411 55 217 184 18 94 381 394 64 273 435 214 287 199 419 168 146 202 370 390 242 343 302 329 178 510 60 53 488 500 6 158 8 76 154 205 371 29 247 386 206 4 142 32 403 190 416 123 278 294 19 300 351 39 125 211 505 119 105 135 417 148 191 54 237 56 377 397 126 163 347 194 1 85 409 48 161 198 28 201 207 215 166 258 344 348 182 399 412 3 350 360 374 365 65 330 155 
256
43 109 21 286 183 382 392 340 321 224 92 171 406 396 395 483 103 210 310 35 159 221 134 288 5 192 196 240 59 368 179 24 333 145 285 138 443 129 175 284 342 72 84 418 141 71 80 267 68 169 280 88 387 17 156 61 405 319 225 197 389 203 49 75 444 2 335 398 12 430 456 415 494 120 354 414 81 10 253 132 99 170 306 378 37 139 490 366 45 402 110 130 362 320 218 327 384 318 345 356 78 209 51 22 136 79 324 189 25 297 281 113 106 234 315 149 116 250 249 151 117 421 177 298 93 31 23 355 67 358 339 57 131 376 446 369 52 352 263 127 122 401 223 144 97 107 181 481 216 451 282 180 152 176 147 11 336 379 471 375 255 13 9 411 55 217 184 18 94 381 394 64 273 435 287 199 419 168 146 202 370 390 242 343 302 329 178 510 60 53 488 500 6 158 8 76 154 205 371 247 386 206 4 142 32 403 190 416 300 278 294 19 123 351 39 125 211 505 105 135 417 148 191 54 237 56 377 126 163 347 194 1 85 409 48 161 198 28 201 207 215 166 258 344 348 182 399 412 3 350 360 374 365 65 330 155 
