19
410
5 296 235 133 131 269 119 477 503 64 165 83 198 32 456 196 238 33 195 0 265 65 141 298 299 134 211 39 38 438 274 242 439 143 399 24 409 164 204 87 73 295 401 31 286 420 114 321 283 81 464 293 197 556 262 372 379 387 80 30 86 194 334 279 169 537 243 129 183 121 150 22 8 91 77 207 223 89 148 276 215 493 414 82 301 186 160 362 94 84 282 36 13 101 361 161 310 460 54 236 202 259 227 261 79 217 554 41 26 137 315 115 187 251 15 254 88 175 402 117 11 200 46 17 55 219 343 108 388 72 71 375 304 100 130 255 163 212 290 44 78 152 1 171 284 428 465 349 58 485 411 75 57 275 28 4 292 505 210 257 51 120 566 56 29 226 180 291 96 237 271 306 355 209 166 185 260 247 220 498 27 250 550 18 403 246 34 395 230 398 488 167 548 400 110 103 231 515 63 23 172 570 245 156 346 188 404 149 222 50 318 240 132 258 405 234 93 157 323 559 278 104 442 205 396 289 365 76 102 320 549 40 527 162 366 122 249 61 233 221 127 241 16 449 184 462 569 6 123 66 147 324 118 562 173 92 568 252 547 144 158 213 340 192 384 112 311 312 199 10 339 128 2 142 268 270 59 256 277 272 386 267 193 139 305 177 357 9 287 12 263 124 317 190 138 564 178 492 176 109 368 534 359 60 557 408 168 463 67 95 146 341 253 21 62 107 179 239 348 364 43 436 19 567 7 218 322 433 201 111 49 480 181 565 174 281 153 367 297 106 314 294 266 145 214 189 288 99 105 48 300 136 244 14 98 536 116 155 85 125 135 225 330 280 521 302 53 42 344 264 229 452 424 69 182 391 491 25 332 356 154 3 273 208 397 140 97 319 451 126 20 70 37 151 224 216 228 206 74 68 560 170 47 248 45 90 326 191 52 113 
400
5 296 235 133 269 119 477 503 64 165 83 198 32 456 196 238 33 195 0 265 65 141 298 299 134 211 39 38 438 274 242 439 143 399 409 164 204 87 73 295 401 31 286 420 114 321 283 81 464 293 197 556 262 372 379 387 80 30 86 194 334 279 169 537 243 129 183 121 22 8 91 77 207 223 89 148 276 215 414 82 301 186 160 362 94 84 282 36 13 101 361 161 310 460 54 236 202 259 227 261 79 554 41 26 137 315 115 187 251 15 254 88 175 402 117 11 200 46 17 55 219 343 108 388 72 71 375 304 100 130 255 163 212 290 44 78 152 1 171 284 428 465 349 58 485 411 75 57 275 28 4 292 505 210 257 51 120 566 56 29 226 180 291 96 237 271 306 355 209 166 185 260 247 220 498 27 250 550 18 403 246 34 395 230 398 488 167 548 400 110 103 231 63 23 172 570 245 156 346 188 404 149 222 50 318 240 132 258 405 234 93 157 323 559 278 104 205 396 289 365 76 102 320 549 40 527 162 366 122 249 61 233 221 127 241 16 449 184 462 6 123 66 147 324 118 562 173 92 568 252 547 144 158 213 340 192 384 112 311 312 199 10 339 128 2 142 268 270 59 256 277 272 386 267 193 139 305 177 357 9 287 12 263 124 317 190 138 564 178 492 176 109 368 534 359 60 557 408 168 463 67 95 146 341 253 21 62 107 179 239 348 364 43 436 19 567 7 218 322 433 201 111 49 480 181 565 174 281 153 367 297 106 314 294 266 145 214 189 288 99 105 48 300 136 244 14 98 536 116 155 85 125 135 225 330 280 521 302 53 42 344 264 229 452 424 69 182 391 491 25 332 356 154 3 273 208 397 97 319 451 126 20 70 37 151 224 216 228 206 74 68 560 170 47 248 45 90 191 52 113 
388
5 296 235 133 269 119 477 503 64 165 83 198 32 456 196 238 33 195 0 265 141 298 299 134 211 39 38 438 274 242 439 143 399 409 164 204 87 73 295 401 31 286 420 114 321 283 81 464 293 197 556 262 372 379 387 80 30 86 194 334 279 169 537 243 129 183 121 8 77 207 223 89 148 276 215 414 82 301 186 160 362 94 282 36 13 101 361 161 310 460 54 236 202 259 227 261 79 554 41 26 137 315 115 187 251 15 254 88 175 402 117 11 200 46 17 55 219 343 108 388 72 375 100 130 255 163 290 44 78 152 1 171 284 428 465 349 58 485 411 75 57 275 28 4 292 505 210 257 51 120 566 56 29 226 180 291 96 237 271 306 355 209 166 185 260 247 220 498 27 250 550 18 403 246 34 230 398 488 167 548 400 110 103 231 63 23 172 570 245 156 346 188 404 149 222 50 318 240 132 258 405 234 93 157 323 559 278 104 205 396 289 365 76 102 320 549 40 527 162 366 122 249 61 233 221 127 241 16 449 184 462 6 123 66 147 324 118 562 173 92 568 252 547 144 158 213 340 192 384 112 311 312 199 10 339 128 2 142 268 270 59 256 277 272 386 267 193 139 305 177 357 9 287 12 263 124 317 190 138 564 178 492 176 109 368 534 359 60 557 168 463 67 95 146 341 253 21 62 107 179 239 348 364 43 436 19 567 7 218 322 433 201 111 49 480 181 565 174 281 153 367 297 106 314 294 266 189 288 99 105 48 300 136 244 98 14 536 116 155 85 125 135 225 330 280 521 302 53 42 344 229 452 424 69 182 391 491 25 332 356 154 3 273 208 397 97 319 451 126 20 70 37 151 224 216 228 206 74 68 560 170 47 248 90 45 191 52 113 
375
5 296 235 133 269 119 477 503 64 165 83 198 32 456 196 238 33 195 0 265 141 298 299 134 211 39 38 438 274 242 439 143 399 409 164 204 87 73 295 31 286 420 114 321 283 81 464 293 197 556 262 379 387 80 30 86 194 279 169 537 243 129 183 121 8 77 207 223 89 148 276 215 414 82 301 160 362 94 282 36 13 101 361 161 310 460 54 236 202 259 227 261 79 554 41 26 137 315 115 187 251 254 15 88 175 402 117 11 200 46 17 55 219 108 388 72 375 100 130 163 290 44 78 152 1 171 284 428 465 349 485 411 75 57 275 28 4 292 505 210 257 51 120 566 56 29 226 180 291 96 237 271 306 355 209 166 185 260 247 220 498 27 250 550 18 403 246 34 230 398 488 167 548 400 110 103 231 63 23 172 570 245 156 346 188 404 149 222 50 318 240 132 258 405 234 93 157 323 559 278 104 205 396 289 365 76 102 320 549 40 527 162 366 122 61 233 221 127 241 16 449 184 462 6 123 66 147 324 118 562 173 92 568 252 547 144 158 213 340 192 384 112 311 312 199 10 339 128 2 142 268 270 59 256 277 272 386 267 193 139 305 177 357 9 287 12 263 124 317 190 138 564 178 492 176 109 368 534 359 60 557 168 463 67 95 146 341 253 21 62 107 239 348 364 43 436 19 567 218 322 433 201 111 49 480 181 565 174 281 153 367 297 106 314 294 266 189 288 99 105 48 300 136 244 98 536 116 155 85 125 135 225 330 280 521 302 42 344 229 452 424 69 182 391 491 25 332 356 154 3 273 208 397 97 319 451 126 20 70 37 151 224 216 228 206 74 68 560 47 248 90 45 191 52 113 
366
5 235 133 269 119 477 503 64 165 83 198 32 456 196 238 33 195 0 265 141 298 299 134 211 39 38 438 274 242 439 143 399 409 164 204 87 73 295 31 286 420 114 283 81 464 293 197 556 262 379 387 80 86 194 279 169 243 129 183 121 8 77 207 223 89 148 276 215 414 82 301 160 362 94 282 36 13 101 361 161 310 460 236 202 259 227 261 79 554 41 26 137 315 115 187 251 254 15 88 175 402 117 11 200 46 17 55 219 108 388 72 375 100 130 163 290 44 78 152 1 171 284 428 465 349 485 411 75 57 275 28 4 292 505 210 257 51 120 566 56 29 226 180 291 96 237 271 306 355 209 166 185 260 247 220 498 27 250 550 18 403 246 34 230 398 488 167 548 400 110 103 231 63 23 172 570 245 156 188 404 149 222 50 318 240 132 258 405 234 93 157 323 559 278 104 205 396 289 365 76 102 320 40 527 162 366 122 61 233 221 127 241 16 449 184 462 6 123 66 147 324 118 562 173 92 568 252 547 144 158 213 340 192 384 112 311 312 199 10 339 128 2 142 268 270 59 256 277 272 386 267 193 139 305 177 357 9 287 12 263 124 317 190 564 178 492 176 109 368 534 359 60 557 168 463 67 95 146 341 253 21 62 107 239 348 364 43 436 19 567 218 322 433 201 111 49 480 181 565 174 281 153 367 297 106 314 294 266 189 288 99 105 48 300 136 244 98 536 116 155 85 125 135 330 280 521 302 42 344 229 452 424 69 182 391 491 25 332 356 154 3 273 208 397 97 319 451 126 20 70 37 151 224 216 228 206 74 68 560 47 248 90 45 191 52 113 
351
5 235 133 269 119 477 503 64 165 83 198 32 456 196 238 33 0 265 141 298 299 134 211 39 38 438 274 242 439 143 399 409 164 204 87 73 295 286 420 114 283 81 464 293 197 556 262 379 387 80 86 194 279 169 243 129 183 121 8 77 207 223 89 148 276 215 414 82 301 160 362 94 282 36 13 101 361 161 310 460 202 259 227 261 79 554 41 26 137 315 115 187 251 254 15 88 175 402 11 200 46 55 219 108 388 72 375 100 130 163 290 44 78 152 1 171 284 428 465 349 485 411 75 275 28 4 292 505 210 257 51 120 566 56 29 226 180 291 96 237 271 306 355 209 166 185 247 220 27 250 550 18 403 246 34 230 398 488 167 400 110 103 231 63 23 570 245 156 188 404 149 50 318 240 132 258 405 234 93 157 323 559 278 104 205 396 289 365 76 102 320 40 527 162 366 122 61 233 221 127 241 16 449 184 462 6 123 66 147 324 118 562 173 568 252 547 144 158 213 340 192 384 112 311 312 199 10 339 128 2 142 268 270 59 256 277 272 386 267 139 305 177 357 9 287 12 263 124 317 190 564 178 492 176 109 368 534 359 60 557 168 463 67 95 146 341 253 21 62 107 239 348 364 43 436 19 567 218 322 433 201 111 49 480 181 565 174 281 153 367 297 106 314 294 266 189 288 99 105 48 300 136 98 536 116 155 85 125 135 330 280 521 302 42 344 229 452 424 182 391 491 25 332 356 154 3 273 208 397 97 319 451 126 20 70 37 151 224 216 228 206 74 68 560 47 248 90 45 191 52 113 
341
5 235 269 119 477 503 64 165 83 198 32 456 196 238 33 0 265 141 298 299 134 211 39 38 438 274 242 143 399 409 164 204 87 73 295 286 420 114 283 81 464 293 197 556 262 379 387 80 86 194 279 169 243 129 183 121 8 77 207 223 89 148 276 215 414 82 301 160 362 94 282 36 13 361 101 161 310 460 202 259 227 261 79 554 41 26 137 315 115 187 251 254 15 88 175 402 11 200 46 55 219 108 388 72 375 100 130 163 290 44 78 152 1 171 284 428 465 349 485 411 75 275 28 4 292 505 210 257 51 120 566 56 29 226 180 291 96 237 271 306 355 209 166 185 247 220 27 250 550 18 403 246 34 230 398 488 167 400 110 103 231 63 23 245 156 188 404 149 50 318 240 132 258 405 234 93 157 323 559 278 104 205 396 289 365 76 102 320 40 527 162 366 122 61 233 221 127 241 16 449 184 462 6 123 66 147 324 118 562 173 568 252 547 144 158 213 192 384 112 311 312 199 10 339 128 2 142 270 59 256 277 272 386 267 139 305 177 357 9 287 12 263 124 317 190 564 178 492 176 109 368 534 359 168 463 67 95 146 341 253 21 62 107 239 348 364 43 436 19 567 218 322 433 201 111 49 480 181 565 174 281 153 367 297 106 314 294 266 189 288 99 105 48 300 136 98 536 116 155 85 125 135 330 280 521 302 42 344 229 452 182 391 491 25 332 356 154 3 273 208 397 97 319 451 126 20 70 37 151 224 216 228 206 74 68 560 47 248 90 45 113 
329
5 235 269 119 477 503 64 165 83 198 32 456 196 238 33 0 265 141 298 299 134 39 38 438 274 242 143 399 409 164 204 87 73 295 286 420 114 283 81 464 293 197 556 262 379 387 80 86 194 279 169 243 129 183 121 8 77 207 223 89 148 276 215 414 82 301 160 362 94 282 36 13 361 101 161 310 460 202 259 227 261 79 554 41 26 137 315 115 187 251 254 15 88 175 402 11 200 46 55 219 108 388 72 375 100 130 163 290 44 78 152 1 171 284 428 465 349 485 411 75 275 28 4 292 210 257 51 120 566 56 29 226 180 96 237 271 306 355 209 166 185 247 220 27 250 550 403 246 34 230 398 488 400 110 103 231 63 23 245 156 188 404 149 50 318 240 132 258 405 234 93 157 323 559 278 104 205 396 289 365 76 102 320 40 527 162 366 122 61 233 221 127 241 16 449 184 462 6 123 66 147 324 118 562 173 568 252 547 144 158 213 192 384 112 311 312 199 10 339 128 2 142 59 256 277 272 386 267 139 305 177 357 9 287 263 124 317 190 564 178 492 176 109 368 534 359 168 463 67 95 146 341 253 21 62 107 239 348 364 43 436 19 567 218 322 433 201 111 49 480 181 565 174 281 153 367 297 314 294 266 189 288 105 48 300 136 98 536 116 155 85 125 135 330 280 521 302 42 344 229 452 182 391 491 25 332 154 3 273 208 397 97 319 451 126 20 37 224 216 228 206 74 68 560 47 248 90 45 113 
319
5 235 269 119 503 64 165 83 198 32 456 196 238 33 0 265 141 298 299 134 39 38 438 274 242 143 399 409 164 204 87 73 295 286 420 114 283 81 464 293 197 556 262 379 387 80 86 194 279 169 243 129 183 121 8 77 207 223 89 148 276 215 414 82 301 160 362 94 282 36 13 101 161 310 460 202 259 227 261 79 554 41 26 137 315 115 187 251 254 15 88 175 402 11 200 46 55 219 108 388 72 375 100 130 290 44 78 152 1 171 284 428 465 349 485 411 75 275 28 4 292 210 257 51 120 566 56 29 226 180 96 237 271 306 355 209 166 185 247 220 27 250 550 403 246 34 230 398 488 400 110 103 231 63 23 245 156 188 404 149 50 318 240 132 258 405 234 93 157 323 559 278 104 205 396 289 365 76 102 320 40 527 162 366 122 61 233 221 127 241 16 449 184 462 6 123 66 147 324 118 562 173 568 252 547 158 213 192 384 112 311 312 199 10 339 128 2 142 59 256 277 272 386 267 139 305 177 357 9 287 263 124 190 564 178 492 176 368 534 359 168 463 67 95 146 341 253 21 62 107 239 364 43 436 19 218 322 433 201 111 49 480 181 565 174 281 367 297 314 294 266 189 288 105 48 300 136 98 536 116 155 85 125 135 330 280 521 302 42 344 229 182 391 491 25 332 154 3 273 208 397 97 319 451 126 20 37 224 216 228 206 74 68 560 47 248 90 45 113 
311
5 235 269 119 64 165 83 198 32 456 196 238 33 0 265 141 298 299 134 39 38 438 274 242 143 399 409 164 204 87 73 295 286 420 114 283 81 464 293 197 556 262 379 387 80 86 194 279 169 243 129 183 121 8 77 207 223 89 148 276 215 414 82 301 160 362 94 282 13 101 161 310 460 202 259 227 261 79 554 41 26 137 315 115 187 251 254 15 88 175 402 11 200 46 55 219 108 388 72 375 100 130 290 44 78 152 1 171 284 428 465 349 485 411 75 275 28 4 292 210 257 51 120 566 56 29 226 180 237 271 306 355 209 166 185 247 220 27 250 550 403 246 34 230 398 488 400 110 103 231 63 23 245 156 188 404 149 50 318 240 132 258 405 234 93 157 323 559 278 104 205 396 289 76 102 320 40 527 162 366 122 61 233 221 127 241 16 449 184 462 6 123 66 147 118 562 173 568 252 547 158 213 192 384 112 311 312 199 10 128 2 142 59 256 277 272 386 267 139 305 177 357 9 287 263 124 190 564 178 492 176 368 359 168 463 67 95 146 341 253 21 62 107 239 364 43 436 19 218 322 433 201 111 49 181 565 174 281 367 297 314 294 266 189 288 105 48 300 136 98 536 116 155 85 125 135 330 280 521 302 42 344 229 182 391 491 25 332 154 3 273 208 397 97 319 451 126 20 37 224 216 228 206 74 68 560 47 248 90 45 113 
298
5 564 202 245 259 156 227 235 178 188 261 269 79 149 492 554 119 176 50 368 41 26 64 165 137 315 83 115 359 198 240 187 251 168 254 258 274 32 88 405 463 175 67 456 234 238 196 95 93 157 33 402 323 559 278 146 341 11 0 104 200 21 253 62 107 46 239 55 265 219 205 396 364 108 43 141 19 298 299 436 72 565 388 375 218 322 433 100 130 201 76 102 290 111 39 49 38 438 44 78 181 152 174 40 1 171 242 143 284 320 367 15 428 297 465 349 399 162 366 527 409 164 204 122 485 61 233 221 294 87 127 241 314 411 266 75 73 16 295 449 184 462 275 189 288 114 105 48 28 6 123 4 136 292 66 283 147 210 98 51 257 118 116 120 81 562 536 293 566 173 464 197 155 85 568 252 556 56 29 226 135 262 547 180 379 330 387 280 521 80 302 86 237 158 194 213 42 344 271 169 279 192 384 112 129 243 183 306 355 121 209 166 185 229 247 220 27 250 8 550 311 182 312 391 491 25 199 77 10 207 223 89 332 403 128 2 276 142 215 246 34 414 3 82 301 273 208 160 397 230 398 59 488 97 362 256 272 319 94 451 20 386 281 400 282 110 37 103 267 13 139 224 231 228 216 101 206 305 74 161 310 68 357 177 9 560 460 47 248 287 90 45 63 263 124 23 190 113 
284
5 564 202 245 259 156 227 235 178 188 261 269 79 149 492 554 119 176 50 368 41 26 64 165 137 315 83 115 359 240 187 251 168 254 258 463 32 88 405 456 175 67 234 238 196 95 93 157 33 402 323 559 278 146 341 11 0 104 200 21 253 62 107 46 239 55 219 205 396 364 108 141 298 19 436 299 565 72 388 375 218 322 433 100 130 201 76 102 290 39 49 38 44 78 181 152 174 40 1 242 274 143 284 320 281 15 428 297 465 349 399 162 366 527 409 164 204 122 485 61 233 221 294 87 127 241 314 411 266 75 73 16 295 449 184 462 275 189 288 114 105 48 28 6 123 4 136 292 66 283 147 210 98 51 257 118 116 120 81 562 536 293 566 173 464 197 155 85 568 252 556 56 29 226 135 262 547 379 330 387 280 521 80 302 86 237 158 194 213 42 344 271 169 279 192 384 112 129 243 183 306 355 121 209 166 185 229 247 220 27 250 8 550 311 182 312 391 491 25 199 77 10 207 223 89 332 403 128 276 142 215 34 414 3 82 301 273 208 160 397 230 398 59 488 97 362 256 272 94 451 20 386 400 282 110 37 103 13 139 224 231 228 101 206 305 74 161 310 68 357 177 9 560 460 47 248 287 45 63 263 124 23 190 113 
275
5 564 202 245 259 156 227 235 178 188 261 269 79 149 492 554 119 176 50 368 41 26 64 165 137 315 83 115 359 240 187 251 168 254 258 15 32 88 405 456 175 67 234 238 196 95 93 157 33 402 323 559 278 146 341 11 0 104 200 21 253 62 107 46 239 55 219 205 396 364 108 141 298 19 436 299 565 72 388 375 218 322 433 100 201 76 102 290 39 49 38 44 78 181 152 174 40 1 242 274 143 284 320 281 428 297 465 349 399 162 366 527 409 164 204 122 485 61 233 221 294 87 127 241 314 411 266 75 73 16 295 184 462 275 189 288 114 105 48 28 6 123 4 136 292 66 283 147 210 98 51 118 81 536 120 562 464 293 566 173 197 155 85 568 252 556 56 226 135 262 547 379 330 387 280 521 80 302 86 237 158 213 42 344 271 169 279 192 384 112 129 183 306 355 121 209 166 185 229 247 220 27 250 8 550 311 182 312 391 491 25 199 77 10 207 223 89 332 403 128 276 142 215 34 414 3 301 273 208 160 397 230 398 59 488 97 362 256 272 94 451 20 386 400 282 110 37 103 13 139 224 231 228 101 206 305 74 161 310 68 357 177 9 560 460 47 248 287 45 63 263 124 23 190 113 
265
5 564 202 245 259 156 227 235 178 188 261 269 79 149 492 554 119 176 50 368 41 26 165 137 315 83 115 359 240 187 251 168 254 258 15 32 88 405 456 175 67 234 238 196 95 93 157 33 402 323 559 278 341 11 0 104 200 21 253 62 107 46 239 55 219 396 364 108 141 298 19 436 299 565 72 388 375 218 322 433 100 201 76 102 290 39 49 38 44 78 181 152 174 40 1 242 274 143 284 320 281 428 297 465 349 399 162 366 527 409 164 204 122 485 61 233 221 294 87 127 241 314 411 266 75 73 16 295 184 462 275 189 288 114 105 48 28 6 4 136 292 66 283 147 210 98 51 118 81 536 120 562 464 293 566 197 155 85 568 252 556 56 226 135 262 547 379 330 387 280 521 80 302 86 237 158 213 42 344 271 169 279 192 384 112 129 183 306 355 121 209 166 185 229 247 220 27 8 550 311 182 391 491 25 199 77 10 207 223 89 332 403 128 276 142 215 34 414 3 301 273 208 160 397 230 398 59 488 97 362 256 272 94 451 20 386 400 282 110 37 103 13 139 224 231 228 101 206 305 74 161 310 68 357 177 9 560 248 287 45 63 263 23 190 113 
256
5 564 202 245 259 156 227 235 178 188 261 269 79 149 492 554 119 176 50 368 41 26 165 137 83 115 359 240 187 251 168 254 258 15 32 88 405 456 175 67 234 238 196 95 93 157 33 402 323 559 278 341 11 0 104 200 21 253 62 107 46 239 55 219 396 364 108 141 298 19 565 299 388 72 375 322 433 218 100 76 102 290 39 49 38 44 78 181 152 174 40 1 242 274 143 284 320 281 428 297 465 527 399 162 366 409 164 204 122 485 61 221 294 87 127 241 314 411 266 75 73 16 295 184 462 275 189 288 114 105 48 28 6 4 136 292 66 283 147 210 98 51 118 81 536 120 562 464 293 566 197 155 85 568 252 556 226 135 262 547 379 330 280 521 80 302 86 237 158 213 42 344 271 169 279 192 384 129 183 306 355 121 209 166 185 229 247 220 27 8 550 311 182 391 491 25 199 77 10 207 223 89 332 403 128 276 142 215 34 414 3 301 273 208 160 397 230 398 59 488 97 362 272 94 451 20 386 400 282 110 37 103 13 139 224 231 228 101 206 305 74 161 310 68 357 177 9 560 248 287 45 63 263 23 190 113 
247
5 564 202 245 259 156 227 235 178 188 261 269 79 149 492 119 176 50 368 41 26 165 137 83 115 359 240 187 251 168 254 258 15 32 88 405 456 175 67 234 238 95 157 33 402 323 559 278 341 11 0 104 200 21 253 62 46 107 239 55 219 396 364 108 141 298 19 565 299 388 72 375 322 433 218 100 76 102 290 39 49 38 44 78 181 152 174 40 1 242 274 143 284 320 281 428 297 465 399 162 366 409 164 204 122 485 61 221 294 87 127 241 314 411 266 75 73 16 295 184 462 275 189 288 114 105 48 28 6 4 136 292 66 283 147 210 98 51 118 81 536 120 562 293 566 197 155 85 568 252 556 226 135 262 547 379 330 280 521 80 302 86 237 158 213 42 344 271 169 279 192 384 129 183 306 355 121 209 166 185 229 247 220 27 311 182 391 491 25 199 10 207 223 89 332 403 128 276 142 215 34 414 3 301 273 208 160 397 230 398 59 488 97 362 272 94 451 20 386 400 282 110 37 103 13 139 224 231 101 206 305 74 161 310 68 357 177 9 560 248 287 45 63 263 23 190 113 
239
5 564 202 245 259 156 227 235 178 188 261 269 79 149 492 119 176 50 368 41 26 165 83 115 359 240 251 168 254 258 15 32 88 405 456 175 67 234 238 95 157 33 402 323 559 278 341 11 0 104 200 21 253 62 46 107 239 55 219 396 364 108 141 298 19 565 299 388 72 375 322 433 218 100 76 102 290 39 49 44 78 181 152 174 40 1 242 274 143 284 320 281 297 465 399 162 366 409 164 204 122 485 61 221 294 87 127 241 314 266 75 73 16 295 184 462 275 189 288 114 105 48 28 6 4 136 292 66 283 147 210 98 51 118 81 536 120 562 293 566 197 155 85 568 252 262 135 547 379 330 280 521 80 302 86 237 158 213 42 344 271 169 279 192 384 129 183 306 355 121 209 166 185 229 247 220 27 311 182 391 491 25 199 10 207 223 89 332 403 128 276 142 215 34 414 3 301 273 208 160 397 230 398 59 488 97 362 272 94 451 20 386 400 282 110 37 103 13 139 224 231 101 206 305 74 161 310 68 357 177 9 560 248 287 63 263 23 190 113 
231
5 564 202 259 235 156 227 178 188 261 269 79 149 492 119 176 50 368 41 26 165 83 115 359 240 251 168 254 258 15 32 88 405 456 175 67 234 238 95 157 33 402 323 559 278 341 11 0 104 200 21 253 62 46 107 239 55 219 396 364 108 141 298 19 388 299 72 375 322 433 218 100 102 290 39 49 44 78 181 152 174 242 1 274 284 143 320 40 281 297 465 399 162 366 409 164 204 122 485 61 221 294 87 127 241 314 266 75 73 16 295 184 462 275 189 288 114 105 48 28 6 4 136 292 66 283 147 210 98 51 118 120 562 293 566 197 155 85 568 252 262 135 547 330 280 521 80 302 86 237 158 213 42 344 271 169 279 192 384 183 306 355 121 209 166 185 229 220 27 311 182 391 491 25 199 10 207 223 89 332 403 128 276 142 215 34 414 3 301 273 208 160 397 230 398 59 488 97 362 272 94 451 20 386 400 282 110 37 103 13 139 224 231 101 206 305 74 161 310 68 357 177 9 560 248 287 63 263 23 190 113 
222
5 564 202 259 235 227 178 261 269 79 149 492 119 176 50 368 41 26 83 115 359 240 251 168 254 258 15 32 88 405 456 175 67 234 238 95 157 33 402 323 559 278 341 11 0 104 200 21 253 62 46 107 239 55 219 396 364 108 141 298 19 388 299 72 375 322 433 218 100 102 290 39 49 44 78 181 152 174 242 1 274 284 143 40 281 297 465 399 162 366 409 204 122 485 61 221 294 87 127 241 314 266 75 73 16 295 184 462 275 189 288 114 105 48 28 6 4 136 292 66 283 147 210 51 118 120 562 293 197 155 85 568 252 262 135 547 280 521 80 302 86 237 158 213 42 344 271 169 279 192 384 183 306 355 121 209 166 185 229 220 27 311 182 391 491 25 199 10 207 223 89 332 403 128 276 142 215 34 414 3 301 273 208 160 397 230 398 59 488 97 362 272 94 451 20 386 400 282 110 37 103 13 139 224 231 101 206 305 74 161 310 68 357 177 9 560 248 287 63 263 23 190 
