12
317
79 436 33 332 276 197 63 212 201 407 59 81 194 111 70 149 112 226 25 46 76 138 275 189 340 7 174 12 316 260 350 30 17 37 22 20 274 418 467 145 457 133 236 48 96 238 314 129 227 388 105 82 8 204 16 164 184 160 108 131 384 125 114 40 14 0 263 245 15 150 45 202 146 250 110 243 29 219 53 313 130 69 166 339 195 468 180 80 435 394 459 223 144 264 375 182 158 367 290 34 307 68 101 359 153 159 178 49 266 265 444 98 185 287 28 257 217 60 285 183 196 343 333 10 386 26 465 466 168 177 36 132 118 135 56 346 373 215 249 161 163 381 13 294 246 303 89 155 42 225 321 52 325 205 277 61 295 167 41 151 454 341 147 458 281 55 278 152 72 286 199 169 396 187 75 126 448 139 235 122 405 51 113 95 97 128 115 54 315 331 456 173 336 123 438 203 119 190 157 31 255 175 191 206 93 78 218 103 171 35 291 18 3 136 6 102 44 104 107 385 247 446 170 186 237 57 252 188 344 244 370 172 116 176 88 9 389 268 198 66 85 120 462 335 5 156 24 154 241 310 73 1 58 74 461 64 50 94 380 32 141 358 47 372 464 100 23 117 11 21 83 296 121 84 38 43 109 143 142 65 192 309 240 229 228 165 39 338 181 91 148 4 329 248 27 208 193 179 124 162 200 328 302 270 469 327 90 87 137 363 127 207 71 319 2 67 92 
305
52 325 85 120 243 436 462 335 33 332 205 5 276 29 277 219 156 197 63 212 24 201 154 241 59 61 295 81 53 167 41 194 130 69 151 310 313 111 341 73 454 1 58 166 147 70 339 149 195 74 458 112 461 226 180 25 281 55 80 64 278 435 394 46 50 76 72 138 152 275 189 286 340 459 94 199 169 380 223 396 32 187 75 7 126 141 144 174 264 358 375 139 182 47 235 448 122 250 405 372 12 316 51 464 100 113 23 95 117 97 260 350 11 21 128 115 83 30 54 17 315 331 456 367 121 173 123 290 336 84 203 438 38 119 190 37 43 109 143 34 20 157 307 68 31 255 101 274 175 359 142 153 159 65 192 418 110 191 467 178 198 309 266 206 240 265 93 78 444 218 98 185 145 287 229 28 457 103 257 171 217 133 228 35 48 236 165 291 60 285 18 3 96 183 39 136 6 196 238 102 338 44 181 129 314 343 91 148 104 107 227 333 388 4 329 385 105 248 27 10 386 82 8 204 247 446 26 465 16 164 466 168 170 177 36 132 186 184 208 160 57 237 193 108 179 252 118 135 56 346 131 124 162 200 215 125 328 373 249 344 384 270 469 327 244 90 172 87 114 40 116 163 176 88 381 137 14 363 13 127 294 207 246 0 9 71 263 89 303 389 245 468 268 15 2 150 155 42 45 202 225 67 66 321 92 
297
52 325 85 120 243 436 462 335 33 332 205 5 276 29 277 219 156 197 63 212 24 201 154 241 59 61 295 81 53 167 41 194 130 69 151 310 313 111 341 73 454 1 58 166 147 70 339 149 195 74 458 112 461 226 180 25 281 55 80 64 278 435 394 46 50 76 72 138 152 275 189 286 340 459 94 199 169 380 223 396 32 187 75 7 126 141 144 174 264 358 375 139 182 47 235 448 122 250 405 372 12 316 51 464 100 23 95 117 97 260 350 11 21 128 115 83 30 54 17 315 331 456 367 121 336 123 290 84 203 38 119 190 37 43 109 143 34 20 157 307 68 31 255 101 274 175 359 142 153 159 65 192 418 110 191 467 178 198 309 266 240 265 93 78 444 218 98 185 145 287 229 28 457 103 257 171 217 133 228 35 48 236 165 291 60 285 18 3 96 183 39 136 6 196 238 102 338 44 181 129 314 343 91 148 104 107 227 333 388 4 329 385 105 248 27 386 82 8 204 247 446 26 466 16 164 465 168 170 177 36 132 186 184 208 160 57 237 193 108 179 252 118 135 56 346 124 162 200 215 125 328 373 249 344 384 270 469 327 244 90 172 87 116 40 163 176 381 88 137 14 363 13 127 294 207 246 0 9 71 263 303 389 245 468 268 15 2 150 155 42 45 202 225 67 66 321 92 
288
52 325 85 120 243 436 462 335 33 332 205 5 276 29 277 219 156 197 63 212 24 201 154 241 61 295 81 53 167 41 194 130 69 151 310 313 111 341 73 454 1 58 166 147 70 339 149 195 74 458 112 461 226 180 281 468 55 80 64 278 435 394 46 50 76 72 138 152 275 189 286 340 459 94 199 169 380 223 396 32 187 75 7 126 141 144 174 264 358 375 139 182 47 235 448 122 250 405 372 12 316 51 464 100 23 95 117 97 260 350 11 21 128 115 83 30 54 17 315 331 456 367 121 336 123 290 84 203 38 119 190 37 43 109 143 34 20 157 307 68 31 255 101 274 175 359 142 153 159 65 192 418 110 191 467 178 198 309 266 240 265 93 78 444 218 98 185 145 287 229 28 457 103 257 133 35 48 236 165 291 60 285 18 3 96 183 39 136 6 196 238 102 338 44 181 129 314 343 91 148 104 107 227 333 388 329 385 105 248 27 386 82 8 204 247 446 26 466 16 164 465 168 170 177 36 132 186 184 160 57 237 193 108 179 252 118 135 56 346 124 200 215 328 125 373 384 249 270 469 327 244 90 172 87 116 40 163 176 381 88 137 14 363 13 127 294 207 246 0 9 71 263 303 389 245 268 15 2 150 155 42 45 202 225 67 66 321 92 
277
52 325 85 120 243 436 462 335 33 332 205 5 276 29 277 219 156 197 63 212 24 201 154 241 61 295 81 53 167 41 194 130 69 151 310 313 111 341 73 454 1 58 166 147 70 339 149 195 74 458 112 461 226 180 281 468 55 80 64 278 435 394 46 50 76 152 138 275 189 286 340 459 94 199 169 380 223 396 32 187 75 144 126 141 174 264 7 358 375 139 182 47 235 448 122 250 405 372 12 316 51 464 100 23 95 117 97 260 350 11 21 128 115 83 30 54 17 315 331 456 367 336 123 290 84 203 119 190 43 109 143 34 20 157 307 68 31 255 101 274 175 359 142 153 159 65 192 418 110 191 467 178 198 309 266 240 93 78 444 218 98 185 145 287 229 28 457 103 257 133 35 48 236 165 291 60 285 18 3 183 39 136 6 196 238 102 338 44 181 129 314 343 91 148 104 107 227 333 388 329 105 248 27 386 82 8 204 247 446 26 466 16 164 465 168 170 177 36 132 186 184 160 57 237 193 108 179 252 118 135 56 346 124 373 384 328 125 249 270 469 244 90 172 87 116 40 163 176 381 88 137 14 363 13 127 294 207 246 0 9 71 303 389 245 268 15 2 150 155 42 45 202 225 67 66 321 92 
268
325 85 120 243 436 462 335 33 332 205 5 276 29 277 219 156 197 63 212 24 201 154 241 61 295 81 53 167 41 151 130 69 310 313 341 111 454 73 1 58 166 147 70 339 149 195 74 458 112 461 226 180 281 468 55 80 64 278 435 394 50 76 152 138 275 189 286 340 459 94 199 169 380 223 396 187 32 75 144 126 141 174 264 7 358 375 139 182 47 235 448 122 250 405 372 12 316 51 464 100 23 117 97 260 350 11 21 128 115 83 30 54 17 315 331 456 367 336 123 290 84 203 190 43 109 143 34 20 157 307 68 31 255 101 274 175 359 142 153 159 65 192 418 110 191 467 178 198 309 266 240 93 78 444 218 98 185 145 287 229 28 457 103 257 133 35 236 165 291 60 285 18 3 183 39 136 6 196 238 102 338 44 181 129 314 343 91 148 104 107 333 329 248 27 386 82 8 204 247 446 26 466 16 164 465 168 170 177 36 132 186 184 160 57 237 193 108 179 252 118 135 56 346 124 373 384 328 125 249 270 469 244 90 172 87 116 40 163 176 381 88 137 14 363 13 127 294 207 246 0 9 71 303 389 245 268 15 2 150 155 42 45 202 225 67 66 321 92 
259
325 85 120 243 436 462 335 33 332 205 5 276 29 277 219 156 197 63 212 24 201 154 241 61 295 81 53 167 41 151 130 69 310 313 341 111 454 73 1 58 166 147 70 339 149 195 74 458 112 468 226 180 281 55 80 64 278 435 394 50 76 152 138 275 189 286 340 459 94 199 169 380 223 396 187 32 75 144 126 141 174 264 7 358 375 139 182 47 235 448 122 250 405 12 316 51 464 100 23 117 97 260 350 11 21 128 115 83 30 17 315 331 456 367 336 123 290 84 203 190 43 143 34 20 157 307 68 31 255 101 274 175 359 142 153 159 65 192 418 110 191 467 198 309 266 240 93 78 444 218 98 185 145 229 28 457 103 257 133 35 236 165 291 60 285 18 3 183 39 136 6 196 238 102 338 44 181 129 314 343 91 148 104 107 333 248 27 386 82 8 204 247 446 26 466 16 164 465 168 170 177 36 132 186 184 160 57 237 193 108 179 252 56 346 124 373 384 328 125 249 270 469 244 90 172 87 116 40 163 176 381 88 137 14 363 13 127 294 207 246 0 9 71 303 389 245 268 15 2 150 155 42 202 225 45 67 66 321 92 
253
325 85 120 243 436 462 335 33 332 205 5 276 29 277 219 156 197 63 212 24 201 154 241 61 295 81 53 167 41 151 130 69 310 313 341 111 454 73 1 58 166 147 70 339 149 195 74 458 112 468 226 180 281 55 80 64 278 435 394 50 76 152 138 275 189 286 340 459 94 199 169 380 223 396 187 32 75 144 126 141 174 264 375 358 448 139 182 47 235 122 250 405 12 316 51 464 100 23 117 97 260 350 11 21 128 115 83 30 17 315 331 456 367 336 123 290 84 203 190 43 143 20 157 307 68 31 255 101 274 175 359 142 153 159 65 192 418 110 191 467 309 266 240 93 78 444 218 98 185 145 229 28 457 103 257 133 35 236 165 291 60 285 18 3 183 39 136 6 196 238 102 338 44 181 129 314 343 91 148 104 107 333 248 27 82 8 204 247 446 26 466 16 465 168 170 177 36 132 186 184 160 237 57 193 108 179 252 56 346 124 373 384 328 249 270 469 244 90 172 87 116 40 163 176 381 88 137 14 363 13 127 294 207 246 0 9 71 303 389 245 268 15 2 150 155 42 202 225 45 67 66 321 92 
244
325 85 120 243 462 335 33 332 205 5 276 29 277 219 156 197 63 212 24 201 154 241 61 295 81 53 167 41 151 130 69 310 313 341 111 454 73 1 58 166 147 70 339 149 195 74 458 468 226 180 281 55 80 64 278 435 394 50 152 275 189 286 340 459 94 199 169 380 223 396 187 32 75 144 126 141 174 264 375 358 448 139 182 235 47 122 250 405 12 316 51 464 100 23 117 97 260 350 11 21 128 115 83 30 17 315 331 456 367 336 123 290 84 203 190 43 143 20 157 307 68 31 255 101 274 175 359 142 153 159 65 192 418 110 191 467 309 266 240 93 78 444 98 185 145 229 28 457 103 257 133 35 236 165 291 60 18 183 39 136 6 196 238 102 338 44 181 129 314 343 91 148 104 107 333 248 27 82 8 204 247 446 26 466 16 168 170 177 36 132 186 184 160 237 57 193 108 179 252 56 346 124 373 384 328 249 270 469 244 90 172 87 116 40 163 176 381 88 137 14 363 13 127 294 207 246 0 9 71 303 389 245 268 15 2 150 155 42 202 225 67 66 321 92 
238
325 85 120 243 462 335 33 332 205 5 276 29 277 219 156 197 63 212 24 201 241 61 295 81 53 167 41 151 130 69 310 313 341 111 454 73 1 58 166 147 70 339 149 195 74 458 468 180 281 55 80 64 278 435 394 50 152 275 189 286 340 459 94 199 169 380 223 396 187 32 75 144 126 141 174 264 375 358 448 235 182 47 122 250 405 12 316 51 464 100 23 97 260 350 11 21 128 115 83 30 17 315 331 456 367 336 123 290 84 203 190 43 143 20 157 307 68 31 255 101 274 175 142 153 159 65 192 418 110 191 467 309 266 93 78 444 98 185 145 229 28 457 103 257 133 35 236 165 291 60 18 183 39 136 6 196 238 102 338 44 181 129 314 343 91 148 104 107 333 248 27 82 8 204 247 446 26 466 16 168 170 177 36 132 186 184 160 237 57 193 108 179 252 56 346 124 373 384 328 249 270 469 244 90 172 87 116 40 163 176 381 88 137 14 363 13 127 294 207 246 0 9 71 303 389 245 268 15 2 150 155 42 202 225 67 66 321 92 
229
325 85 120 243 462 335 33 332 205 5 276 29 219 156 197 63 212 24 201 241 61 295 81 53 167 41 151 130 69 313 341 111 73 1 58 166 147 70 339 149 195 74 458 468 281 55 80 64 278 435 394 50 152 275 189 286 340 459 94 199 169 380 223 396 187 32 75 144 126 141 174 264 375 358 448 235 182 47 122 250 405 12 316 51 464 100 23 97 260 350 11 21 128 115 83 30 17 315 331 456 367 336 123 290 84 203 190 43 143 20 157 307 68 31 255 101 274 175 142 153 159 65 418 110 191 467 309 266 93 78 444 98 185 145 28 457 103 257 133 35 236 165 291 60 18 183 39 136 6 196 238 102 338 44 181 129 314 343 91 148 104 107 333 27 82 8 204 446 26 466 16 168 170 177 36 132 186 184 237 57 193 108 179 252 56 346 124 373 384 328 249 270 469 244 90 172 87 116 40 163 176 381 88 137 14 363 13 127 294 207 246 0 9 71 303 389 245 268 15 2 150 155 42 225 202 67 66 321 92 
219
325 85 120 243 462 335 33 332 205 5 276 29 219 156 197 63 212 24 201 241 61 295 81 53 167 41 151 130 69 313 341 111 73 1 58 166 147 70 339 149 195 74 458 468 281 55 80 64 278 435 394 50 275 189 286 340 459 94 199 380 223 396 187 75 144 141 126 174 264 375 358 448 235 182 47 122 250 12 316 51 464 100 23 97 260 350 11 21 128 115 83 30 17 315 331 456 367 336 123 290 84 203 190 43 143 20 157 68 31 255 101 274 175 153 159 65 418 110 191 467 309 93 78 444 98 185 145 457 103 257 133 35 236 165 291 60 18 183 39 136 6 196 238 102 338 44 181 129 314 343 91 148 104 107 333 27 82 8 204 446 26 466 16 168 170 177 36 132 186 184 237 57 193 108 179 252 56 346 124 373 384 328 249 270 469 244 90 172 116 163 40 176 87 381 88 137 14 363 13 127 294 207 246 0 9 71 303 389 268 15 150 155 42 225 202 67 66 321 92 
