19
381
240 465 40 60 312 119 266 58 388 512 148 138 158 126 249 120 205 4 246 325 89 35 125 469 410 379 286 198 454 269 360 43 230 356 1 54 394 124 34 253 75 315 207 438 401 301 272 14 292 82 270 171 37 261 451 78 392 275 8 31 245 117 203 83 508 191 229 514 22 142 237 250 92 441 311 244 111 194 307 365 277 81 129 335 59 112 25 73 216 548 500 17 178 265 46 427 155 252 24 93 10 85 318 435 338 428 299 149 235 91 173 262 18 202 466 227 332 115 165 159 226 212 290 460 161 221 367 404 23 86 134 152 370 283 39 101 45 346 263 304 247 225 280 439 224 136 74 71 316 238 50 368 96 284 343 36 177 84 0 215 320 180 298 217 190 366 176 20 271 2 145 122 64 330 423 107 16 154 153 279 160 210 285 239 197 444 331 128 151 208 297 358 442 453 100 355 381 146 55 189 70 168 222 412 53 228 56 371 248 422 184 231 79 90 61 374 121 260 166 108 257 179 274 268 69 211 172 195 157 42 457 28 213 51 127 182 77 433 251 33 27 9 328 233 463 187 258 291 141 63 220 41 150 15 386 400 88 305 175 67 32 135 303 132 80 282 193 140 232 174 204 123 7 206 12 76 65 294 105 276 219 102 47 391 131 218 357 130 183 13 302 139 300 389 106 289 110 87 62 375 348 164 329 264 278 103 287 19 314 99 188 68 114 156 94 144 214 147 256 6 162 254 327 445 382 255 49 48 137 436 242 38 372 288 133 104 116 169 170 306 167 259 267 199 118 185 484 503 234 26 66 241 97 430 5 295 72 30 143 98 109 44 200 11 196 209 223 113 163 95 452 340 296 57 29 3 181 243 363 192 236 
372
240 465 40 60 312 119 266 58 388 512 148 138 158 126 249 120 205 4 246 325 89 35 125 469 410 379 286 198 454 269 360 43 230 356 54 394 124 34 253 75 315 207 438 401 301 272 14 292 82 270 171 37 261 451 78 392 275 8 31 245 117 203 83 508 191 229 514 22 142 237 250 92 441 311 244 111 194 307 365 277 81 129 335 59 112 25 73 548 500 17 178 265 46 427 252 24 93 10 85 318 435 338 428 299 149 235 91 173 262 18 202 466 227 332 115 165 159 226 212 290 161 221 367 404 23 86 134 152 370 283 39 101 45 346 263 304 247 225 280 439 224 136 74 71 316 238 50 368 96 284 343 36 177 84 0 215 320 180 298 217 190 366 176 20 271 2 145 122 64 330 423 107 16 154 153 279 160 210 285 239 197 444 331 128 151 208 297 358 442 453 100 355 381 146 55 189 70 168 222 412 53 228 56 371 248 422 184 231 79 90 61 374 121 260 166 108 257 179 274 268 69 211 172 195 157 42 457 28 213 51 127 182 77 433 251 33 27 9 328 233 463 187 258 291 141 63 220 41 150 15 386 400 88 305 175 67 32 135 303 132 80 282 193 140 232 174 204 123 7 206 12 76 65 294 105 276 219 102 47 391 131 218 357 130 183 13 302 139 300 389 106 289 87 62 375 348 164 329 264 278 103 287 19 314 99 188 68 114 156 94 144 214 147 6 162 254 327 445 382 255 49 48 137 436 242 38 372 288 133 104 116 169 170 306 167 259 267 199 118 185 484 503 234 26 66 97 430 5 295 72 30 143 98 109 44 200 11 196 209 223 113 163 95 452 296 57 29 3 243 363 192 236 
363
240 465 40 312 119 266 58 388 512 148 138 158 126 249 120 205 4 246 325 89 35 125 469 410 379 454 269 360 356 43 230 54 394 124 34 253 75 315 207 438 401 301 272 14 292 82 270 37 261 451 78 392 8 31 245 117 203 83 508 191 229 514 22 142 237 250 92 441 311 244 111 194 307 365 277 81 129 335 59 112 25 73 548 500 17 178 265 46 427 252 24 93 10 85 318 435 338 428 299 149 235 91 173 262 18 202 466 227 332 115 165 159 226 212 290 161 221 367 404 23 86 134 152 370 283 39 101 45 346 263 304 247 225 280 439 224 136 74 71 316 238 50 368 96 284 343 36 177 84 0 215 320 180 298 217 190 366 176 20 271 2 145 122 64 330 423 107 16 154 153 279 160 210 285 239 197 444 331 128 151 208 297 358 442 453 100 355 381 146 55 189 70 168 222 412 53 228 56 371 248 422 184 231 79 90 61 374 121 260 108 257 179 274 268 69 211 172 195 157 42 457 28 213 51 127 182 77 433 251 33 27 9 328 233 463 187 258 291 141 63 220 41 150 15 386 400 88 305 175 67 32 135 303 132 80 282 193 140 232 174 204 123 7 206 12 76 294 105 276 219 102 47 391 131 218 357 130 183 13 302 139 300 389 106 289 375 62 87 348 164 329 264 278 103 287 19 314 99 188 68 114 156 94 144 214 147 6 162 254 327 445 382 255 49 48 137 436 242 38 372 288 104 116 169 170 306 167 259 267 199 118 185 484 503 234 26 66 97 430 5 295 72 30 143 98 109 44 200 11 196 209 223 113 163 95 296 57 29 3 243 363 192 236 
345
465 40 312 119 266 58 388 512 148 138 158 126 249 120 205 4 246 325 89 35 125 469 410 379 454 269 360 356 43 230 54 394 124 34 253 75 315 207 438 401 301 272 14 292 82 270 37 261 451 392 8 31 117 203 83 508 191 229 514 22 237 92 311 244 111 194 307 365 277 81 129 335 59 112 25 73 548 500 17 178 265 46 427 252 24 93 10 85 318 435 338 428 299 149 235 91 173 262 18 202 466 227 332 115 165 159 226 212 290 161 221 367 404 23 86 134 152 283 39 101 45 263 247 225 439 224 136 74 71 316 238 50 368 96 284 343 36 177 84 0 320 215 180 298 217 190 366 176 20 271 2 145 64 330 423 107 16 154 153 279 160 210 239 197 444 331 128 151 208 297 358 442 453 100 355 381 146 55 189 70 168 222 53 56 371 248 422 184 231 79 90 61 374 121 260 108 257 179 274 268 69 211 172 195 157 42 457 28 213 51 127 182 77 433 251 33 27 9 328 233 463 187 258 291 141 63 220 41 150 15 386 400 88 305 175 67 32 135 303 132 80 282 193 140 232 174 204 123 7 206 12 76 294 105 276 219 102 47 391 131 218 130 183 13 302 139 300 389 106 289 375 62 87 348 164 329 264 278 103 19 314 99 188 68 114 156 94 144 214 147 6 162 254 327 445 382 255 49 48 137 436 242 38 372 288 104 116 169 170 306 167 259 267 199 118 484 503 234 26 66 97 430 5 295 72 30 143 109 44 200 11 196 209 223 113 163 95 296 57 29 3 243 363 192 236 
333
465 40 312 119 266 58 388 512 148 138 158 126 249 120 205 4 246 325 89 35 125 469 410 379 454 269 360 43 230 356 54 394 124 34 253 75 315 207 438 401 301 272 14 292 82 270 37 261 451 392 8 31 117 203 83 508 191 229 514 22 237 92 311 244 111 194 307 365 277 81 129 335 59 112 25 73 548 500 17 178 265 46 427 252 24 93 10 85 318 435 338 428 299 149 235 91 173 262 18 202 466 227 332 115 165 226 212 290 161 221 367 404 23 86 134 152 283 39 101 45 263 247 225 224 74 71 316 238 50 368 96 284 343 36 177 84 0 320 215 180 298 217 190 366 176 20 271 2 145 64 330 423 107 16 154 153 279 160 210 239 197 444 128 151 208 297 358 442 453 100 355 381 146 55 189 70 168 222 53 56 248 422 184 231 79 90 61 374 121 260 108 257 179 274 268 69 211 172 195 157 42 457 28 213 51 127 182 77 251 33 27 9 328 233 463 187 258 291 63 220 41 150 15 386 400 88 305 175 67 32 135 303 132 282 193 140 174 204 123 7 206 12 76 294 105 276 219 102 47 391 131 218 130 183 13 302 139 389 106 289 375 62 87 348 164 329 264 278 103 314 99 188 68 114 94 144 214 147 6 162 254 327 445 382 255 49 48 137 436 242 38 372 288 104 116 169 170 306 167 259 267 199 118 484 503 234 26 66 97 430 5 295 72 30 143 109 44 200 11 196 209 223 113 163 95 296 57 29 3 243 363 192 236 
324
465 40 312 119 266 58 512 148 138 158 126 249 120 205 4 246 325 89 35 125 469 410 379 454 269 360 43 230 356 54 394 124 34 253 75 315 207 438 401 301 272 14 292 82 270 37 261 451 392 8 31 117 203 83 508 191 229 514 22 237 92 311 244 111 194 307 365 277 81 129 335 59 112 25 73 548 500 17 178 265 427 252 24 93 10 85 318 435 338 428 299 149 235 91 173 262 18 202 466 227 332 115 165 226 212 290 161 221 367 404 23 86 134 152 39 101 45 263 247 225 224 74 71 316 238 50 368 96 284 343 36 177 84 0 320 215 180 298 217 190 366 176 20 271 2 145 64 330 423 107 16 154 279 160 210 239 197 444 128 151 208 297 358 442 453 100 355 381 146 55 189 70 168 222 53 56 248 184 231 79 90 61 374 121 260 108 257 179 274 268 69 211 172 195 157 457 42 28 213 51 127 182 77 251 33 27 9 328 233 463 187 258 291 63 220 41 15 386 400 88 305 175 67 32 135 132 282 193 140 174 204 123 7 206 12 76 294 105 276 219 102 47 391 131 218 130 183 13 302 139 389 106 289 375 62 87 348 164 329 264 278 103 314 99 188 68 114 94 144 214 147 6 162 254 327 445 382 255 49 48 137 436 242 38 372 288 104 116 169 306 167 259 267 199 118 484 503 234 26 66 97 430 5 295 72 30 143 109 44 200 11 196 209 223 163 95 296 57 29 3 243 363 192 236 
312
465 40 312 119 266 58 512 148 138 158 126 249 120 205 4 246 325 89 35 125 469 410 379 454 269 360 43 230 54 394 124 34 253 75 315 207 438 401 301 272 14 82 270 37 261 451 392 8 31 117 508 191 229 514 22 237 92 311 244 111 194 307 365 277 81 129 335 59 112 25 73 548 500 17 178 265 427 252 24 93 10 85 318 435 338 299 149 235 91 173 262 18 202 466 227 332 115 165 226 212 290 161 221 367 404 23 86 134 152 39 101 45 263 247 225 224 71 316 238 50 368 96 284 343 36 177 84 0 215 180 298 217 190 366 176 20 271 2 145 64 330 423 107 16 154 279 160 210 239 197 444 128 151 208 297 358 442 453 355 381 146 55 189 70 168 222 53 56 248 184 79 90 61 374 121 260 108 257 179 274 268 69 211 172 195 157 457 42 28 213 51 127 182 77 251 33 27 9 328 233 463 187 258 291 63 220 41 15 386 400 88 305 175 67 32 135 132 282 193 140 174 204 123 7 206 12 76 294 105 276 219 102 47 391 131 218 130 183 13 302 139 389 106 289 375 62 87 348 164 329 264 278 103 314 99 188 68 114 94 144 214 147 6 162 254 327 445 382 255 49 48 137 242 38 372 104 169 306 167 259 267 199 118 484 503 234 26 66 97 430 5 295 72 30 143 109 44 200 11 196 209 223 163 95 296 57 29 3 243 363 192 236 
301
102 149 465 40 355 47 91 381 173 312 119 262 18 266 131 202 218 391 58 146 512 148 55 189 130 70 158 168 126 222 227 249 332 466 115 165 53 183 13 226 302 56 212 139 161 290 221 367 389 404 205 120 106 248 4 23 246 325 89 86 184 134 152 79 90 35 39 61 289 375 62 101 45 121 125 164 260 374 263 348 469 329 410 264 379 247 278 103 108 225 257 179 224 274 454 99 268 188 68 269 71 316 43 69 114 211 230 50 94 238 360 172 368 195 96 144 214 284 54 157 343 253 394 42 36 28 124 34 147 51 75 177 213 6 84 127 162 182 0 254 315 207 215 327 77 438 401 382 301 255 180 49 251 33 272 14 298 217 82 270 27 9 48 137 328 242 38 190 233 37 176 372 366 463 261 451 258 104 453 20 271 392 291 2 8 31 220 117 41 169 306 145 167 508 191 229 64 15 386 514 330 259 22 267 88 423 237 199 92 311 244 107 118 16 111 194 305 154 175 484 503 234 279 67 32 307 26 135 365 66 97 430 277 81 129 160 132 210 335 59 282 193 5 112 25 239 548 295 73 72 30 143 197 109 140 444 500 17 128 178 265 174 44 200 11 196 427 209 204 223 151 87 163 95 208 123 296 252 297 57 7 24 93 10 85 29 12 318 243 76 435 363 294 192 105 442 338 276 219 236 299 
288
102 149 40 355 91 381 173 391 119 262 18 266 202 218 146 512 148 55 189 130 70 158 168 126 222 227 249 332 115 165 53 183 13 226 302 56 212 139 290 161 221 367 389 404 205 120 106 248 4 246 325 89 86 184 134 152 79 90 35 39 61 289 375 62 101 45 121 125 164 260 374 263 348 469 329 410 264 247 278 103 108 225 257 179 224 274 454 99 268 188 68 269 71 316 43 69 114 211 230 50 238 94 360 172 368 195 96 144 214 284 54 157 343 253 394 42 36 28 124 34 147 51 75 177 213 6 84 127 162 182 0 254 315 207 215 327 77 438 401 301 255 180 49 251 33 272 14 217 82 270 9 27 48 137 328 242 190 233 37 176 372 366 463 261 451 258 104 453 20 271 392 291 2 8 31 220 117 41 169 306 145 167 508 191 229 64 15 386 514 330 259 22 267 88 423 237 199 92 311 244 118 16 111 194 305 154 175 484 503 234 279 67 32 365 26 135 307 66 97 430 277 81 129 160 132 210 335 59 282 193 5 25 239 548 295 73 72 30 143 197 109 140 444 500 17 128 178 265 174 44 200 11 196 427 209 204 223 151 87 163 95 208 123 296 252 297 57 7 24 93 10 85 29 12 318 243 76 435 363 294 192 105 442 338 276 219 236 299 
279
102 149 40 355 91 381 173 391 119 262 18 266 218 146 512 148 55 189 130 70 158 126 222 227 249 332 115 165 53 183 13 226 302 56 212 139 290 161 221 367 389 404 205 120 106 248 4 246 325 89 86 134 152 79 90 35 39 61 289 375 125 121 45 101 62 164 260 374 263 348 469 329 410 264 247 278 103 108 225 257 179 224 274 454 99 268 188 68 269 71 316 43 69 114 211 230 50 238 94 360 172 368 195 96 144 214 284 54 157 343 394 42 36 28 124 34 147 51 75 177 213 6 127 182 253 254 0 162 315 207 84 215 327 77 438 401 301 255 180 49 251 33 272 14 217 82 270 27 9 48 137 242 190 233 37 176 372 366 463 261 451 258 104 453 20 271 392 291 2 8 31 220 117 41 169 306 145 167 508 191 229 64 15 386 514 330 267 22 88 423 237 199 92 311 244 118 16 111 194 305 154 175 484 503 234 279 67 32 307 26 135 66 97 430 277 81 129 160 132 210 335 59 282 193 5 25 239 548 295 73 72 30 143 197 109 444 500 17 128 178 265 174 44 200 11 196 209 204 223 151 87 163 95 208 123 296 252 297 57 7 24 10 85 29 12 318 243 76 435 363 294 192 105 442 338 276 219 236 299 
268
102 149 40 355 91 381 173 391 119 262 18 266 218 146 512 148 55 189 130 70 158 126 222 227 249 332 165 53 183 13 226 302 56 212 139 290 161 389 367 120 404 205 106 248 4 246 325 89 86 134 152 79 90 35 39 61 289 375 125 101 62 45 260 164 374 263 348 469 329 410 264 247 103 108 225 257 179 224 274 454 99 188 68 269 71 316 43 69 114 211 230 50 238 94 360 172 368 195 96 144 214 284 54 157 343 394 42 36 28 124 147 177 51 75 213 34 6 127 182 253 254 0 162 315 207 84 215 327 77 438 401 301 255 180 49 251 33 272 14 217 82 270 27 9 48 137 242 190 233 37 366 463 261 451 258 104 453 20 392 291 2 31 8 220 117 41 169 306 145 167 508 191 229 64 15 386 514 330 267 22 88 423 237 199 92 311 244 118 16 111 194 305 154 175 484 503 234 279 67 32 307 26 135 66 97 430 277 81 129 132 210 335 59 282 193 5 25 239 548 295 73 72 30 143 197 109 444 500 17 128 178 265 174 44 200 11 196 209 204 87 151 163 95 208 123 296 252 297 57 7 24 10 85 29 12 243 76 435 363 294 192 105 442 338 276 219 236 299 
256
102 149 40 355 91 381 173 391 119 262 18 266 218 146 512 148 55 189 130 70 158 126 222 227 249 332 165 53 183 13 226 302 56 212 139 290 161 389 367 120 404 205 106 248 246 325 89 86 134 152 79 90 35 39 61 289 375 125 101 62 45 260 164 374 263 87 469 329 410 247 103 108 225 257 179 224 274 454 99 188 68 269 71 316 43 69 114 211 230 238 94 360 368 172 195 96 144 214 284 54 157 343 394 42 36 28 124 147 177 213 75 253 6 127 182 162 254 0 315 84 207 215 327 77 438 401 301 255 180 49 251 33 272 14 217 82 270 27 9 48 137 242 190 233 37 366 463 261 451 258 104 453 20 392 291 2 31 8 117 41 169 145 167 191 229 64 15 386 514 330 267 22 88 423 237 199 92 311 244 118 16 111 194 305 154 175 484 503 234 279 67 32 307 26 135 66 97 430 277 81 129 132 210 335 59 282 193 5 25 239 548 295 73 72 30 143 500 109 444 17 128 178 265 174 44 200 11 196 209 204 151 163 95 123 296 252 297 57 7 24 10 85 29 12 243 76 435 363 294 192 105 442 338 276 219 299 
245
102 149 40 355 91 381 173 391 119 262 18 266 218 146 512 148 130 189 70 158 126 222 249 332 165 53 183 13 302 56 212 139 290 161 389 367 120 404 205 106 248 246 325 89 86 79 90 35 39 61 289 375 125 101 62 45 260 374 87 263 469 329 410 247 103 108 225 257 179 224 274 99 188 68 269 71 360 43 69 114 211 230 238 94 368 172 195 96 144 214 284 54 157 343 394 42 36 28 124 147 177 213 75 253 6 127 182 162 254 0 315 84 207 215 327 77 438 401 301 255 180 49 251 33 272 14 217 270 27 9 48 137 190 233 37 366 463 261 451 258 104 20 392 291 2 31 8 117 41 169 145 167 191 229 64 15 386 514 330 267 22 88 423 237 199 92 311 244 118 16 111 194 305 154 175 484 503 234 279 67 32 307 26 135 66 97 430 277 81 129 132 210 335 59 282 193 5 25 239 548 295 73 72 30 143 500 109 444 17 128 178 265 174 44 200 11 196 209 204 151 163 95 123 296 252 297 57 7 24 10 85 29 12 243 76 435 363 294 192 105 442 338 276 219 299 
233
102 149 40 355 91 381 173 391 119 262 18 266 146 512 148 130 189 70 158 126 222 249 332 165 53 183 13 302 56 212 139 290 161 389 120 404 205 106 248 246 325 89 86 90 79 35 39 61 289 375 125 101 45 62 260 87 263 469 329 410 247 108 225 257 179 224 274 99 188 68 269 71 360 43 69 114 211 238 368 94 172 195 96 214 284 343 54 157 144 394 42 36 28 124 147 177 213 75 253 6 127 182 162 254 0 315 84 207 215 327 77 438 401 301 255 180 49 251 33 272 14 217 270 27 9 48 137 190 233 37 366 463 261 451 258 104 20 392 291 2 31 8 117 41 169 145 167 191 64 15 386 514 330 267 22 88 423 237 199 92 311 244 16 111 194 305 154 175 484 503 234 279 67 32 307 26 135 66 97 430 277 81 129 132 210 59 282 193 5 25 239 548 295 73 72 30 143 500 444 17 128 178 265 174 44 200 11 196 209 204 151 163 95 123 296 252 297 10 85 29 12 243 76 435 363 294 192 105 442 338 276 219 299 
225
102 149 40 355 91 381 173 391 119 262 18 266 146 512 148 130 70 158 126 222 249 332 165 53 183 13 302 56 212 139 290 161 120 404 205 106 248 246 325 89 86 90 79 35 39 61 289 87 125 101 45 62 260 375 469 329 410 108 257 179 224 274 99 188 68 269 71 360 43 114 211 238 368 94 172 195 96 214 284 343 54 157 144 394 42 36 28 124 147 177 213 75 253 6 127 182 162 254 0 315 84 207 215 327 77 438 401 301 255 180 49 251 33 272 14 217 270 27 9 48 137 190 233 37 366 463 261 451 258 104 20 392 291 2 31 8 117 41 169 145 167 191 64 15 386 514 330 267 22 88 423 237 199 92 311 244 16 111 194 305 154 175 484 503 234 279 67 32 307 26 135 66 97 430 277 129 132 210 59 282 193 5 25 239 548 295 73 72 30 143 500 17 128 178 265 174 44 200 11 196 209 204 151 163 95 123 296 252 297 10 85 29 12 243 76 435 363 294 192 105 442 338 276 219 299 
211
102 149 40 355 381 173 391 119 262 18 266 146 512 148 130 70 158 222 249 332 165 53 183 13 302 56 212 139 290 161 120 205 106 248 246 325 89 86 90 79 35 39 61 289 87 125 101 45 62 260 375 469 329 410 108 257 179 224 274 188 68 269 360 43 114 211 238 368 94 172 195 284 214 96 343 54 157 144 394 42 36 28 124 147 177 213 75 253 6 127 182 162 254 0 315 84 207 215 327 77 401 301 255 180 49 251 33 272 14 217 270 27 9 48 137 190 233 37 463 261 451 258 104 20 392 291 2 31 8 117 41 169 145 167 15 386 514 330 267 22 88 423 237 199 311 244 16 111 194 305 154 175 484 503 234 279 67 32 307 26 135 66 97 430 277 129 132 210 59 282 193 5 25 239 73 72 30 143 500 17 128 178 265 174 44 200 11 196 209 204 151 163 95 123 296 252 297 10 85 29 12 243 76 435 363 294 192 105 338 276 299 
201
102 149 40 355 381 173 391 119 262 18 266 146 512 148 130 70 158 222 249 332 165 53 183 13 302 212 290 139 161 120 205 106 248 246 325 89 86 90 79 35 39 61 289 87 125 101 45 62 260 375 469 329 410 108 257 179 224 274 188 68 269 360 43 114 211 238 368 94 172 195 284 214 96 343 54 157 144 394 42 36 28 147 213 253 75 6 127 182 162 254 0 315 84 207 215 327 77 401 301 255 180 49 251 33 272 14 217 270 27 9 48 137 190 233 37 463 261 258 104 20 2 31 8 117 41 169 145 167 15 386 514 330 267 22 88 423 237 199 311 16 111 194 305 154 175 484 503 234 279 67 32 26 135 66 97 430 277 132 210 59 282 193 5 25 239 73 72 30 143 500 17 128 178 265 174 44 200 11 196 209 204 151 163 95 123 296 252 297 10 85 29 12 243 76 435 294 192 105 338 276 299 
193
102 149 40 381 173 391 119 262 18 266 512 148 130 70 158 222 249 332 165 53 183 13 302 212 290 139 161 120 205 106 248 246 325 89 86 90 79 35 39 61 289 87 125 101 45 375 260 469 329 108 257 179 224 274 188 68 269 360 43 114 211 238 368 94 172 195 284 214 96 343 54 157 144 394 42 36 147 213 253 75 84 127 182 162 254 0 315 215 207 327 77 401 301 255 180 49 251 33 272 14 217 270 27 9 48 137 190 233 37 463 261 258 104 20 2 31 8 117 41 169 145 167 15 386 514 330 267 22 88 423 237 199 311 16 111 194 305 154 175 484 503 234 279 67 32 26 135 66 97 430 277 132 210 59 282 193 5 25 239 73 72 30 143 500 17 128 265 174 44 200 11 196 209 204 151 163 95 123 296 252 297 10 85 12 243 76 435 294 192 105 338 276 299 
185
102 149 40 381 173 391 119 262 18 266 512 130 70 158 222 249 332 165 53 183 13 302 212 290 139 161 120 205 106 248 246 325 89 86 90 79 39 61 35 289 87 125 101 45 375 260 469 329 108 257 179 224 274 188 68 269 360 43 114 211 238 368 94 172 195 284 96 144 343 54 157 394 42 36 147 213 253 75 84 127 182 254 0 215 207 327 77 401 301 255 180 49 251 33 272 14 270 27 9 48 137 190 233 37 463 261 258 104 20 2 31 8 117 41 169 145 167 15 386 514 330 267 22 88 423 237 199 311 16 111 194 305 154 175 484 503 234 67 32 135 26 66 97 430 277 132 210 59 282 193 5 25 239 73 72 30 143 500 17 128 265 174 44 200 11 196 209 204 151 95 123 296 252 10 85 12 243 76 435 294 192 105 338 276 299 
