10
393
266 60 134 279 100 463 50 94 173 455 205 135 287 69 126 236 108 150 241 296 218 320 177 307 436 80 39 202 208 175 340 329 371 9 20 425 102 357 170 113 252 206 317 75 294 105 352 146 220 453 139 272 239 7 3 18 214 447 121 389 213 89 388 247 394 101 63 421 98 418 152 313 0 191 230 23 265 43 444 473 33 292 127 304 282 79 160 14 116 185 251 227 209 346 207 427 78 199 235 165 115 72 133 456 334 348 45 349 106 250 231 226 167 363 249 27 5 382 258 194 66 68 131 180 132 19 442 339 198 229 295 97 148 414 161 47 163 117 238 359 123 462 333 84 324 57 184 393 196 174 120 323 372 166 21 67 306 276 342 143 37 136 13 2 395 154 71 242 112 32 162 155 49 56 201 392 203 301 410 140 111 449 109 454 290 29 48 151 302 55 222 293 93 192 22 30 118 182 87 335 10 259 147 1 225 451 319 215 297 288 446 244 138 88 257 255 183 149 256 58 283 119 246 53 17 351 360 211 381 391 40 193 328 195 224 267 41 157 83 128 478 141 171 387 156 200 6 217 260 104 91 383 46 263 314 42 74 61 172 448 36 103 245 204 145 308 92 355 345 280 44 221 210 269 285 62 362 375 81 289 64 443 54 34 65 76 437 316 406 305 385 164 390 365 90 262 11 407 85 24 429 452 51 169 274 396 243 286 12 144 373 4 458 457 445 38 434 343 476 82 142 130 356 124 31 178 430 153 299 181 300 311 28 336 459 95 110 402 70 212 86 330 96 15 377 354 228 219 254 278 8 129 122 125 187 341 237 16 344 73 186 188 176 168 107 358 431 179 378 234 253 450 189 338 114 326 59 412 77 190 52 298 268 417 99 35 158 223 240 248 137 26 25 
383
266 60 134 279 100 463 50 94 173 455 205 135 287 69 126 236 108 150 241 296 218 320 177 307 436 80 39 202 208 175 340 329 371 9 20 425 102 357 170 113 252 206 317 75 294 105 352 146 220 453 139 272 239 7 3 18 214 447 121 389 213 89 388 247 394 101 63 421 98 418 152 313 0 191 230 23 265 43 444 473 33 292 304 282 79 160 14 116 185 251 227 346 207 427 78 199 235 165 115 133 456 334 348 45 349 106 250 231 226 167 363 249 27 5 382 258 66 68 131 180 132 19 442 339 198 229 97 148 414 161 47 163 117 238 359 123 462 333 84 324 57 184 393 196 174 120 323 372 166 21 67 306 276 342 143 37 136 13 2 395 154 242 112 32 162 155 49 56 201 392 203 301 410 140 111 449 109 454 29 48 151 302 55 222 293 93 192 22 30 118 182 87 335 10 259 147 1 225 451 319 215 297 288 446 244 138 88 257 255 183 149 256 58 283 119 246 53 17 351 360 211 381 391 40 193 328 195 224 267 41 157 83 128 478 141 171 387 156 200 6 217 260 104 91 46 263 314 42 74 61 172 448 36 103 245 204 145 308 92 355 345 280 44 221 210 269 285 62 362 375 81 289 64 443 54 34 65 76 437 316 406 305 164 390 90 262 11 407 85 24 429 452 51 169 274 396 243 286 12 144 373 4 458 457 445 38 434 343 476 82 142 130 356 124 31 178 430 153 299 181 300 311 28 336 459 95 110 402 70 212 86 330 96 15 377 354 228 219 254 278 8 129 122 125 187 341 237 16 344 73 186 188 176 168 107 358 431 179 378 234 253 450 189 338 114 326 59 412 77 190 52 298 268 417 99 35 158 223 240 248 137 26 25 
372
266 60 134 279 100 463 50 94 173 455 205 135 287 69 236 108 150 241 296 218 320 307 436 80 39 202 208 175 340 329 9 20 102 357 170 113 252 317 75 294 105 352 146 220 453 139 272 239 7 3 18 214 447 121 389 213 89 388 247 394 101 63 421 98 418 152 313 0 191 230 23 265 43 444 473 33 292 304 282 79 160 14 116 185 251 227 346 427 78 235 165 115 133 456 334 348 45 349 106 250 231 226 167 363 249 27 5 382 258 66 68 131 180 132 19 442 339 198 229 97 148 414 161 47 163 117 238 359 123 462 333 84 324 57 184 393 196 174 120 323 372 166 21 67 306 276 342 143 37 136 13 2 154 242 112 32 162 155 49 56 201 392 203 301 410 140 111 449 109 454 29 48 151 302 55 222 293 93 192 22 30 118 87 335 10 259 1 225 451 319 215 297 288 446 244 138 88 257 255 183 149 256 58 283 119 246 53 17 351 360 211 381 391 40 193 328 195 224 267 41 157 83 128 478 141 171 387 156 200 6 217 260 104 91 46 263 314 42 74 61 172 448 36 103 245 204 145 308 92 355 345 280 44 221 210 269 285 62 362 375 81 289 64 443 54 34 65 76 437 316 406 305 164 390 90 262 11 407 85 24 429 452 51 169 274 396 243 286 12 144 373 4 458 457 445 38 434 343 476 82 142 130 356 124 31 430 153 299 181 300 311 28 336 459 95 110 402 70 212 86 330 96 15 377 354 228 219 254 278 8 129 122 125 187 341 237 16 344 73 186 188 176 168 107 358 431 179 378 234 253 450 189 338 114 326 59 412 77 190 52 298 268 417 99 35 158 223 240 248 137 26 25 
365
266 60 134 279 100 463 50 94 173 455 205 135 287 69 236 108 150 241 296 218 320 307 436 80 39 202 208 175 340 329 9 20 102 357 170 113 252 317 75 294 105 352 146 220 453 139 272 239 7 3 18 214 447 121 389 213 89 388 247 394 101 63 421 98 418 152 313 0 191 230 23 265 43 444 473 33 292 304 282 79 160 14 116 185 251 227 346 427 78 235 115 133 456 334 45 349 106 250 231 226 167 363 249 27 5 382 258 66 68 131 180 132 19 442 339 198 229 97 148 414 161 47 163 117 238 359 123 462 333 84 324 57 184 393 196 174 120 323 372 166 21 67 306 276 342 143 37 136 13 2 154 242 112 32 162 155 49 56 392 203 301 410 140 111 449 109 454 29 48 151 302 55 222 293 93 192 22 30 118 87 335 10 259 1 225 451 319 215 297 288 446 244 138 88 257 255 183 149 256 58 283 119 246 53 17 351 360 211 381 391 40 193 328 195 224 267 41 157 83 128 478 141 171 387 156 200 6 217 260 104 91 46 263 314 42 74 61 172 448 36 103 245 204 145 308 92 355 345 280 44 221 210 269 285 62 362 375 81 289 64 443 54 34 65 76 437 316 406 305 164 390 90 262 11 407 85 24 429 452 51 169 274 396 243 286 12 144 4 458 457 445 38 434 343 476 82 142 130 356 124 31 430 153 181 300 311 28 336 459 95 110 402 70 212 86 330 96 15 377 354 228 219 254 278 8 129 122 125 187 341 237 16 344 73 186 188 176 168 107 358 431 179 378 234 253 450 189 114 326 59 77 190 52 298 268 417 99 35 158 223 240 248 137 26 25 
349
60 134 279 100 463 50 94 173 455 205 135 287 69 236 108 150 241 296 218 320 307 436 80 39 208 202 175 340 329 9 20 102 357 170 252 317 75 294 105 352 146 220 453 139 272 7 3 18 214 447 121 389 213 89 388 247 394 101 421 98 418 152 313 0 191 230 23 265 43 444 473 33 292 304 282 79 160 14 185 251 116 227 346 427 78 235 115 133 456 334 45 349 106 250 231 226 167 363 249 27 5 382 258 66 68 131 180 132 19 442 339 198 229 97 148 161 47 163 117 238 359 123 462 333 84 324 57 184 393 196 174 120 372 166 21 276 342 143 37 136 13 2 154 242 112 32 162 155 49 56 392 203 301 140 111 449 109 454 29 48 151 302 55 222 293 93 192 22 30 118 87 335 10 259 1 225 451 319 215 297 288 446 244 138 88 257 255 183 149 256 58 283 119 246 53 17 351 360 211 391 40 193 328 195 224 267 41 157 83 128 478 141 171 387 156 200 6 217 260 104 91 46 263 314 42 74 61 172 448 36 103 245 204 145 308 92 355 345 280 221 210 269 285 62 362 375 81 289 64 443 34 65 76 437 316 406 305 164 390 90 262 11 407 85 24 429 452 51 169 274 396 243 286 12 144 4 458 445 38 343 476 82 142 130 356 124 31 430 153 181 300 28 336 459 95 110 402 70 212 86 330 96 15 377 354 228 219 254 278 8 129 122 125 187 341 237 16 344 73 186 188 176 168 107 358 431 179 378 234 253 450 114 326 59 77 190 52 298 268 417 99 35 158 223 240 248 137 26 25 
341
60 134 279 100 463 50 94 173 455 205 135 287 69 236 108 150 241 296 218 320 307 436 80 39 208 202 175 340 329 20 102 357 170 252 317 75 294 105 352 146 220 453 139 272 7 3 18 214 447 121 389 213 89 388 247 394 101 421 98 418 152 313 0 191 230 23 265 43 444 473 33 292 304 282 79 160 14 185 251 116 227 346 427 78 235 115 133 456 334 45 349 106 250 231 226 167 363 249 27 5 382 258 66 68 131 180 132 19 442 339 198 229 97 148 161 47 163 238 359 123 462 333 84 324 57 184 393 196 174 120 372 166 21 276 342 143 37 136 13 2 154 242 112 32 162 155 56 392 203 301 140 111 449 109 454 29 48 151 302 55 222 293 93 192 22 30 118 87 335 10 259 1 225 451 319 215 288 446 244 138 88 257 255 183 149 256 58 283 119 246 53 17 351 360 211 391 40 193 328 195 224 267 41 157 83 128 478 141 387 156 200 6 217 260 104 91 46 263 314 42 61 172 448 36 103 245 204 145 308 92 355 345 280 221 210 269 285 62 362 81 289 64 34 65 76 437 316 406 305 164 390 90 262 11 407 85 24 429 452 51 169 274 396 243 286 12 144 4 458 445 38 343 476 82 142 130 356 124 31 430 153 181 300 28 336 459 95 110 402 70 212 86 330 96 15 377 354 228 219 254 278 8 129 122 125 187 341 237 16 344 73 186 188 176 168 107 358 431 179 378 234 253 450 114 326 59 77 190 52 298 268 417 99 35 158 223 240 248 137 26 25 
330
60 134 279 100 463 50 94 173 455 205 135 287 69 108 150 241 296 218 320 307 436 80 39 208 202 175 340 329 20 102 357 170 252 317 75 294 352 146 220 453 139 272 7 3 18 214 447 121 389 213 89 388 247 394 101 421 98 418 152 313 0 191 230 23 265 43 444 473 33 292 304 282 79 160 14 185 251 116 227 346 427 78 235 133 456 334 45 349 106 250 231 226 167 363 249 27 5 382 258 66 68 131 180 132 19 442 339 198 229 97 148 161 47 163 238 359 123 462 333 84 324 57 184 393 196 174 120 372 166 21 276 342 143 37 136 2 154 242 112 32 162 155 56 392 203 301 140 111 449 109 454 29 48 151 302 55 222 293 93 192 22 30 118 87 335 10 259 1 225 319 215 288 446 244 138 88 257 255 183 149 256 58 283 119 246 53 17 351 360 211 391 40 193 328 195 267 41 157 83 128 478 141 387 156 200 6 217 260 104 91 46 263 314 42 61 172 448 36 103 245 204 145 308 92 355 345 280 221 210 269 285 62 81 289 64 34 65 76 437 316 406 164 390 90 262 11 407 85 24 452 51 169 274 396 243 286 12 144 4 458 445 38 343 476 82 142 130 356 124 31 430 153 181 300 28 336 459 95 110 402 70 212 86 330 96 15 377 354 228 219 254 278 8 129 122 125 341 237 16 344 73 186 188 176 168 107 358 179 378 234 253 450 114 326 59 77 190 52 298 268 417 99 35 158 223 240 248 137 26 25 
320
60 134 279 100 50 94 173 455 205 135 287 69 108 150 241 296 218 320 307 436 80 39 208 202 175 340 329 20 102 357 170 252 317 75 294 352 146 220 453 139 272 7 3 18 214 447 121 389 213 89 388 247 394 101 421 98 418 152 313 0 191 230 23 43 444 33 292 304 282 160 14 185 251 116 227 346 427 78 235 456 133 45 349 106 250 231 226 167 363 249 27 5 382 258 66 68 131 180 132 19 442 198 229 97 148 161 47 238 359 123 462 333 84 324 57 184 393 196 174 120 372 166 21 276 342 143 37 136 2 154 242 112 32 162 155 56 392 203 301 140 111 449 109 454 29 48 151 302 55 222 293 93 192 22 30 118 87 335 10 259 1 225 319 215 288 446 244 138 88 257 255 183 149 256 58 283 119 246 53 17 351 360 211 391 40 193 328 195 267 41 157 83 128 478 141 387 156 200 6 217 260 91 46 263 314 42 61 172 448 36 103 245 204 145 308 92 355 345 280 221 210 269 285 62 81 289 64 34 65 76 437 316 406 164 390 90 262 11 407 85 24 452 51 169 274 396 243 286 144 4 458 445 38 343 476 82 142 130 356 124 31 430 153 181 300 28 336 459 95 110 402 70 212 86 330 96 15 377 354 228 219 254 278 8 129 122 125 341 237 344 73 186 188 176 168 107 358 179 378 234 253 450 114 326 59 77 190 52 298 268 417 99 35 158 223 240 248 137 26 25 
310
60 134 279 100 50 94 173 455 205 135 287 69 108 150 241 296 218 320 307 436 80 39 208 202 175 340 329 20 102 357 170 252 317 75 294 146 220 453 139 272 7 3 18 214 447 121 389 213 89 388 247 394 101 421 98 418 152 0 191 230 23 43 444 33 292 304 282 160 14 185 251 116 227 346 427 78 235 456 133 45 349 106 250 231 226 167 363 249 27 5 382 258 66 68 131 180 19 442 198 229 97 148 161 47 238 359 123 333 84 324 57 184 393 196 174 120 372 166 21 276 342 143 37 136 2 154 242 112 32 162 155 56 392 203 140 111 449 109 454 29 48 151 302 55 222 293 93 192 22 30 118 87 335 10 259 1 225 319 288 446 138 88 257 255 183 149 256 58 283 119 246 53 17 351 360 211 391 40 193 328 195 267 41 157 83 128 478 141 387 156 200 6 217 260 91 46 263 314 42 61 172 36 103 245 204 145 308 92 355 345 280 221 210 269 285 62 81 289 64 34 65 76 437 316 406 164 390 90 262 11 407 24 452 51 169 274 396 243 286 144 4 458 445 38 343 476 82 142 130 356 124 31 430 153 181 300 28 336 459 95 110 402 70 212 86 330 96 15 377 354 228 219 254 278 8 129 122 341 237 344 73 186 188 176 168 107 358 179 378 234 253 450 114 326 59 77 190 52 298 268 417 99 35 158 223 240 248 137 26 25 
297
316 87 60 134 335 10 406 45 259 100 279 164 349 106 250 390 1 50 94 231 225 90 226 173 167 262 455 363 249 205 11 5 27 382 407 135 258 287 24 319 66 51 68 169 274 69 396 288 243 446 180 138 88 257 255 19 183 286 442 149 456 144 108 4 256 150 198 229 58 97 283 458 148 296 38 445 218 161 343 47 82 119 238 359 142 53 130 17 123 320 246 356 124 351 436 31 80 360 333 39 208 84 202 211 184 153 57 430 391 393 324 40 181 300 196 193 329 328 118 195 174 120 20 28 41 102 267 336 372 459 357 166 95 157 21 170 110 402 83 128 70 252 86 212 330 276 96 478 141 317 75 143 133 294 136 15 2 377 354 387 228 146 156 200 220 453 139 6 254 217 260 278 272 242 7 8 3 112 18 129 91 122 46 447 263 121 32 314 341 162 155 389 213 89 42 388 56 247 237 344 394 101 61 392 172 73 203 98 421 418 152 186 188 140 111 36 0 449 109 103 230 23 245 176 191 168 476 43 107 358 204 179 33 145 292 308 454 378 92 29 234 48 304 253 282 450 151 114 355 345 302 160 55 280 14 185 251 210 269 221 285 227 326 116 59 222 293 62 93 77 190 52 298 192 268 81 417 99 289 22 35 64 78 158 427 223 240 235 248 137 26 30 25 34 65 76 437 
