10
409
81 34 167 132 424 101 322 58 449 198 445 75 88 407 176 399 135 22 218 40 375 211 284 57 279 41 82 100 214 51 298 421 290 209 200 342 69 112 215 491 134 33 8 394 486 142 168 17 87 68 85 371 191 317 225 93 67 302 23 96 389 72 366 39 402 65 381 221 32 157 235 312 339 3 243 27 155 475 21 56 239 489 488 210 110 288 386 147 136 238 482 62 47 474 269 266 286 267 466 9 289 144 367 203 458 11 185 89 137 98 122 400 103 43 393 259 109 175 467 261 74 310 150 201 207 293 311 184 52 313 10 19 336 116 242 379 162 305 165 275 330 350 470 233 335 236 202 0 174 256 44 308 104 490 204 455 29 172 484 15 170 263 208 433 285 228 278 120 48 219 345 123 387 164 63 309 24 14 321 130 121 485 6 396 90 138 179 171 80 79 182 431 42 36 325 480 462 180 173 253 146 441 181 333 158 304 7 77 380 70 370 493 188 232 102 97 4 334 127 460 492 343 71 59 16 160 169 163 287 199 254 107 465 419 213 434 35 297 244 189 12 295 231 212 248 463 20 306 314 348 45 124 1 428 255 361 197 166 220 413 426 265 2 117 331 406 328 316 250 257 237 422 126 300 148 119 161 38 128 91 280 131 113 92 258 187 140 183 303 435 106 226 368 274 481 64 50 332 223 246 249 324 240 156 129 46 55 398 105 241 61 377 31 159 299 483 86 338 139 355 108 264 118 359 192 326 30 260 99 18 346 94 477 26 268 472 224 234 365 409 245 76 194 195 151 452 307 49 206 252 190 95 301 83 251 282 177 25 358 296 73 447 205 115 111 78 403 397 186 143 84 320 417 60 283 149 262 145 13 114 54 5 478 327 464 373 436 53 66 125 178 292 133 154 414 229 196 444 315 141 270 28 357 385 152 247 153 217 487 
398
81 34 167 132 424 101 322 58 449 198 445 75 88 407 176 399 135 22 218 40 375 211 284 57 279 41 82 100 51 298 290 209 200 342 69 112 215 491 134 33 8 394 486 142 168 17 87 68 85 371 191 317 225 93 67 302 23 96 389 366 39 402 381 221 32 157 235 312 339 3 243 27 155 475 21 56 239 489 488 210 110 386 147 136 238 482 62 47 269 266 286 267 466 9 289 144 367 203 458 11 185 89 137 98 122 400 43 393 259 109 175 467 261 74 310 150 201 207 293 184 52 313 10 19 336 116 242 379 162 305 165 275 330 350 470 233 335 236 202 0 174 256 44 308 104 490 204 455 29 172 484 15 170 263 208 433 285 228 278 120 48 219 345 123 387 164 63 309 24 14 321 130 121 485 6 396 90 138 179 171 80 79 182 431 42 36 325 480 462 180 173 146 441 181 333 158 304 7 77 380 70 370 493 188 232 102 97 4 334 460 492 343 71 59 16 160 169 163 287 199 254 107 465 419 213 434 35 297 244 189 12 295 231 212 248 463 20 306 314 348 45 124 1 428 255 361 197 166 220 413 426 265 2 117 331 406 316 250 257 237 422 126 300 148 119 161 38 128 91 280 131 113 92 258 187 140 183 303 435 106 226 368 274 481 64 50 332 223 246 249 324 240 156 129 46 55 398 105 241 61 377 31 159 299 483 86 338 139 355 108 264 118 359 192 326 30 260 99 18 346 94 477 26 268 472 365 224 234 409 245 76 194 195 151 452 307 49 206 252 190 95 301 83 251 282 177 25 358 296 73 447 205 115 111 78 403 397 186 143 84 320 417 60 283 149 262 145 13 114 54 5 478 327 464 373 436 53 66 125 178 292 133 154 414 229 196 444 141 315 270 28 357 385 152 247 153 217 487 
388
81 34 167 132 424 101 322 58 449 198 445 75 88 407 176 399 135 22 218 40 375 211 284 57 279 41 82 100 51 298 290 209 200 342 69 112 215 491 134 33 8 394 486 142 168 17 87 68 85 371 191 317 225 93 67 302 23 96 389 366 39 402 381 221 32 157 235 312 339 3 243 27 155 475 21 56 239 489 210 110 386 147 136 238 482 62 47 269 266 286 267 466 9 289 144 367 203 458 11 185 89 137 98 122 43 393 259 109 175 467 261 74 310 150 201 207 184 52 313 10 19 336 116 242 379 162 305 165 275 330 350 470 233 335 236 202 0 174 256 44 308 104 490 204 455 29 172 484 15 170 263 208 433 285 228 278 120 48 219 345 123 387 164 63 309 24 14 321 130 121 485 6 396 138 179 171 80 79 182 431 42 36 325 480 462 180 173 146 441 181 333 158 304 7 77 380 70 370 493 188 232 102 97 4 334 492 343 71 59 16 160 169 163 287 199 254 107 465 419 213 434 35 297 244 189 12 295 231 212 248 463 20 306 314 348 45 124 1 428 255 361 197 166 220 413 426 265 2 117 331 406 316 250 257 422 126 300 148 119 161 38 128 91 280 131 113 92 258 187 140 183 303 435 106 226 368 274 481 50 332 223 246 249 324 240 156 129 46 55 398 105 241 61 377 31 159 299 483 86 338 355 108 264 118 359 192 326 30 260 99 18 346 94 477 26 268 472 365 224 234 409 245 76 194 195 151 452 307 49 206 252 190 95 301 83 251 282 177 25 358 296 73 447 205 115 111 78 403 397 186 143 84 320 417 60 283 149 262 145 13 114 54 5 327 464 373 436 53 66 125 178 292 133 154 414 229 196 444 141 270 28 357 385 152 247 153 217 487 
373
81 34 167 132 424 101 322 58 449 198 445 75 88 407 176 399 135 22 218 40 375 211 284 57 279 41 82 100 51 298 290 209 200 342 69 112 215 491 134 33 8 394 486 142 168 17 87 68 85 371 191 317 225 93 67 302 23 96 389 366 39 381 221 32 157 235 312 3 243 27 155 475 21 56 239 489 210 110 386 147 136 238 62 47 269 266 286 267 466 9 289 144 367 203 458 11 185 89 137 98 122 43 393 259 109 175 467 261 74 310 150 201 207 184 52 313 10 19 336 116 242 162 305 165 275 330 350 470 335 236 202 0 174 256 44 308 104 490 204 455 29 172 15 170 263 208 433 285 228 278 120 48 219 345 123 387 164 63 309 24 14 321 130 121 485 6 396 138 179 171 80 79 182 431 42 36 325 480 462 180 173 146 441 181 333 158 304 7 77 380 70 370 493 188 232 102 97 4 334 492 343 59 160 169 163 287 199 254 107 465 419 213 434 35 297 244 189 12 295 231 212 248 463 20 306 314 348 45 124 1 428 255 361 197 166 220 413 426 265 117 331 406 316 250 257 422 126 300 148 119 161 38 128 91 280 131 113 92 258 187 140 183 303 106 226 368 274 481 50 332 223 249 324 240 156 129 46 55 398 105 241 61 377 31 159 299 483 86 338 355 108 264 118 359 192 326 30 260 99 18 346 94 477 26 268 472 365 224 234 409 245 76 194 195 151 452 307 49 206 252 190 95 301 83 251 282 177 25 358 296 73 447 205 115 111 78 403 397 186 143 84 417 60 283 149 262 145 13 114 54 5 327 464 373 436 53 66 125 178 292 133 229 196 141 270 28 357 385 152 247 153 217 487 
362
81 34 167 132 424 101 322 58 449 198 445 75 88 407 176 399 135 22 218 40 375 211 284 57 279 41 82 100 51 298 290 209 200 342 69 112 215 491 134 33 8 394 486 142 168 17 87 68 85 371 191 317 225 93 67 302 96 389 366 39 381 221 32 157 235 312 3 243 27 155 475 21 56 239 489 210 110 386 147 136 238 62 47 269 266 286 267 466 289 144 367 203 458 11 185 89 137 98 122 43 393 259 109 467 74 310 150 201 207 184 52 313 10 19 336 116 242 162 305 165 330 350 470 335 236 0 174 256 44 308 104 490 204 455 29 172 15 170 263 208 433 285 228 278 120 48 219 345 123 387 164 63 309 24 321 130 121 485 6 396 138 179 171 80 79 182 431 42 36 325 480 462 180 173 146 441 181 333 158 304 7 77 380 70 370 493 188 232 102 97 4 334 492 343 59 160 169 163 287 199 254 107 465 419 213 434 35 297 244 189 12 231 212 248 463 20 306 314 348 45 124 1 428 255 361 197 166 220 413 426 265 117 331 406 316 250 257 422 126 300 148 119 161 38 128 91 280 131 113 92 258 187 140 183 303 106 226 368 274 481 223 249 324 240 156 129 46 55 398 105 241 61 377 31 159 299 483 86 338 355 108 264 359 192 326 30 260 99 18 346 94 477 26 268 472 224 234 365 409 245 76 194 195 151 452 307 49 206 252 190 95 301 83 251 282 177 25 358 296 73 447 205 115 111 78 403 397 186 143 84 417 60 283 149 262 145 13 114 54 5 327 464 373 436 53 66 125 178 292 133 229 196 141 270 28 357 385 152 247 153 217 487 
354
81 34 167 132 424 101 322 58 449 198 445 75 88 407 176 399 135 22 218 40 375 211 284 57 279 41 82 100 51 298 290 209 200 342 69 112 215 491 134 33 8 394 486 142 168 17 87 68 85 371 191 317 225 93 302 96 389 366 39 381 221 32 157 235 312 3 243 27 155 475 21 56 239 489 210 110 386 147 136 238 62 47 269 266 286 267 466 289 144 367 203 458 11 185 89 137 122 43 393 259 109 467 74 310 150 201 207 184 52 313 10 19 336 116 242 162 305 165 330 350 470 335 236 0 174 44 308 104 490 204 455 29 172 15 170 263 433 208 285 228 278 120 48 219 345 123 387 164 63 309 24 321 130 121 485 6 396 138 171 80 79 182 431 42 36 325 480 462 180 173 146 441 181 333 158 304 7 77 380 70 370 493 188 232 102 97 4 334 492 343 160 169 163 287 199 254 107 465 419 213 434 35 297 244 189 12 231 212 248 463 20 306 314 348 45 124 1 428 255 361 197 166 220 413 426 265 117 331 406 316 250 257 422 126 300 148 119 161 38 128 91 280 131 113 92 258 187 140 183 303 106 226 368 274 481 223 249 324 240 156 129 46 55 398 105 241 61 377 31 299 483 86 338 355 108 264 359 192 326 30 260 99 18 346 94 477 26 268 472 224 234 365 409 245 76 194 195 151 452 307 49 206 252 190 95 301 83 251 282 177 25 296 73 447 205 115 111 403 397 186 143 84 417 60 283 149 262 145 13 114 54 5 327 464 373 436 53 66 125 178 292 133 229 196 141 270 28 357 385 152 247 153 217 487 
340
81 34 167 132 424 101 322 58 449 198 445 75 88 407 176 135 22 218 40 375 211 284 57 279 41 82 100 51 298 290 209 200 342 69 112 215 491 134 33 8 394 486 142 168 17 87 68 85 371 191 317 225 302 96 389 366 39 381 221 32 157 235 312 3 243 27 155 475 21 56 239 489 210 110 386 147 136 238 62 47 269 266 286 267 466 289 144 367 203 458 11 185 89 137 122 43 393 259 109 467 74 310 150 201 207 184 52 313 10 19 336 116 242 162 305 165 330 350 470 335 236 0 174 44 308 104 490 204 29 15 170 263 433 208 285 228 278 120 48 219 345 123 387 164 63 309 24 130 121 485 6 396 138 171 80 79 182 431 42 36 325 480 462 180 173 146 441 181 333 158 304 7 77 380 70 370 188 232 97 4 492 343 160 169 163 287 199 254 107 465 419 213 35 297 244 189 12 231 212 248 463 20 306 314 348 45 124 1 428 255 361 197 166 220 413 426 265 117 331 406 316 250 257 422 126 148 119 161 38 128 91 131 113 92 258 187 140 183 303 106 226 368 274 481 249 324 240 156 129 46 55 398 105 241 61 377 31 299 483 86 338 355 264 359 192 326 30 260 99 18 346 94 477 26 268 472 224 234 365 409 245 76 194 195 151 452 307 49 206 252 190 95 301 83 251 282 177 25 296 73 447 205 115 111 403 397 186 143 84 417 283 149 262 145 13 114 54 5 327 464 373 436 53 66 125 178 292 133 229 196 141 270 28 357 385 152 247 153 217 487 
332
81 34 167 132 424 101 322 58 449 198 445 75 88 407 176 135 22 218 40 375 211 284 57 279 41 82 100 51 298 290 209 200 342 69 112 215 491 134 33 8 394 486 142 168 17 87 68 85 371 191 317 225 302 96 389 366 39 381 221 32 157 235 312 3 243 27 155 475 21 56 489 210 110 386 147 136 238 62 47 269 266 286 267 466 289 144 367 203 458 11 185 89 137 122 43 393 259 109 467 74 310 150 201 207 184 313 10 19 336 116 242 162 305 165 330 350 335 236 0 174 44 308 104 490 204 29 15 170 263 433 208 285 228 278 120 48 219 345 123 387 164 63 309 24 130 121 485 6 396 138 171 80 79 182 431 42 36 325 480 462 180 173 146 441 181 333 158 304 7 77 380 70 370 232 188 97 4 492 343 169 163 287 199 254 107 465 419 213 35 297 244 189 12 231 212 248 463 20 306 314 348 45 124 1 428 255 361 197 166 220 413 426 265 117 406 316 250 257 422 126 148 119 128 91 131 113 92 258 187 140 183 303 106 226 368 274 481 249 324 240 156 129 46 55 398 105 241 61 377 31 299 483 86 338 355 264 359 192 326 30 260 99 18 346 94 477 26 268 472 224 234 365 409 245 76 194 195 151 452 307 49 206 252 190 95 301 152 83 251 282 177 25 296 73 447 205 115 111 403 397 186 143 84 417 283 149 262 145 13 114 54 5 327 464 373 436 53 66 125 178 292 133 196 141 270 28 357 52 247 153 217 487 
325
81 34 167 132 424 101 322 449 198 445 75 88 407 176 135 22 218 40 375 211 284 57 41 82 100 51 298 290 209 200 342 69 112 215 491 134 33 8 394 486 142 168 17 87 68 85 371 191 317 225 302 96 389 366 39 381 221 32 157 235 312 3 243 27 155 475 21 56 489 210 110 386 147 136 238 62 47 269 266 286 267 466 289 144 367 203 458 11 185 89 137 122 43 393 259 109 467 74 310 150 201 207 184 313 10 19 336 116 242 162 305 165 330 350 335 236 0 174 44 308 104 490 204 29 15 170 263 433 208 285 228 278 120 48 219 345 123 387 164 63 309 24 130 121 485 6 396 138 171 80 79 182 431 42 36 325 480 462 180 173 146 441 181 333 158 304 7 77 380 70 370 232 188 97 4 492 343 169 163 287 199 254 107 465 419 213 35 244 189 12 231 212 248 463 306 348 314 20 45 124 1 428 255 361 197 166 220 413 426 265 117 406 316 250 257 422 126 148 119 128 91 131 113 92 258 187 140 183 303 106 226 481 274 368 249 324 240 129 46 55 398 105 241 61 377 31 299 483 86 338 355 264 359 192 326 30 260 99 18 346 94 477 26 268 472 224 234 365 409 245 76 194 195 151 452 307 49 206 252 95 301 152 251 282 177 25 296 73 447 205 115 111 403 397 186 143 84 417 283 149 262 145 13 114 54 5 464 373 436 53 66 125 178 292 133 196 141 270 28 357 52 247 153 217 487 
317
81 34 167 132 424 101 322 449 198 445 75 88 407 176 135 22 218 40 375 284 57 41 82 100 51 298 290 209 200 342 69 112 215 491 134 33 8 394 486 142 168 17 87 68 85 371 191 317 302 96 389 366 39 381 221 32 235 312 3 243 27 155 475 21 56 489 210 110 386 147 136 238 62 47 269 266 286 267 466 289 144 367 203 458 11 185 89 137 122 43 393 259 109 467 74 310 150 201 207 184 313 10 19 336 116 242 162 305 165 330 350 335 236 0 174 44 308 104 490 204 29 15 170 263 433 208 285 228 278 120 48 219 345 123 387 164 63 309 24 130 121 485 6 396 138 171 80 79 182 431 42 36 325 480 462 180 173 146 441 181 333 158 304 7 77 380 70 370 232 188 97 4 492 343 169 163 287 199 254 107 465 419 213 35 244 189 12 231 212 248 463 306 348 314 20 45 124 1 428 255 361 197 166 220 413 426 265 117 406 316 250 257 422 126 148 119 128 91 131 113 92 258 187 140 183 303 106 226 368 481 249 324 240 129 46 55 398 105 241 61 377 31 299 483 86 338 355 264 359 192 326 30 260 99 18 346 94 477 26 472 234 365 409 245 76 194 195 151 452 307 49 206 252 95 301 152 251 282 177 25 447 205 115 111 403 397 186 143 84 417 283 149 262 145 13 114 54 5 464 373 436 53 66 125 178 292 133 196 141 270 28 357 52 247 153 217 487 
