17
404
249 223 469 31 221 336 137 42 355 270 381 375 38 5 363 157 299 383 190 59 188 227 262 365 257 144 252 239 300 187 376 247 195 464 32 454 212 159 240 482 192 451 442 259 424 86 484 98 431 459 89 81 460 111 362 343 379 17 323 315 28 181 458 80 20 128 51 341 414 266 258 73 102 241 143 19 237 352 24 47 94 198 129 368 380 430 178 220 146 154 232 7 487 295 219 60 152 411 163 446 53 306 251 418 52 61 162 68 440 449 142 273 304 201 147 109 412 290 101 401 338 83 194 229 91 373 316 66 90 228 193 461 165 43 367 364 208 155 177 214 9 234 185 350 180 308 39 347 445 127 420 46 149 314 130 467 95 12 70 186 339 169 478 366 116 168 10 141 75 466 13 33 345 455 246 452 50 204 448 6 36 16 463 276 392 77 274 135 263 450 96 1 351 324 108 216 233 164 206 344 69 298 476 120 3 132 248 110 183 472 85 435 26 34 471 72 189 209 84 473 291 78 45 174 444 426 301 340 327 349 118 305 71 131 222 35 41 74 205 115 153 173 283 231 255 285 396 488 330 474 103 106 122 49 123 268 117 480 371 200 462 388 277 321 400 158 356 37 245 218 113 326 333 203 179 332 470 202 182 145 199 114 289 184 22 328 391 196 176 139 97 280 30 161 64 138 217 15 318 475 416 151 87 207 148 136 25 357 54 260 112 481 319 58 272 175 14 427 213 361 432 29 125 457 447 107 256 44 166 456 486 0 167 322 172 48 63 62 124 88 82 100 57 104 56 394 2 92 453 40 119 105 264 269 79 191 126 11 23 150 211 76 226 385 311 292 18 133 4 121 485 279 197 477 310 55 386 465 21 99 302 171 160 65 27 215 479 433 288 334 309 483 408 210 93 224 156 8 67 170 140 389 134 387 
395
249 223 469 31 221 336 137 42 355 270 381 375 38 5 363 157 299 383 190 59 188 227 262 365 257 144 252 239 300 187 376 247 195 464 454 212 159 240 482 192 451 442 259 424 86 484 98 431 459 89 81 460 111 362 343 379 17 323 315 28 181 458 80 20 128 51 341 414 266 258 73 102 241 143 19 237 352 24 47 94 198 129 368 380 430 178 220 146 154 232 7 487 295 219 60 411 163 446 53 306 251 418 52 61 162 68 440 449 142 273 304 201 147 109 412 290 101 401 338 83 194 229 91 373 316 66 90 228 193 461 165 43 367 364 208 155 177 214 9 234 185 350 180 308 39 347 445 127 420 46 149 314 130 467 95 12 70 186 339 169 478 366 116 168 10 141 75 466 13 33 345 455 246 452 50 204 448 6 36 16 463 276 392 77 274 135 263 450 96 1 351 324 108 216 233 164 206 344 69 298 476 120 3 132 248 110 183 472 85 435 34 26 471 72 189 209 84 473 291 78 45 174 444 426 301 340 327 349 118 305 71 131 222 35 41 74 205 115 153 173 283 231 255 285 396 488 330 474 103 106 122 49 123 268 117 371 200 388 277 321 400 158 356 37 245 218 113 326 333 203 179 332 470 202 182 145 199 114 289 184 22 328 391 196 176 139 97 280 30 161 64 138 217 15 475 416 151 87 207 148 136 25 357 54 260 112 481 319 58 272 175 14 427 213 361 432 29 125 457 447 107 256 44 166 456 486 0 167 322 172 48 63 62 124 88 82 100 57 104 56 394 2 92 453 40 119 105 264 269 79 191 126 11 23 76 226 385 311 292 18 133 4 121 485 279 197 477 310 386 465 21 99 302 171 160 65 27 215 479 288 334 309 483 408 210 93 224 156 8 67 170 140 389 134 387 
382
249 223 469 31 221 336 137 42 355 270 381 375 5 363 157 299 383 190 59 188 227 262 365 257 144 252 239 300 187 376 247 195 464 454 212 159 240 482 192 451 442 259 424 86 484 98 431 459 89 81 460 111 362 343 379 17 323 315 28 181 458 80 20 128 51 341 414 266 258 73 102 241 143 19 237 352 24 47 94 198 129 380 430 178 220 146 154 232 7 487 295 219 60 411 163 446 53 306 251 418 52 61 162 68 440 449 142 273 304 201 147 109 412 290 101 401 338 83 194 229 373 316 66 90 228 193 461 165 43 367 364 208 155 177 214 9 234 185 350 180 308 39 347 445 127 420 46 149 314 130 467 95 12 70 186 339 169 478 366 116 168 10 141 75 466 13 33 345 455 452 50 204 448 6 36 16 463 392 274 135 263 450 96 324 108 216 233 164 206 344 69 298 476 120 3 132 248 110 183 472 85 435 34 26 471 72 189 209 84 473 291 78 45 174 444 426 301 340 327 349 118 305 71 131 222 35 41 74 205 115 153 173 283 231 255 285 396 488 330 474 103 106 122 49 123 268 117 371 200 388 277 400 158 356 37 245 218 113 326 333 203 179 332 470 202 182 199 145 114 289 184 22 328 391 196 176 139 97 280 30 161 64 138 217 15 475 416 151 87 207 148 136 25 357 54 260 112 481 319 58 272 175 14 427 213 361 432 29 125 457 447 107 256 44 166 456 486 0 167 322 172 48 63 62 124 88 100 57 104 56 394 2 92 453 40 119 105 269 79 191 126 11 23 76 385 311 292 18 133 4 121 485 279 197 477 310 386 465 21 99 302 171 160 65 27 215 479 288 334 309 483 408 210 224 156 8 67 170 140 389 134 387 
372
249 223 469 31 336 137 42 355 270 381 375 5 363 157 383 190 59 188 227 262 257 365 144 252 239 300 187 376 247 195 464 454 212 159 240 482 192 451 442 259 424 86 484 98 431 459 89 81 460 111 362 343 379 17 323 315 28 181 458 80 20 128 51 341 414 266 258 73 102 241 143 19 237 352 24 47 94 198 129 380 430 178 220 146 154 232 7 487 295 219 60 411 163 446 53 306 251 418 52 61 162 68 440 449 142 304 201 147 109 412 290 101 401 338 83 194 229 373 316 66 90 228 193 461 165 43 367 364 208 155 177 214 9 234 185 350 180 308 39 347 445 127 420 46 149 314 130 467 12 70 186 339 169 478 366 116 168 10 141 75 466 13 33 345 455 452 50 204 448 6 36 463 392 274 135 263 450 96 324 108 216 233 164 206 344 69 298 476 120 3 132 248 110 183 472 85 435 34 26 471 72 189 209 84 473 291 78 45 174 444 426 301 340 327 349 118 305 71 131 222 35 41 74 205 115 153 173 283 231 285 488 330 474 103 106 122 49 123 117 371 200 388 277 400 158 356 37 245 218 113 326 333 203 179 332 470 202 182 199 145 114 289 184 22 328 391 196 176 139 97 280 30 161 64 138 217 15 475 416 151 87 207 148 136 25 357 54 260 112 319 58 175 14 427 213 361 432 29 125 457 447 107 256 44 166 456 486 0 167 322 172 48 63 62 124 88 100 57 104 56 394 2 92 453 40 119 105 269 79 191 126 11 23 76 385 311 292 18 133 4 121 485 279 197 477 310 386 465 21 99 302 171 160 65 27 215 479 288 334 309 483 408 210 224 156 8 67 170 140 389 134 387 
360
249 223 31 336 137 42 355 270 381 375 5 363 157 383 190 59 188 227 262 257 365 144 252 239 300 187 376 247 195 464 454 212 159 240 482 192 451 424 259 86 484 98 431 459 89 81 460 111 362 343 379 17 323 315 28 181 458 80 20 128 51 341 414 266 258 73 102 241 143 19 237 352 24 47 94 198 129 380 430 178 220 146 154 232 7 487 295 219 60 411 163 446 53 251 418 52 61 162 68 440 449 142 304 201 109 290 401 338 83 194 229 373 316 66 90 228 193 461 165 43 367 364 208 155 177 9 234 185 350 180 308 39 347 445 127 420 46 149 314 130 467 12 70 186 339 169 478 366 116 168 10 141 75 466 13 33 345 455 452 50 204 448 6 36 463 392 274 135 263 450 96 324 108 216 233 164 206 344 69 298 476 120 3 132 248 110 183 85 435 34 26 471 72 189 209 84 473 291 78 45 174 444 426 301 340 327 349 118 305 71 131 222 35 41 74 205 153 173 283 231 285 488 330 474 106 103 122 49 123 117 371 388 277 400 158 356 37 245 218 113 326 333 203 179 332 470 202 182 199 145 114 289 184 22 328 391 196 176 139 97 280 30 161 64 138 217 15 475 416 151 87 207 148 136 25 357 260 112 319 58 175 14 427 213 361 432 29 125 457 447 107 256 44 166 456 486 0 167 322 172 48 63 62 124 88 100 57 104 56 394 2 92 453 40 119 105 269 79 191 126 11 23 76 385 311 292 18 133 4 121 485 279 197 477 310 386 465 21 99 302 171 160 65 27 479 288 334 309 483 408 210 224 156 8 67 170 140 389 134 387 
350
249 223 31 336 137 42 355 270 381 375 363 157 383 190 59 188 227 262 257 365 144 252 239 300 187 376 195 464 454 212 159 240 482 192 451 424 259 86 484 98 431 459 89 81 460 111 362 343 379 17 323 315 28 181 458 80 20 128 51 341 414 266 258 73 102 241 143 19 237 352 24 47 198 129 380 430 178 220 146 154 232 7 487 295 219 60 411 446 53 251 418 52 61 162 68 440 449 142 304 201 109 290 401 338 83 194 229 373 316 66 90 228 193 461 165 43 367 364 208 155 177 9 234 185 350 180 308 39 347 445 127 420 46 314 130 467 12 70 186 339 169 478 366 116 168 10 141 75 466 13 33 345 455 452 50 204 6 36 463 392 274 135 263 450 96 324 108 216 233 164 206 344 69 298 476 120 3 132 248 110 183 85 435 34 26 471 72 189 209 84 473 291 78 45 174 444 426 301 340 327 349 118 305 71 131 222 35 41 74 205 153 173 283 231 285 488 474 106 103 122 49 123 117 371 388 277 400 158 356 37 245 218 113 326 333 203 179 332 470 202 182 199 145 114 289 184 22 328 391 196 176 139 97 280 30 161 64 138 15 475 416 151 87 207 148 136 25 357 260 112 319 58 175 14 427 213 361 432 29 125 457 447 107 256 44 166 456 486 0 167 322 172 48 63 62 124 88 100 57 104 56 394 2 92 453 40 119 105 269 79 191 126 11 23 76 385 311 292 18 133 4 121 485 279 197 477 310 386 465 99 302 171 160 65 27 479 288 309 483 408 210 224 156 8 67 170 140 389 134 387 
331
249 223 31 137 42 355 270 381 375 363 157 383 190 59 188 227 262 365 144 252 239 300 187 195 464 454 212 159 240 482 192 451 424 259 86 484 98 431 459 89 81 460 111 362 343 379 323 315 28 181 458 80 20 341 128 51 414 266 258 73 241 19 237 352 24 47 198 129 380 430 178 220 146 154 232 7 487 295 60 411 446 53 251 418 52 61 162 68 440 449 142 304 201 109 290 401 338 83 194 229 373 316 66 90 228 193 461 165 367 364 208 155 177 9 234 185 350 180 308 39 347 445 127 420 46 314 130 467 12 70 186 339 169 478 366 116 168 10 141 75 466 13 33 345 455 452 50 204 6 36 463 392 274 135 263 450 96 324 108 216 233 164 206 69 298 476 120 3 132 248 110 183 85 435 34 26 471 72 189 209 84 473 291 78 45 174 444 426 301 340 327 349 118 305 71 131 222 35 41 74 205 153 173 283 285 488 474 106 103 122 49 117 371 388 277 400 356 37 245 218 113 326 333 203 179 470 202 182 199 145 114 289 184 22 328 196 176 139 97 280 30 161 64 138 15 475 151 87 207 148 136 25 357 260 112 319 58 175 14 427 213 361 432 29 125 457 447 107 256 44 166 486 0 167 322 172 48 63 62 124 88 100 57 104 56 2 92 453 40 119 105 269 79 191 126 11 23 76 311 292 18 133 4 121 279 197 477 310 386 465 99 302 171 160 65 27 479 288 309 483 408 210 224 156 8 67 170 140 389 134 387 
319
249 223 31 137 42 355 270 381 375 363 157 383 190 59 188 227 262 365 144 252 300 187 195 464 454 212 159 482 192 424 259 86 484 98 431 459 89 81 460 111 362 343 379 323 315 28 181 458 80 20 341 51 414 266 258 73 241 19 237 352 24 47 198 129 380 430 178 220 146 154 232 7 487 295 60 411 446 53 251 418 52 61 162 68 440 449 142 201 109 290 401 338 83 194 229 373 316 66 90 228 193 461 165 367 364 208 155 177 9 234 185 180 308 39 347 445 127 46 314 130 467 12 70 186 339 169 478 366 116 168 10 141 75 466 13 33 345 455 452 50 204 6 36 463 392 274 135 263 450 96 324 108 216 233 164 206 69 298 476 120 3 132 248 110 183 85 435 34 26 471 72 189 209 473 291 78 45 174 444 426 301 340 327 349 118 305 71 131 222 35 41 74 205 153 173 283 285 488 474 106 103 122 49 117 371 388 277 400 356 37 245 218 113 326 333 203 179 470 202 182 199 145 114 289 184 22 328 196 176 139 97 280 30 161 64 138 15 475 87 207 148 136 25 357 260 112 319 58 175 14 427 213 361 29 125 447 457 107 256 44 166 486 0 167 322 172 48 63 62 124 88 100 57 104 56 2 92 453 40 119 105 269 79 191 126 11 23 76 311 292 18 133 4 121 279 197 477 310 386 465 99 171 160 65 27 479 288 309 483 408 210 224 156 8 67 170 389 134 387 
307
249 223 31 137 42 355 381 375 363 157 383 190 59 188 227 262 365 144 252 300 187 195 464 454 212 159 482 192 424 86 484 431 459 89 81 460 111 362 343 379 323 315 28 181 458 80 20 341 51 414 266 258 73 19 237 352 24 47 198 129 380 430 178 220 146 154 232 7 487 295 60 411 446 53 251 418 52 61 162 68 440 449 142 201 109 290 401 338 83 194 229 373 316 66 90 193 461 165 367 364 208 155 177 9 234 185 180 308 39 347 445 127 46 314 130 467 12 70 186 339 169 478 366 116 168 10 141 75 466 13 33 345 455 452 50 204 6 36 463 392 274 135 263 450 96 324 108 216 233 164 206 298 476 120 3 132 248 110 183 85 435 34 26 471 72 189 209 473 291 78 45 174 444 426 301 340 327 118 305 71 131 35 41 74 205 153 173 283 285 488 474 106 103 122 49 117 371 388 277 400 356 37 245 218 113 326 333 203 179 470 202 182 145 114 289 184 22 328 196 176 139 97 280 161 64 138 475 87 207 148 136 25 357 260 112 319 58 175 14 427 213 361 29 125 447 457 107 256 44 166 486 0 167 322 172 48 63 62 124 88 100 57 104 56 2 92 453 40 119 105 269 79 191 126 11 23 76 311 292 133 18 4 121 279 197 477 310 386 465 99 171 160 65 27 479 288 309 483 408 210 224 156 8 170 389 134 387 
297
487 249 206 223 136 295 31 25 357 60 411 298 112 260 137 42 446 355 476 120 319 53 3 381 58 375 251 418 52 132 248 175 14 61 162 427 110 68 157 183 440 213 361 449 190 142 59 188 85 34 26 227 435 471 201 262 29 125 72 144 107 252 256 109 189 365 209 473 291 78 166 486 290 45 0 167 174 300 322 187 426 401 444 172 338 340 48 327 83 195 464 457 118 63 194 305 229 62 71 124 131 88 454 316 212 373 66 100 35 41 90 57 159 74 104 387 193 205 461 165 153 173 283 192 482 367 364 424 86 389 2 208 484 285 92 155 453 40 119 105 488 177 459 89 269 474 106 103 79 191 122 81 126 9 234 49 185 460 11 23 111 362 343 379 180 117 308 39 323 347 371 445 127 76 46 315 28 314 181 388 311 277 458 130 400 467 12 70 186 356 80 207 37 292 339 169 133 245 113 4 326 18 218 478 333 121 20 203 279 51 179 197 341 116 310 470 168 477 10 386 414 266 465 258 202 75 182 145 466 73 99 114 13 33 345 455 452 50 204 171 184 22 328 383 6 160 36 196 176 463 139 65 97 280 392 27 19 274 232 479 237 135 161 64 288 138 309 263 352 450 483 96 24 47 408 210 164 198 129 224 156 380 8 430 324 475 178 170 220 87 146 108 216 134 148 233 7 
286
487 249 206 223 136 295 31 25 357 60 411 298 112 260 137 42 446 355 476 120 319 53 3 381 58 375 251 418 52 132 248 175 14 61 162 427 110 68 157 183 440 213 361 449 383 142 59 188 85 34 26 227 435 471 201 262 29 125 72 144 107 252 256 109 189 365 209 473 291 78 166 486 290 45 0 167 174 300 322 187 426 401 444 172 338 340 48 327 83 464 457 63 194 229 71 62 124 131 88 454 316 212 373 66 100 35 41 90 57 159 74 104 387 193 205 461 165 153 283 482 192 367 364 86 389 2 208 484 285 92 155 453 40 119 105 488 177 459 89 269 474 106 103 79 191 122 81 126 9 234 49 11 460 111 362 343 379 180 117 308 39 323 347 371 445 127 76 315 28 314 181 388 311 277 458 130 400 467 12 70 186 356 80 207 37 292 339 169 133 245 113 4 326 18 218 478 333 121 20 203 279 51 341 197 477 116 310 470 168 10 386 414 266 465 258 202 75 182 145 466 73 99 114 13 33 345 455 452 50 204 171 184 22 328 6 36 196 176 463 139 65 97 280 392 27 19 274 232 479 237 135 161 64 288 138 309 263 352 450 483 96 24 47 408 210 164 198 129 224 156 380 8 430 324 475 178 170 220 87 146 108 216 134 148 233 7 
273
487 249 206 223 136 295 31 25 357 60 411 298 112 260 137 42 446 355 476 120 319 53 3 381 58 375 251 418 52 132 248 175 14 61 162 427 110 68 157 183 440 213 449 383 142 435 188 59 34 26 227 471 201 262 125 365 72 144 107 252 256 109 189 457 209 473 291 78 166 486 290 174 0 167 300 322 187 401 426 444 338 172 340 48 327 83 464 63 194 229 71 62 124 131 454 373 316 212 100 35 41 90 57 159 74 104 387 193 205 165 153 283 482 192 367 364 86 389 2 208 484 92 155 453 40 119 105 488 177 459 89 269 474 106 103 79 191 122 126 81 9 234 49 11 111 362 343 379 180 117 308 39 323 347 371 445 127 76 315 28 314 181 388 311 277 458 130 400 467 70 186 80 207 37 292 339 169 133 245 113 4 326 18 218 478 333 121 20 203 279 51 341 197 477 116 310 470 168 10 386 414 266 465 202 75 182 145 466 73 99 114 13 33 345 455 452 50 204 171 184 22 328 6 36 196 176 463 139 65 97 280 392 27 19 274 232 479 237 135 161 64 288 138 263 352 450 483 96 24 47 408 210 29 164 198 129 156 380 8 430 324 475 178 170 220 87 146 108 216 134 148 233 7 
263
487 249 206 223 136 295 31 25 357 60 298 112 260 137 42 446 355 476 120 319 53 3 58 375 251 418 52 132 248 175 14 61 162 427 110 68 157 183 440 213 449 142 435 188 59 34 26 227 471 201 262 125 365 72 144 107 252 256 109 189 457 209 473 291 78 166 486 290 174 0 167 300 322 187 444 426 338 172 340 48 327 83 63 194 229 71 62 124 131 454 373 316 212 100 35 41 90 57 159 74 104 387 193 205 165 153 283 482 192 367 364 86 389 2 208 484 148 155 453 40 119 105 177 459 89 269 474 106 103 79 191 122 126 81 9 234 49 11 111 362 343 379 180 117 308 39 323 347 371 445 127 76 315 28 314 181 388 311 277 458 130 400 467 70 186 80 339 37 169 133 245 113 4 326 18 478 333 121 20 203 279 51 341 197 477 116 310 470 168 10 386 414 266 465 202 75 182 145 466 73 99 114 13 33 345 455 452 50 204 171 184 22 328 6 36 196 176 463 139 65 97 280 392 27 19 274 232 479 237 135 161 64 288 138 263 450 483 96 47 24 408 210 29 164 198 129 156 380 8 430 324 475 178 170 220 87 146 108 216 134 207 233 7 
250
487 249 206 223 136 295 31 25 357 60 260 112 137 42 446 355 476 120 319 53 3 58 375 251 418 52 132 248 175 14 61 162 427 110 68 183 440 213 449 142 435 188 59 34 26 227 471 201 125 365 72 144 107 252 256 109 189 457 209 473 291 78 166 486 290 174 322 300 444 187 426 338 172 340 48 327 83 63 194 229 71 62 124 131 454 373 316 212 100 35 41 90 57 159 74 104 387 193 205 165 153 283 482 192 367 364 86 208 2 484 148 155 453 40 105 177 459 89 269 474 106 103 79 191 122 126 81 9 234 49 11 111 362 343 379 180 117 308 39 323 347 371 445 127 76 315 28 314 181 388 311 277 458 130 400 467 70 186 80 339 37 169 133 245 113 4 326 18 333 121 20 203 279 51 341 197 477 116 310 470 168 10 386 414 266 465 202 75 182 145 466 73 114 99 33 345 455 452 50 204 171 184 22 328 6 36 196 176 139 65 97 280 392 27 19 274 232 479 237 135 161 64 138 263 450 483 96 47 24 408 29 164 198 129 156 380 8 430 324 475 170 220 87 146 108 389 134 207 233 7 
241
487 249 206 223 136 295 31 25 357 60 260 112 137 42 446 355 476 120 319 53 3 58 375 251 418 52 132 248 175 14 61 162 427 110 68 183 440 213 449 142 435 188 59 34 26 227 471 201 125 365 72 144 107 252 256 109 189 457 209 473 291 78 166 486 290 174 322 444 187 426 338 172 340 48 327 83 63 194 229 71 62 124 131 454 373 316 212 100 35 41 90 57 159 74 104 387 193 205 165 153 283 482 192 367 364 86 208 2 484 155 453 40 105 177 459 89 269 474 106 103 79 191 122 126 81 9 234 49 11 111 362 343 379 180 117 308 39 323 347 371 445 127 76 315 28 314 181 388 311 277 458 130 400 467 70 186 80 339 169 133 245 113 4 326 18 333 121 20 203 279 51 341 197 477 116 310 470 168 10 386 414 266 465 202 75 466 73 114 99 33 345 455 452 50 204 171 184 22 328 6 36 196 176 139 65 97 280 392 27 274 232 479 237 135 161 64 138 263 450 483 96 47 24 408 29 164 198 129 380 475 8 430 324 170 146 108 389 134 207 233 7 
231
487 249 206 223 136 295 31 25 357 60 260 137 42 446 355 476 120 319 53 3 58 375 251 418 52 132 248 175 14 61 162 427 110 68 183 440 213 449 142 435 188 59 34 26 227 471 201 125 365 72 144 107 252 256 109 189 457 209 473 291 78 166 486 290 174 322 444 187 426 338 172 340 48 327 83 63 194 229 71 62 124 131 454 373 316 212 100 35 41 57 159 90 74 104 387 193 205 165 153 283 482 192 367 364 86 208 2 484 155 453 40 105 177 459 89 269 106 103 79 191 122 126 81 9 234 49 11 111 362 7 379 180 117 308 39 323 347 371 445 127 76 315 28 314 181 388 311 277 458 130 400 467 70 186 80 339 169 133 245 113 18 326 333 121 20 203 279 51 341 197 477 116 310 470 168 10 386 414 266 465 202 75 466 114 99 33 345 455 452 204 171 184 22 328 6 36 196 176 139 65 97 280 392 27 274 232 479 135 161 64 138 263 450 483 96 47 24 408 29 129 380 475 8 430 170 108 389 134 207 233 164 
225
487 249 223 136 295 31 25 357 60 260 137 42 355 476 120 319 53 3 58 375 251 418 52 132 248 175 14 61 162 427 110 68 183 440 213 449 142 435 188 59 34 26 227 471 201 125 365 457 144 107 252 256 109 189 29 209 473 291 78 166 486 290 174 322 444 187 426 338 172 340 48 327 83 63 194 229 71 62 124 131 454 373 316 212 100 35 41 57 159 90 74 104 387 193 205 165 153 283 192 367 364 86 208 2 155 453 40 105 177 459 89 269 106 103 79 191 122 126 81 9 234 49 11 111 362 7 379 180 117 308 39 323 347 371 445 127 76 315 28 314 181 388 311 277 458 130 400 467 70 186 80 339 169 133 245 113 18 326 333 121 20 203 279 51 341 197 477 116 310 470 168 10 386 266 465 202 75 466 114 99 33 345 455 452 204 171 184 22 328 6 36 196 176 139 65 97 280 392 27 274 232 479 135 161 64 138 263 450 483 96 47 24 408 129 380 475 8 430 170 108 389 134 207 233 164 
