19
402
42 167 190 188 197 287 279 147 136 333 370 143 277 75 160 69 149 509 140 306 11 58 146 423 274 148 205 193 108 168 178 331 72 16 217 372 137 173 325 244 433 442 237 17 407 74 369 421 315 138 390 92 301 165 164 110 425 38 94 281 253 126 501 104 246 437 410 209 111 115 285 151 382 30 29 359 297 51 200 385 412 439 305 109 185 130 221 231 422 402 63 158 338 142 112 177 145 273 39 181 103 388 377 302 210 436 1 502 289 183 155 475 295 406 432 156 387 225 330 351 383 348 204 296 259 291 80 371 394 7 413 223 106 14 284 457 375 77 182 187 381 44 114 378 47 418 408 194 399 179 332 245 349 70 365 396 8 322 78 505 123 124 31 135 105 405 298 125 174 62 32 429 386 84 226 196 86 102 121 270 366 380 161 258 293 216 206 261 139 90 317 438 398 218 66 49 55 326 318 481 211 13 107 73 27 53 415 85 99 192 10 91 2 250 506 417 198 427 355 242 144 404 367 171 443 243 88 195 141 430 5 3 311 499 43 176 312 337 266 426 308 172 24 15 364 264 478 117 20 309 22 202 153 100 353 319 191 342 409 129 314 33 201 441 263 480 127 61 68 98 278 435 131 118 57 303 229 358 434 120 152 395 419 65 6 28 450 175 335 19 228 400 60 444 46 128 362 334 52 26 48 347 169 180 374 50 82 35 420 54 203 119 101 252 282 310 0 373 93 360 37 34 25 368 260 354 4 87 275 411 249 184 83 316 67 23 352 56 397 76 122 166 133 96 45 150 232 213 343 64 300 163 356 208 154 262 40 363 97 134 9 416 79 59 403 350 230 199 276 393 344 283 186 162 170 461 113 376 379 207 389 116 89 159 251 401 132 280 327 257 392 81 440 95 157 391 189 18 414 71 361 424 
390
42 167 190 188 197 287 279 147 333 370 143 277 75 160 69 509 140 306 11 58 146 423 274 148 205 193 108 168 178 331 72 16 217 372 137 173 325 244 433 442 237 17 407 74 369 421 315 138 92 301 165 164 110 425 38 94 281 253 126 501 104 246 437 410 209 111 115 285 151 382 30 29 359 297 51 200 385 412 439 305 109 130 221 231 422 402 63 338 142 112 177 145 273 39 181 103 388 377 302 210 436 1 502 289 183 155 475 295 406 432 156 387 225 330 351 383 348 204 296 259 291 80 371 7 413 223 106 14 284 457 375 77 182 187 381 44 114 378 47 418 408 194 399 179 332 245 349 70 365 396 8 322 78 505 123 124 31 135 105 298 125 174 62 32 429 386 84 226 196 86 102 121 270 366 380 258 293 216 206 261 139 90 317 438 398 218 66 49 55 326 318 481 211 13 107 73 27 53 415 99 192 10 91 2 250 506 417 198 427 355 242 144 404 367 171 443 243 88 195 141 430 5 3 311 499 43 312 337 266 426 308 172 24 15 364 264 478 117 20 309 22 202 153 100 319 191 342 409 129 314 33 201 441 263 480 127 61 68 98 278 435 131 118 57 303 229 358 434 120 152 395 419 65 6 28 450 175 335 228 400 60 444 46 128 362 334 52 26 48 347 169 180 374 50 82 35 420 54 203 119 101 252 282 310 0 373 93 360 37 34 25 368 260 354 4 87 275 411 249 184 83 316 67 23 352 56 397 76 122 166 133 96 45 150 232 213 343 64 300 163 356 208 154 262 40 363 97 134 9 416 79 59 403 350 230 199 276 393 344 283 186 162 170 461 113 376 379 207 389 116 89 159 251 401 132 280 327 257 392 81 440 95 157 391 189 18 414 71 361 424 
377
42 167 190 188 197 287 279 147 333 370 143 277 75 160 69 509 140 306 11 58 146 423 274 148 205 193 108 168 178 331 72 16 217 372 137 173 325 244 442 237 17 407 74 369 421 315 138 92 301 165 164 110 38 94 281 253 126 501 104 246 437 410 209 111 115 151 382 30 29 359 297 51 200 385 412 439 305 109 130 231 422 402 63 338 142 112 177 145 273 39 181 103 388 377 302 210 436 1 502 289 183 155 475 295 406 432 156 387 225 330 351 383 348 204 296 259 291 80 371 7 413 223 106 14 284 457 375 77 182 187 381 44 114 378 47 418 408 194 399 179 332 245 349 70 365 396 8 322 78 505 123 124 31 135 105 298 125 174 62 32 429 386 84 226 196 86 102 121 270 366 380 258 216 206 261 139 90 317 438 398 218 66 49 55 326 318 481 211 13 107 73 27 415 99 192 10 91 2 250 506 417 198 427 355 242 144 404 367 171 443 243 88 195 141 430 5 3 311 499 43 312 337 266 426 308 172 364 264 478 117 20 309 22 202 153 100 319 191 342 409 129 314 33 201 441 263 480 127 61 68 98 278 435 131 118 57 303 229 358 434 120 152 395 419 65 6 28 450 175 335 228 400 60 444 46 128 362 334 52 26 48 169 180 374 50 82 35 420 54 203 119 101 252 282 310 0 373 93 360 37 34 25 368 260 354 4 87 411 249 184 83 316 67 23 352 56 397 76 122 166 133 96 45 150 232 213 343 64 300 163 356 208 154 262 40 97 134 9 416 79 59 403 350 230 199 276 393 344 283 162 170 461 113 376 379 207 116 89 159 251 401 132 280 327 257 392 81 440 95 157 391 189 18 414 71 361 424 
362
42 167 190 188 197 287 279 147 333 370 143 277 75 160 69 509 140 306 11 58 146 423 274 193 205 108 168 178 331 72 16 217 372 137 173 325 244 442 17 407 74 369 421 315 138 92 301 165 164 110 38 94 281 253 126 501 104 246 437 410 111 115 151 382 30 29 359 297 51 200 385 412 439 305 109 130 231 422 402 63 338 177 145 273 39 181 103 388 377 302 210 436 1 502 289 183 155 295 406 432 156 387 225 330 351 383 348 204 296 259 291 80 371 7 413 223 106 14 284 457 375 77 182 187 381 44 114 378 47 418 408 194 399 179 332 245 349 70 365 396 322 78 505 123 124 31 135 105 298 125 62 32 429 386 84 226 196 86 102 121 270 366 380 258 216 206 261 139 90 398 218 66 49 55 326 318 481 211 13 107 73 27 415 99 192 10 91 2 250 506 417 198 427 355 242 144 404 367 171 443 88 243 195 141 430 5 3 311 499 43 337 266 426 308 172 364 264 478 117 20 309 22 202 153 100 319 191 342 409 129 314 33 201 441 263 480 127 61 68 98 278 435 131 118 57 303 229 358 434 120 152 395 419 65 6 28 450 175 335 228 400 60 444 46 128 362 334 52 26 48 169 180 374 50 82 35 420 54 203 119 101 252 282 310 0 373 93 360 37 34 25 368 260 354 4 87 411 184 83 316 67 23 352 56 397 76 122 133 96 45 150 232 213 343 64 300 163 356 208 154 40 97 134 9 416 79 59 403 350 230 199 276 393 344 283 162 170 461 113 376 379 207 116 89 159 251 401 132 280 327 257 81 440 95 157 391 189 18 414 71 361 424 
351
42 167 190 188 197 287 279 147 333 370 143 277 75 160 69 509 140 306 11 58 146 423 274 193 205 108 168 178 331 72 16 217 372 137 325 244 442 17 407 74 369 421 315 138 92 301 165 164 110 38 94 281 253 126 501 104 246 437 410 111 115 151 382 30 29 359 297 51 200 385 412 439 305 109 130 231 422 402 63 338 177 145 273 39 181 388 377 302 210 436 1 502 289 183 155 295 406 432 156 387 225 330 351 383 348 204 296 259 291 371 7 413 223 106 14 284 457 375 77 182 187 381 44 114 378 47 408 194 399 179 332 245 349 70 396 322 78 505 123 124 31 135 105 298 125 62 32 429 386 84 226 196 86 102 121 270 366 380 258 216 206 261 139 90 398 218 66 49 55 326 318 481 211 13 107 73 27 415 99 192 10 91 2 250 506 417 198 427 355 144 404 367 171 443 88 243 195 141 430 5 3 311 499 43 337 266 426 308 172 364 264 478 117 20 309 22 202 153 100 319 191 342 409 129 314 33 201 441 263 480 127 61 68 98 278 435 131 118 57 303 229 358 434 120 152 395 419 65 6 28 450 175 335 228 400 60 444 46 128 362 334 52 26 48 169 180 374 50 82 35 420 54 203 119 101 252 282 0 373 93 360 37 34 25 368 260 354 4 87 411 184 83 316 67 23 352 56 397 76 122 133 96 45 150 232 213 343 64 300 163 356 208 154 40 97 134 9 416 79 59 403 350 199 276 393 344 162 461 113 376 379 207 116 89 159 251 401 132 280 327 257 81 440 157 391 189 18 414 71 361 424 
343
42 167 190 188 197 287 279 147 333 370 143 277 75 160 69 509 140 306 11 58 146 423 274 193 205 108 168 178 331 72 16 217 372 137 325 244 442 17 407 74 369 421 315 138 92 301 165 164 110 38 94 281 253 126 501 104 246 437 410 111 115 151 382 30 29 359 297 51 200 385 439 305 109 130 231 422 402 63 338 177 145 273 39 181 388 377 302 210 436 1 502 289 183 155 295 406 432 156 387 225 330 351 383 348 204 296 259 291 371 7 413 223 106 14 284 457 375 77 182 187 381 44 114 47 408 194 399 179 332 245 349 70 396 322 78 505 123 124 31 135 105 298 125 62 32 429 386 84 226 196 86 102 121 270 366 380 258 216 206 261 139 90 398 218 66 49 55 326 318 481 211 13 107 73 27 415 99 192 10 91 2 506 417 198 355 144 404 367 171 443 88 243 195 141 430 5 3 311 499 43 337 266 426 308 172 364 264 478 117 20 309 22 202 153 100 319 191 342 409 129 314 33 201 441 263 480 127 61 68 278 435 131 118 57 303 229 358 434 120 152 395 419 65 6 28 450 175 335 228 400 60 444 46 128 362 334 52 26 48 169 180 374 50 82 35 420 54 203 119 101 252 282 0 373 93 360 37 34 25 368 260 4 87 411 184 83 316 67 23 352 56 397 76 122 133 96 45 150 232 213 64 300 163 356 208 154 40 97 134 9 416 79 59 403 350 199 276 344 162 461 113 376 379 207 116 89 159 251 401 132 280 327 257 81 440 157 391 189 18 414 71 361 424 
335
42 167 190 188 197 287 279 147 333 370 143 277 75 160 69 509 140 306 11 58 146 423 274 193 205 108 168 178 331 72 16 217 372 137 325 244 442 17 407 74 369 421 315 138 92 301 165 164 110 38 94 281 253 126 501 104 246 437 410 111 115 151 382 30 29 359 297 51 200 385 439 305 109 130 231 422 402 63 338 177 145 273 39 181 388 377 302 210 436 1 502 289 183 155 295 406 432 156 387 225 330 351 383 348 204 296 259 291 371 7 413 223 106 14 284 457 375 77 182 187 381 44 114 47 408 194 399 179 332 245 349 70 396 322 78 505 123 124 31 135 105 298 125 62 32 429 386 84 226 196 86 102 121 270 366 380 258 216 206 261 139 90 398 218 66 49 55 326 318 481 211 13 107 73 27 415 99 192 91 2 506 417 198 355 144 404 367 171 443 243 88 195 141 430 5 3 311 499 43 337 266 426 308 172 364 264 478 117 20 309 22 202 153 100 319 191 342 129 314 33 201 441 263 480 127 61 68 278 435 131 118 57 303 229 358 434 120 152 395 419 6 28 175 335 228 400 60 444 46 362 334 52 26 169 180 374 50 82 35 420 54 203 119 101 252 282 0 373 93 360 37 34 25 368 260 4 87 411 184 83 316 67 23 352 56 397 76 122 133 96 45 150 232 213 64 300 163 356 208 40 97 134 9 416 79 59 403 350 199 276 344 162 461 113 376 379 207 89 159 251 401 132 280 327 257 81 440 157 391 189 18 414 71 361 424 
324
42 167 188 197 287 279 147 333 370 143 277 160 69 509 140 306 11 58 146 423 274 193 205 108 168 178 331 72 16 217 372 137 325 244 442 17 407 74 369 421 315 138 92 301 165 164 110 38 94 281 253 126 501 104 246 437 410 111 115 151 382 30 29 359 297 51 200 385 439 305 109 130 231 422 402 63 338 177 145 273 39 181 388 302 210 436 1 502 289 183 155 295 406 432 156 387 225 330 351 383 348 204 296 259 291 371 7 413 223 106 14 284 457 375 77 182 187 381 44 114 47 408 194 399 179 332 245 349 70 396 322 78 505 123 124 31 135 105 125 62 32 429 386 84 226 196 86 102 121 270 366 380 258 216 206 261 139 90 398 218 66 55 326 318 481 211 13 107 415 99 192 91 2 506 417 198 355 144 404 367 171 443 243 88 195 141 430 5 3 311 499 43 337 266 426 308 172 364 264 478 117 20 309 22 202 153 100 319 191 342 129 314 33 201 441 480 127 61 68 278 435 131 118 57 303 229 358 434 152 395 419 6 28 175 335 228 400 444 46 362 334 52 26 169 180 50 82 35 420 54 203 119 101 252 282 0 373 93 360 37 34 25 368 260 4 87 411 184 83 316 67 23 352 56 397 76 122 133 96 45 150 232 213 64 300 163 356 208 40 97 134 9 416 79 59 403 350 199 276 344 162 461 113 376 379 207 89 159 251 401 132 280 327 257 81 440 157 391 189 18 414 71 361 424 
319
42 167 188 197 287 279 147 333 370 143 277 160 69 140 306 11 58 146 423 274 193 205 108 168 178 331 72 16 217 372 137 325 244 442 17 407 74 369 421 315 138 92 301 165 164 110 38 94 281 253 126 501 104 246 437 410 111 115 151 382 29 359 297 51 200 385 439 305 109 130 231 422 402 63 338 177 145 273 39 181 388 302 210 436 1 502 289 183 155 295 406 432 156 387 225 330 351 383 348 204 296 259 291 371 7 413 223 106 14 284 457 375 77 182 187 381 44 114 47 408 194 399 179 332 245 349 70 396 322 78 505 123 124 31 135 105 125 62 32 429 386 84 226 196 86 102 121 270 366 380 258 216 206 261 139 90 398 218 66 55 326 318 481 211 13 107 415 99 192 91 2 506 417 198 355 144 404 367 171 443 243 88 195 141 430 5 3 311 499 43 337 266 426 308 172 364 264 478 117 20 309 22 202 153 100 319 191 342 129 314 33 201 441 480 127 61 68 278 435 131 118 57 303 229 358 434 152 395 419 6 28 175 335 228 400 444 46 362 334 52 26 169 180 50 82 35 420 54 203 119 101 252 282 0 373 93 360 37 34 25 368 260 4 87 411 184 83 316 67 23 56 397 76 122 133 96 45 150 232 213 64 300 163 356 208 40 97 134 9 416 79 59 403 350 199 344 162 461 113 376 379 207 89 159 251 401 132 280 327 257 81 440 157 189 18 414 71 361 424 
305
6 42 167 28 177 55 326 145 175 273 39 335 181 318 188 388 197 481 287 279 228 211 302 210 147 400 13 1 436 502 289 183 333 155 107 46 295 406 362 334 432 52 156 370 143 387 26 424 225 277 415 99 160 330 192 91 351 2 506 383 69 348 338 169 204 50 198 296 259 291 218 82 371 355 35 7 54 420 203 140 413 119 101 223 282 252 106 14 0 144 171 284 11 58 367 373 93 375 360 443 37 34 146 423 274 77 25 205 193 368 182 260 108 187 381 88 44 4 195 87 168 141 114 430 178 5 72 3 311 499 16 217 43 372 411 184 137 399 179 332 337 83 266 316 426 244 67 23 308 56 245 172 349 457 442 70 306 397 396 76 122 322 133 96 78 364 17 45 407 264 478 117 150 74 232 20 213 369 505 123 124 315 309 421 138 22 92 64 202 153 300 301 163 31 100 165 356 208 164 135 105 110 319 191 125 342 40 38 94 281 62 253 126 501 104 246 437 410 32 97 134 111 386 129 9 84 314 79 115 33 201 196 59 416 226 403 350 199 382 86 441 102 480 121 127 270 366 344 380 29 162 461 61 379 68 113 297 376 207 51 385 200 278 439 89 159 251 404 401 258 305 435 132 280 327 216 257 81 206 440 131 109 118 261 157 139 90 130 189 231 303 18 422 402 414 229 71 358 361 398 434 152 395 419 66 
291
6 42 167 28 177 55 326 145 175 273 39 335 181 318 188 388 197 481 287 279 228 211 302 210 147 400 13 1 436 502 289 183 333 155 107 46 295 406 362 334 432 52 156 387 143 26 424 225 277 415 99 160 330 192 91 351 2 506 383 69 348 338 169 204 50 198 296 259 291 218 82 371 355 35 7 420 203 140 413 119 101 223 282 106 14 0 144 171 284 11 367 373 375 93 306 360 443 37 34 146 423 274 77 25 205 193 368 182 260 108 187 381 88 44 195 87 114 168 141 4 430 178 5 72 3 499 16 217 43 372 411 184 137 399 332 266 316 426 244 67 23 308 56 245 172 349 457 442 70 397 396 76 122 322 133 96 78 364 17 45 407 264 478 117 150 74 232 20 213 369 505 123 124 315 309 421 138 22 92 64 202 153 300 301 31 100 165 356 208 164 135 105 319 191 125 342 40 38 94 281 62 253 126 501 104 246 437 410 32 97 134 111 386 129 9 84 314 79 115 33 201 196 59 416 226 403 350 199 382 86 441 102 480 121 127 270 366 344 380 29 162 461 61 379 68 113 297 376 207 51 385 278 439 89 159 251 401 258 305 435 132 280 327 216 257 81 206 440 131 109 118 261 157 139 90 130 189 231 18 422 414 229 71 358 361 398 434 152 395 419 66 
280
6 42 167 28 177 55 326 145 175 273 39 335 181 318 188 388 197 481 287 279 228 211 302 210 147 400 13 1 436 502 289 183 333 155 107 46 295 406 362 334 432 52 156 387 143 424 225 277 99 160 330 192 351 2 506 383 69 348 338 169 204 50 198 296 259 291 218 82 371 355 35 7 420 203 140 413 119 101 223 282 106 14 144 171 284 367 11 373 375 306 93 360 443 37 34 146 423 77 25 205 193 368 182 260 108 187 381 88 44 195 87 114 168 141 4 430 178 5 72 3 499 16 217 43 372 411 184 137 399 332 316 426 244 67 308 245 172 349 457 442 397 396 76 122 322 133 96 78 364 17 45 407 264 478 117 150 74 232 20 213 369 505 123 124 315 309 421 138 22 92 64 202 153 300 301 31 100 165 356 208 164 135 105 319 191 125 342 40 38 94 281 62 253 126 501 104 246 437 410 32 97 134 111 386 129 9 84 314 79 115 33 201 196 59 416 226 403 350 199 382 86 441 102 480 121 127 270 366 344 29 162 461 61 379 68 113 297 376 207 51 385 278 439 89 159 251 401 258 305 435 132 280 327 216 257 81 206 131 109 118 261 157 139 90 130 189 231 18 422 414 229 71 358 361 398 434 152 395 419 66 
271
6 42 167 28 177 55 326 175 273 39 335 181 318 188 388 197 481 287 228 211 302 210 147 400 13 1 436 502 289 183 333 155 107 46 295 406 362 432 52 156 387 143 424 225 277 99 160 330 192 351 2 506 383 69 348 338 169 204 50 198 296 259 291 218 82 371 355 35 7 420 203 140 413 119 101 223 282 106 14 144 171 284 367 11 373 375 306 93 360 443 37 34 146 423 77 25 205 193 368 381 260 108 187 182 88 44 195 87 114 168 141 4 430 178 5 72 3 499 16 217 43 372 411 184 137 399 332 316 426 244 67 308 349 172 457 442 397 396 76 122 322 133 96 78 364 17 45 264 117 150 74 232 20 213 369 505 123 124 315 309 421 138 22 92 64 202 153 301 31 100 165 356 208 164 135 105 319 191 125 342 40 38 94 281 62 253 126 501 104 246 437 410 97 134 111 386 129 9 84 314 79 115 33 201 196 59 416 226 403 350 199 382 86 441 102 480 121 127 270 366 344 29 162 461 61 379 68 113 297 376 207 51 385 278 439 89 159 251 401 258 305 435 132 280 327 216 81 206 131 109 118 261 157 139 90 130 189 231 18 422 414 229 71 358 361 398 434 152 395 419 66 
261
6 42 167 177 28 55 326 175 273 39 335 181 318 188 388 197 481 287 211 302 210 147 400 13 1 436 502 289 183 333 155 107 46 295 406 362 432 52 156 387 143 424 225 277 99 160 330 192 351 2 506 383 69 348 338 169 204 50 198 296 259 291 218 82 371 355 35 7 420 203 140 413 119 101 223 282 106 144 284 171 367 373 11 375 306 457 93 360 443 37 34 146 423 77 25 205 193 368 381 260 108 187 182 44 195 87 114 168 141 4 430 178 5 72 3 499 16 217 43 372 184 137 399 332 316 426 244 67 308 349 172 442 397 396 76 122 322 133 96 78 364 17 45 264 117 150 74 232 20 213 369 505 123 124 315 309 421 138 92 64 202 153 301 31 100 165 356 208 164 135 105 319 191 125 342 40 38 94 281 62 253 126 501 104 246 437 410 97 134 111 386 129 9 84 314 79 115 33 201 196 59 416 226 403 350 199 382 86 441 102 480 121 127 270 366 344 162 461 61 379 68 113 376 207 51 385 278 159 251 401 258 305 435 132 280 327 216 81 206 131 109 118 261 157 139 90 130 189 231 18 422 414 229 71 358 361 398 434 152 395 419 
253
6 42 167 177 28 55 326 175 39 335 181 318 188 388 197 481 287 211 302 210 147 400 13 1 436 502 289 183 333 155 107 46 295 406 362 432 52 156 387 143 225 277 99 330 192 351 2 506 383 69 348 338 169 204 50 198 296 259 291 218 82 371 355 35 7 420 203 140 413 119 101 223 282 106 144 284 171 367 373 11 375 306 457 93 360 443 37 34 146 423 77 25 205 193 368 381 260 108 187 182 44 195 87 114 168 141 4 430 178 5 72 3 499 16 217 43 372 184 137 399 332 316 426 244 67 308 349 172 397 396 76 122 322 133 96 78 364 17 45 264 117 150 74 232 20 213 369 505 123 124 315 309 421 64 202 153 301 31 100 165 356 208 164 135 105 319 191 125 342 40 38 94 281 62 253 126 501 104 246 437 410 97 134 111 386 9 84 314 79 115 33 201 196 59 416 226 403 350 199 382 86 441 102 480 121 127 270 366 344 162 461 61 379 68 113 376 207 385 278 159 251 401 258 305 435 132 280 327 216 81 206 131 109 118 261 157 139 90 130 189 231 18 422 414 229 71 358 361 398 434 152 395 419 
244
6 42 167 177 28 55 326 175 39 335 181 318 188 388 197 481 287 211 302 400 147 13 1 436 502 289 183 333 155 107 46 295 406 362 432 52 156 387 143 225 277 99 330 192 351 2 506 383 348 169 204 50 198 296 259 291 218 82 371 355 35 7 420 203 140 413 119 101 282 106 144 284 171 367 373 11 375 306 457 93 360 443 37 146 34 423 77 205 193 368 381 260 108 187 182 44 195 87 114 168 141 4 430 178 5 72 3 499 16 217 372 184 137 399 332 316 426 244 67 308 349 397 396 76 122 322 133 96 78 364 17 45 264 117 150 74 232 20 213 369 505 123 124 315 309 421 64 202 153 301 31 100 165 356 208 164 135 105 319 191 125 342 40 38 94 281 62 253 126 501 104 246 437 410 97 134 111 386 9 84 314 79 115 33 201 196 59 416 403 350 199 382 86 441 480 121 127 270 366 344 162 461 61 379 68 113 376 207 385 278 159 251 401 258 305 435 132 280 327 216 81 206 131 109 118 261 157 139 90 130 189 231 18 422 414 229 71 358 361 398 434 152 338 419 
239
6 42 167 177 28 55 326 175 39 335 181 318 188 388 197 481 287 211 302 400 147 13 1 436 502 289 183 333 155 107 46 295 406 362 432 52 156 387 143 225 277 99 330 192 2 506 383 348 169 204 50 198 296 259 291 218 82 371 355 35 7 203 140 413 119 101 282 106 144 284 171 367 375 11 306 457 93 360 443 37 146 34 423 77 205 193 368 381 260 108 187 182 44 195 87 114 168 141 4 430 178 5 72 3 499 16 217 372 184 137 399 332 316 426 244 67 308 349 397 76 122 322 133 96 78 364 17 45 264 117 150 74 232 20 213 369 505 123 124 315 309 421 64 202 153 301 31 100 165 356 208 164 135 105 191 125 342 40 38 94 281 62 253 126 501 104 246 437 410 97 134 111 386 9 84 314 79 115 33 201 196 59 416 403 350 199 382 86 441 480 121 127 270 366 344 162 461 61 379 68 113 376 207 385 278 159 251 401 258 305 435 132 280 327 216 81 206 131 109 118 261 157 139 90 130 189 231 18 422 414 229 71 358 361 398 434 152 338 419 
230
6 42 167 177 28 55 326 175 39 335 181 318 188 388 481 287 211 302 400 13 1 436 502 289 183 333 155 107 46 406 362 432 52 156 387 143 225 277 99 330 192 2 383 348 169 204 50 198 296 259 291 218 82 371 355 35 7 140 413 119 101 282 106 144 284 171 367 375 11 306 457 93 360 443 37 146 34 423 77 205 193 368 381 260 108 187 182 195 87 114 4 168 141 44 430 178 5 72 3 499 16 217 372 184 137 399 332 316 426 244 67 308 349 397 76 122 322 133 96 78 364 17 45 264 117 150 74 232 20 213 369 505 123 124 315 309 421 64 202 301 31 100 165 208 164 135 105 191 125 342 40 38 94 281 62 253 126 501 104 246 437 410 97 134 111 386 9 84 314 79 115 33 201 196 59 416 403 350 199 382 86 441 480 121 127 270 366 344 162 461 61 379 68 113 376 207 385 278 159 251 258 305 435 132 280 327 216 81 206 131 109 118 261 157 139 90 130 189 231 18 422 229 71 358 361 398 434 152 338 419 
217
6 167 177 28 55 326 175 39 335 181 318 188 388 481 287 211 302 400 13 1 436 502 289 183 333 155 107 46 406 362 432 52 156 387 143 225 277 99 330 2 383 348 169 204 50 198 296 259 218 82 371 355 35 7 140 413 119 101 282 106 284 457 171 306 375 11 93 360 443 37 146 423 77 205 193 368 381 260 108 187 182 195 87 4 44 168 141 430 114 178 5 72 3 499 16 217 372 184 137 399 332 316 426 244 67 308 349 397 76 122 322 133 96 78 364 17 264 117 150 232 20 213 369 505 123 124 315 309 421 64 202 301 31 100 165 208 164 135 105 191 125 342 40 38 94 281 62 253 126 501 104 246 437 410 97 134 386 9 84 314 79 115 33 201 416 59 403 350 199 382 86 441 480 121 127 270 366 344 162 461 61 379 68 113 376 207 385 278 159 251 258 305 435 132 280 327 216 81 131 109 118 261 157 139 130 189 231 18 422 229 358 361 398 434 152 338 419 
