17
335
231 44 73 219 21 12 114 62 19 210 232 460 337 193 200 55 78 102 36 89 370 87 195 109 164 150 258 266 405 169 29 310 140 263 243 1 427 32 206 333 165 127 119 129 428 135 237 260 77 121 199 66 341 438 268 52 18 180 166 238 138 384 306 143 11 493 97 487 282 139 71 103 5 398 173 335 7 498 462 86 100 382 194 110 34 340 175 144 354 447 161 159 197 236 374 209 196 38 307 125 371 246 381 311 22 130 201 58 227 192 172 198 27 99 376 399 37 23 8 512 158 184 369 16 375 191 218 142 148 81 41 132 372 80 181 174 288 259 176 364 476 70 96 506 229 511 76 261 392 90 228 275 183 235 48 257 40 50 141 315 316 365 69 330 230 65 31 112 379 225 24 25 491 186 224 291 207 350 49 117 74 68 386 329 171 323 107 178 154 397 79 318 13 331 26 156 208 366 115 47 33 61 167 272 212 286 510 120 153 151 30 241 421 162 239 221 168 82 46 63 426 6 278 205 244 182 203 108 222 60 478 59 321 357 51 242 72 146 126 299 128 190 10 0 265 131 39 179 295 393 45 17 106 83 213 245 234 342 98 147 95 155 433 20 204 101 188 4 292 28 373 93 185 133 163 105 160 57 137 480 220 202 320 309 145 56 513 455 123 118 122 346 187 84 92 280 111 116 75 417 215 514 3 211 385 481 216 507 67 9 217 42 325 124 88 94 14 64 91 515 223 113 177 226 104 85 297 152 136 54 509 240 189 170 359 
323
231 44 73 219 21 12 62 19 210 232 460 337 193 200 55 78 102 36 89 370 87 195 109 164 150 258 266 405 169 29 310 140 263 243 1 427 32 206 333 165 127 119 129 428 135 237 77 121 199 66 341 438 268 52 18 180 166 238 138 384 306 11 493 97 487 282 139 71 103 5 398 173 335 462 86 100 382 194 110 34 340 175 144 354 447 161 159 197 236 374 209 196 38 307 125 371 246 381 311 22 130 201 58 227 192 172 198 27 99 376 399 37 23 8 512 158 184 369 16 375 191 218 142 148 81 41 132 372 80 181 174 288 259 176 364 476 70 96 506 511 76 261 392 90 228 275 183 235 48 257 50 141 315 316 365 69 330 230 65 31 112 379 225 24 25 491 186 224 291 207 350 49 117 74 68 386 329 171 107 178 154 397 79 318 13 331 156 208 366 115 47 33 61 167 272 212 286 510 120 153 151 30 241 421 162 239 221 168 82 46 63 426 6 278 205 244 182 203 108 222 60 478 59 321 357 51 242 72 146 126 299 128 190 0 265 131 39 179 295 393 45 106 83 213 245 234 342 98 147 95 155 433 20 101 188 4 292 28 373 93 185 133 163 105 160 57 137 480 220 202 320 309 145 56 513 455 123 118 122 346 187 84 92 280 111 116 75 417 215 514 3 211 385 481 216 507 67 9 217 42 325 124 88 94 14 64 91 515 223 113 177 226 104 85 297 152 136 54 509 240 189 170 359 
307
231 44 73 219 21 12 62 19 232 460 337 193 200 55 78 102 36 89 370 87 195 109 164 150 258 266 405 169 310 140 263 243 1 427 32 206 333 165 127 119 129 428 135 237 77 121 199 66 341 438 268 52 18 180 166 238 138 384 306 11 493 97 487 282 139 71 103 5 398 173 335 462 86 100 382 194 110 340 175 144 354 447 161 159 197 236 374 209 196 38 307 125 371 246 311 22 130 201 58 227 192 172 198 27 99 376 399 37 23 8 512 158 184 369 16 375 191 218 142 148 81 41 132 372 80 181 174 288 176 364 476 70 96 506 511 76 261 392 90 228 275 183 235 48 257 50 141 315 316 365 69 330 230 65 112 379 225 24 25 491 186 224 291 207 49 117 74 68 171 107 178 154 397 79 318 13 331 156 208 366 115 47 33 61 167 272 212 286 510 120 153 151 30 241 421 162 239 221 168 82 46 63 426 6 278 205 244 182 203 108 222 60 478 59 321 357 51 242 72 146 126 299 128 190 0 265 131 39 179 295 393 45 106 83 213 245 234 342 98 147 95 155 433 20 101 188 4 292 28 373 93 133 163 160 57 137 480 220 202 320 145 56 513 455 123 118 122 346 187 84 92 280 111 116 75 417 215 514 3 211 385 481 216 507 67 9 217 42 88 94 14 64 515 223 113 177 104 85 297 152 136 54 509 240 189 170 359 
298
234 117 447 342 98 147 161 95 159 74 197 231 236 44 374 68 155 73 38 171 196 209 433 107 178 20 12 21 154 219 307 62 397 101 19 4 79 188 232 125 318 460 292 337 28 371 93 246 373 193 133 160 200 55 13 78 311 331 102 22 156 130 201 36 208 227 366 89 137 192 370 172 87 198 115 480 195 109 27 47 99 164 202 220 320 376 145 33 150 399 56 61 167 272 212 258 286 266 405 23 510 169 8 513 120 153 512 158 310 151 455 184 140 30 123 241 369 421 118 263 16 122 375 162 239 221 346 187 84 92 243 168 1 280 82 111 191 46 63 32 206 333 165 127 116 218 6 278 119 129 426 417 215 514 428 3 135 211 385 237 142 77 81 148 205 41 244 182 481 132 372 216 121 507 67 199 9 80 181 203 66 174 288 176 108 217 364 42 222 341 438 476 70 268 478 52 18 59 96 166 138 180 238 506 384 306 511 321 11 357 76 94 493 261 14 97 64 487 242 282 392 90 139 72 183 228 275 515 223 113 235 177 71 48 257 103 5 146 398 173 50 126 141 299 315 128 316 365 190 335 69 0 265 131 330 104 85 297 39 65 112 179 230 295 152 225 379 136 393 54 509 240 189 45 86 462 170 24 106 25 100 382 194 491 359 186 110 224 83 175 340 291 213 207 144 245 354 49 
284
234 117 447 342 98 161 95 159 74 197 231 236 44 374 68 155 73 38 171 196 209 433 107 219 20 12 21 154 307 62 397 101 188 4 79 19 232 125 318 460 292 337 28 371 93 246 373 193 133 160 200 55 13 78 311 331 102 22 156 130 201 36 208 227 89 137 192 370 172 87 198 115 195 109 27 47 99 164 202 220 320 376 145 33 150 399 56 61 167 272 212 258 286 405 23 510 169 8 513 120 153 158 310 151 455 184 140 30 123 241 369 421 118 263 16 122 375 162 239 221 346 187 84 243 168 1 280 82 111 191 46 63 32 206 333 165 127 116 218 6 278 119 129 426 417 215 514 3 135 211 237 142 77 81 148 205 244 182 481 132 372 216 121 199 67 9 80 181 203 66 174 288 176 108 217 364 42 222 341 438 476 70 268 478 52 18 59 96 166 180 506 384 306 511 321 11 357 76 94 493 261 14 97 64 487 242 282 392 139 228 72 183 275 90 515 223 113 235 177 71 48 257 103 5 146 398 173 50 126 141 299 315 128 316 365 190 335 69 0 265 131 330 104 85 297 39 65 112 179 230 295 152 225 379 136 393 54 509 240 189 45 86 462 170 24 106 25 100 382 194 491 359 186 110 224 83 175 340 291 213 207 144 245 49 
267
234 117 447 342 98 161 95 159 74 197 231 236 44 374 68 155 73 38 171 196 433 107 219 20 12 21 154 307 62 101 188 4 79 19 232 125 318 460 292 337 28 371 93 246 373 193 133 160 200 55 13 78 311 331 102 22 208 130 201 36 227 89 137 192 370 172 87 198 115 195 109 27 47 99 164 202 220 320 376 145 33 150 399 61 167 272 212 258 286 405 23 510 8 513 120 153 158 310 151 455 184 140 30 123 241 369 421 118 263 16 122 375 162 239 221 346 187 243 168 1 280 82 111 191 63 32 206 333 165 127 116 218 6 426 119 129 417 215 514 3 135 211 237 142 77 81 148 205 244 182 481 132 216 121 199 67 9 80 181 203 66 174 288 176 108 217 364 42 222 341 476 70 268 478 52 18 59 96 166 180 506 384 306 321 11 357 76 94 493 261 14 97 64 487 242 282 392 139 228 72 183 275 90 515 223 113 235 177 71 257 103 5 146 398 173 50 141 299 316 128 365 190 69 0 265 131 330 104 85 297 39 65 112 179 230 295 152 225 379 136 509 240 189 45 86 462 170 24 106 25 100 382 194 491 359 186 110 224 83 175 340 291 213 207 144 245 49 
254
234 117 447 342 98 161 95 159 74 197 231 236 44 374 68 155 73 38 171 433 107 219 20 21 154 307 62 101 188 4 79 232 125 318 460 292 337 28 371 93 246 373 193 133 160 200 55 13 78 311 331 102 22 208 130 201 36 227 89 137 370 172 87 198 115 195 109 27 47 99 202 220 164 320 376 145 33 150 399 61 167 272 212 258 405 23 510 513 120 153 151 184 140 30 123 241 369 421 118 263 16 122 375 162 239 346 187 243 168 1 280 82 111 191 63 32 206 333 165 127 116 218 426 6 119 129 417 215 514 3 135 211 237 142 77 81 148 205 244 182 481 132 216 121 199 9 80 181 203 66 174 288 176 108 217 364 42 222 341 476 70 268 478 18 59 96 166 180 506 384 306 321 11 357 76 94 493 261 14 97 64 487 242 282 392 139 228 72 183 275 90 515 223 113 235 177 71 257 103 5 398 173 50 141 299 316 128 365 190 69 0 265 131 330 104 85 297 39 65 112 179 230 295 152 225 379 136 509 240 189 45 86 462 170 24 106 25 100 382 194 491 359 186 110 224 83 175 340 291 213 207 144 245 49 
245
234 117 447 342 98 161 95 159 74 197 231 236 44 374 68 155 73 38 171 433 107 219 20 21 154 307 62 101 188 4 79 232 125 318 460 292 337 28 371 93 246 373 193 133 160 200 55 13 78 311 331 102 22 208 130 201 36 227 89 137 370 172 87 198 115 195 109 27 47 99 202 220 164 320 376 145 33 399 61 167 272 212 258 23 510 513 120 153 151 184 140 30 123 241 369 421 118 263 16 122 375 162 239 346 187 243 168 1 280 82 111 191 63 32 206 333 165 127 116 218 426 6 119 129 514 3 135 211 237 142 77 81 148 205 244 182 481 132 216 121 199 9 80 181 203 66 174 288 176 108 217 364 42 222 341 70 268 478 18 59 96 166 180 506 384 306 321 11 357 76 94 493 261 14 97 487 242 282 392 139 228 72 183 275 90 515 223 113 235 177 71 257 103 5 398 173 50 141 299 316 128 365 190 69 0 265 131 330 104 85 297 39 65 112 179 230 295 152 225 379 136 509 240 189 45 86 462 170 24 106 25 100 382 491 359 186 110 224 83 175 291 213 207 144 49 
236
234 117 447 342 98 161 95 159 74 197 231 236 44 374 68 155 73 38 171 433 107 219 20 21 154 307 62 101 188 4 79 232 125 318 460 292 337 28 371 93 246 373 193 133 160 200 55 13 78 311 331 102 22 208 130 201 36 227 89 137 370 172 87 198 115 195 109 27 47 99 202 220 164 320 376 145 33 399 61 167 272 212 258 23 510 513 120 153 151 184 140 30 123 241 369 421 263 16 375 162 239 346 187 243 1 280 82 111 191 63 32 206 333 165 127 116 218 426 6 119 129 514 3 135 211 237 142 148 205 244 182 481 132 216 121 199 9 80 181 203 66 174 288 176 217 364 42 222 341 70 268 478 18 59 96 166 180 506 384 306 321 11 357 94 493 261 14 97 487 242 282 392 139 228 72 183 275 90 515 223 113 235 177 71 257 103 5 398 173 50 141 299 316 128 365 190 69 0 265 131 330 104 85 297 39 65 179 230 295 152 379 136 509 240 189 45 86 462 170 24 106 25 100 382 491 359 186 110 224 83 175 291 213 207 144 49 
224
117 447 342 98 161 95 159 74 197 231 236 44 374 155 38 433 107 219 20 21 154 307 62 101 188 4 232 125 318 460 292 337 28 371 93 246 373 193 133 160 200 55 13 78 311 331 102 22 208 130 201 36 227 89 137 370 172 87 198 115 195 27 47 99 202 220 164 320 376 145 33 399 61 167 272 212 258 23 510 513 120 153 151 184 140 30 123 241 369 421 263 16 375 162 239 346 187 243 280 82 111 191 63 32 206 333 165 127 218 426 6 119 129 514 3 135 237 142 148 205 244 182 481 132 216 121 199 9 80 181 203 66 174 288 176 217 364 42 222 341 70 268 478 18 59 166 180 96 506 384 306 321 11 357 94 493 261 14 487 242 282 392 139 228 72 183 275 90 223 113 235 177 71 257 103 5 398 173 50 141 299 316 128 365 190 69 0 265 131 330 104 85 297 39 65 179 230 295 152 379 136 509 240 189 45 86 462 170 24 106 25 100 382 491 359 186 110 224 83 175 291 213 144 49 
215
117 447 342 98 161 95 159 74 197 231 236 44 374 155 38 433 107 219 20 21 154 307 62 101 4 232 125 318 460 292 337 28 371 93 373 246 193 133 160 200 55 13 78 311 331 102 22 208 130 201 36 227 89 137 370 172 87 198 115 195 27 47 220 202 164 376 320 145 33 399 61 167 272 212 258 23 510 513 120 153 151 184 30 123 241 369 421 263 16 375 162 239 346 187 243 280 82 111 191 63 32 206 333 165 127 218 426 6 119 129 514 3 135 237 142 148 244 182 481 121 199 9 80 181 203 66 174 288 176 217 364 42 222 341 70 268 478 18 59 166 180 96 506 384 321 11 357 94 493 261 487 242 282 392 139 228 72 183 275 90 223 113 235 177 71 257 103 5 398 173 50 141 299 316 128 365 190 69 0 265 131 330 104 85 297 39 65 179 230 295 379 136 509 240 189 45 86 462 170 24 106 25 100 382 491 359 186 110 224 83 175 291 213 144 49 
202
117 447 342 98 161 95 159 74 197 231 236 44 374 38 433 107 219 20 21 154 307 62 101 4 232 125 318 460 292 28 371 373 246 193 133 160 200 55 13 78 311 331 102 22 208 130 201 36 227 89 137 370 172 198 195 27 47 220 202 164 376 320 145 33 399 61 272 212 258 23 510 513 120 153 151 184 30 123 241 369 421 263 16 162 239 346 187 243 280 82 111 191 63 32 206 333 165 127 218 426 6 119 129 514 3 135 142 148 244 182 481 121 199 9 80 181 203 66 174 288 176 217 364 42 341 70 268 478 18 59 166 180 96 384 321 11 357 94 493 261 487 242 392 139 228 72 183 275 90 223 113 235 177 257 103 5 398 173 50 141 299 316 128 365 190 69 0 265 131 330 104 85 297 39 65 179 230 295 379 136 509 240 189 45 86 462 170 106 25 100 382 491 359 186 110 224 83 175 291 213 144 49 
195
117 447 342 98 161 159 74 231 236 374 44 38 433 107 219 20 21 154 307 62 101 4 232 125 318 460 292 28 371 373 246 193 133 160 200 55 13 78 311 331 102 22 208 130 36 227 89 137 370 172 198 195 27 47 220 202 164 376 320 145 33 399 61 272 212 258 23 510 120 153 151 184 30 123 241 369 421 263 16 162 239 346 187 243 280 82 111 191 63 32 206 333 165 127 426 6 119 129 514 3 135 142 148 244 182 481 121 199 9 80 181 203 66 174 288 176 217 364 42 341 70 268 478 18 59 166 180 96 384 321 11 357 94 493 261 487 242 392 139 90 72 183 275 223 113 235 177 257 103 5 398 173 50 141 299 316 128 365 190 69 0 265 131 330 104 85 297 39 65 179 230 295 379 136 509 240 189 45 86 462 170 106 25 100 382 491 359 186 110 224 83 291 213 144 49 
187
117 447 342 98 161 159 74 231 374 44 38 433 107 219 20 21 154 307 62 101 4 318 125 460 292 28 371 373 246 193 133 160 200 55 13 311 331 102 22 208 130 36 227 89 137 370 172 198 195 27 47 220 202 164 376 320 145 33 399 61 272 212 258 23 510 120 153 151 184 30 123 241 369 421 16 162 239 346 187 243 280 82 111 191 63 32 206 165 127 426 6 119 129 514 3 135 142 148 244 182 481 121 199 9 80 181 203 66 174 288 176 217 364 42 341 70 268 478 18 59 166 180 96 384 321 11 357 94 493 261 242 392 139 90 72 183 275 223 113 235 177 257 103 5 398 173 50 141 299 316 128 365 190 69 265 330 104 85 297 39 65 179 230 295 379 136 509 240 189 45 86 462 170 106 25 100 382 491 359 186 110 224 83 291 213 144 49 
178
117 447 342 98 159 74 231 374 44 433 107 219 20 21 154 307 62 101 4 318 125 460 292 28 371 373 246 193 133 160 200 55 13 311 331 102 22 208 130 36 227 89 137 370 172 198 195 27 47 220 202 164 376 320 145 33 399 61 272 212 258 23 510 120 153 151 184 30 123 241 369 421 16 346 187 243 280 82 111 191 63 32 206 165 127 426 6 119 129 514 135 142 148 244 182 121 199 80 181 203 66 174 288 176 217 42 341 70 268 478 18 59 166 180 96 384 321 11 357 94 493 261 242 392 139 90 72 183 275 223 113 235 177 257 103 5 398 173 50 141 299 316 128 365 190 69 265 330 104 85 297 39 65 179 230 295 379 136 509 240 189 45 86 462 170 106 25 100 382 491 186 110 224 83 291 213 144 49 
169
117 447 342 98 159 74 231 374 44 433 107 219 20 21 154 307 62 101 4 318 125 460 292 28 371 373 246 193 133 160 55 13 311 331 102 22 130 36 227 89 137 370 172 198 195 27 47 220 202 164 376 145 33 399 61 272 212 258 23 510 153 184 30 123 241 369 421 16 346 187 243 280 82 111 191 63 32 206 165 127 426 6 119 129 514 135 142 148 244 182 121 199 181 203 66 174 288 176 217 42 341 70 268 478 18 59 166 180 96 384 321 11 357 94 493 261 242 392 139 90 72 183 275 223 113 235 177 257 103 398 173 50 141 299 316 128 365 190 69 265 330 104 85 297 39 65 179 230 295 379 136 509 240 462 45 86 170 106 25 100 382 491 186 110 224 83 213 144 49 
164
117 447 342 98 159 74 374 44 433 107 219 20 21 154 307 62 101 4 318 125 460 292 28 371 373 246 193 133 160 55 13 311 331 102 22 130 36 227 89 137 370 172 198 195 27 47 220 202 164 376 145 33 399 61 272 212 258 23 510 153 184 30 123 241 369 421 16 346 187 243 280 82 111 191 63 32 206 165 127 426 6 119 129 514 135 142 148 244 182 121 199 181 203 66 174 288 176 217 42 341 70 268 478 18 59 166 180 96 384 321 11 357 94 493 261 242 392 139 90 72 183 275 223 113 235 177 257 173 50 141 316 128 365 190 69 265 330 104 85 297 39 65 230 295 379 136 509 240 462 45 86 170 106 25 100 382 491 186 110 224 83 213 144 49 
