10
358
190 267 197 196 126 239 411 221 149 203 169 9 307 93 261 45 78 206 254 214 312 320 408 330 284 293 8 422 347 12 235 155 103 54 189 363 72 176 247 229 310 136 76 138 140 179 441 101 161 52 71 111 181 91 245 183 167 85 90 351 172 180 57 216 144 369 182 434 202 232 348 73 257 333 198 40 70 306 116 283 131 213 67 443 357 129 173 125 361 123 25 46 188 74 56 264 174 248 10 234 34 98 412 272 301 81 374 36 146 166 86 230 353 236 94 171 19 84 262 145 227 142 158 44 278 159 201 13 187 163 120 406 22 205 447 164 49 241 141 372 268 4 269 289 329 303 143 334 177 95 217 104 325 154 256 97 48 178 346 5 342 151 240 62 304 30 212 358 87 315 69 147 191 209 299 135 156 108 39 80 228 15 281 130 208 107 192 75 337 51 17 273 33 371 1 28 397 18 134 291 128 89 162 298 50 83 66 365 23 409 2 222 105 220 112 204 270 11 316 88 106 42 170 398 271 194 362 305 260 207 113 117 323 243 132 382 225 121 109 296 41 384 47 450 244 252 425 53 238 168 195 118 378 64 153 150 376 426 32 415 246 249 31 127 193 68 6 122 210 211 233 60 7 20 399 175 258 253 314 226 292 65 24 266 96 448 265 345 38 313 185 79 37 137 383 418 237 21 59 82 139 259 287 242 186 424 218 63 352 200 99 92 114 115 160 43 251 0 326 442 199 133 119 219 319 61 165 35 215 335 421 428 308 290 124 223 250 157 231 148 77 100 341 152 367 29 255 55 184 309 3 110 224 16 354 58 343 297 
345
190 267 197 196 126 239 411 221 149 203 169 9 93 261 45 78 206 254 214 312 320 408 330 284 293 422 347 12 235 155 103 54 189 363 72 176 247 229 310 136 76 138 140 179 441 101 161 52 71 111 181 91 245 183 167 85 90 351 172 180 57 216 144 369 182 434 202 232 73 257 333 198 40 70 306 116 283 131 213 67 443 357 129 125 361 123 25 46 188 74 56 264 174 248 10 234 34 98 412 272 301 81 374 36 146 166 86 230 353 236 94 171 19 84 262 145 227 142 158 44 278 159 201 13 187 163 120 22 205 447 164 241 141 372 268 4 269 289 329 303 143 334 177 95 217 104 325 154 256 97 48 178 346 5 342 151 240 62 304 30 212 358 87 315 69 147 191 209 299 135 156 108 39 80 228 15 281 130 208 107 192 75 337 51 17 273 33 371 1 28 397 18 134 291 128 89 162 298 50 83 66 365 23 409 2 222 105 220 204 11 316 88 106 42 170 398 194 271 362 305 260 207 113 117 323 243 132 382 225 121 296 41 384 47 450 244 252 425 53 238 168 195 118 378 64 153 150 376 426 415 246 249 31 127 193 68 6 122 210 211 233 60 7 20 399 175 258 253 314 226 292 65 24 266 96 448 265 345 38 313 185 79 37 137 383 418 237 59 82 139 259 287 242 186 424 218 63 352 200 99 92 114 115 160 43 251 0 326 442 199 133 119 219 319 61 165 35 215 335 428 308 290 124 223 250 157 231 148 77 100 341 152 367 29 255 55 184 309 3 224 16 354 58 343 297 
335
190 267 197 196 126 239 411 221 149 203 169 9 93 261 45 78 206 254 214 312 320 408 330 284 293 422 347 12 235 155 103 54 189 363 72 176 247 229 310 136 76 138 140 179 441 101 161 52 71 111 181 91 183 167 85 90 172 180 57 216 144 369 182 434 202 232 73 257 333 198 40 70 306 116 283 131 213 67 443 357 129 125 361 123 25 46 74 56 264 174 248 10 234 34 98 412 272 301 81 374 36 146 166 86 230 353 236 94 171 19 84 262 145 227 142 158 44 278 159 201 13 187 163 120 22 205 447 164 241 141 372 268 4 269 289 329 303 334 143 177 95 217 104 325 154 256 97 48 178 346 5 342 151 240 62 304 30 212 358 87 315 69 147 191 209 299 156 108 39 80 228 15 281 130 208 107 192 75 337 51 17 273 33 371 1 28 397 18 134 291 128 89 162 50 83 66 365 23 409 2 222 105 220 204 11 316 88 106 42 170 398 271 194 362 305 260 207 113 117 323 243 132 382 225 121 296 41 384 47 450 244 252 425 53 238 168 195 118 378 64 153 150 376 426 415 249 31 127 193 68 6 122 210 211 233 60 7 20 399 175 258 253 314 226 292 24 266 96 448 265 345 38 313 185 79 37 137 383 418 237 59 82 139 287 242 186 424 218 63 200 99 114 115 160 43 251 0 326 442 199 133 119 219 319 61 165 35 215 335 428 308 290 124 223 250 157 231 148 77 100 341 152 367 29 255 55 184 309 3 224 16 354 58 343 297 
316
190 267 197 196 126 239 221 149 169 9 93 261 45 78 206 254 214 312 320 408 330 284 293 422 347 12 235 103 54 189 72 176 247 229 310 136 76 138 140 179 441 101 161 71 111 181 91 183 167 85 90 172 180 57 216 182 434 202 232 73 257 333 198 40 70 306 283 131 213 67 443 357 129 125 361 123 25 46 74 56 264 174 248 10 234 34 98 412 272 301 374 36 146 166 86 230 353 236 94 19 84 262 145 227 142 158 44 159 201 13 187 163 120 22 205 447 164 241 141 372 268 4 269 289 329 303 143 177 95 217 104 325 154 256 97 48 178 346 5 342 151 240 62 304 30 212 358 87 315 69 147 191 209 156 108 39 80 228 15 281 130 208 107 192 75 337 51 17 273 371 1 28 397 18 134 291 128 89 162 50 83 66 365 23 409 2 222 105 220 11 316 88 106 42 170 398 271 194 362 305 260 207 117 323 243 132 382 225 121 296 41 384 47 450 244 252 425 53 238 168 195 118 378 64 153 150 376 426 415 249 31 127 193 68 6 122 210 211 233 60 7 20 399 175 258 253 314 226 292 24 266 96 265 345 38 313 185 79 37 137 383 418 237 59 82 139 287 242 186 424 63 200 99 114 115 160 43 251 0 326 442 199 133 119 219 319 61 165 35 215 335 308 290 124 223 250 157 231 148 77 100 341 152 367 29 255 55 184 309 3 224 16 354 58 343 297 
299
68 17 6 46 190 210 273 74 56 267 371 211 1 28 197 174 196 264 397 18 248 126 10 134 291 128 233 60 7 239 149 399 234 89 34 9 98 169 175 226 253 258 272 292 301 374 36 93 162 146 166 50 86 45 230 261 353 78 24 94 83 236 206 254 214 19 84 96 266 265 66 345 38 313 145 227 312 365 320 23 408 185 330 79 409 2 37 284 222 105 293 220 422 142 347 158 44 12 441 137 11 383 316 201 103 54 13 418 187 189 237 163 88 59 106 42 82 72 139 176 170 247 229 310 398 136 287 120 271 76 362 194 138 140 179 22 186 205 207 101 161 242 305 424 447 164 200 99 241 117 71 323 111 243 141 91 114 372 382 115 268 160 43 251 183 0 4 269 289 326 225 329 442 143 199 133 303 177 121 85 95 167 119 296 219 172 180 217 57 41 104 325 319 61 216 154 165 35 256 215 182 384 97 47 202 232 335 434 450 308 73 257 290 333 124 178 223 250 346 5 342 231 148 151 240 62 244 252 77 304 30 425 40 100 212 341 53 358 87 69 238 195 70 152 147 118 168 306 315 378 191 64 153 209 367 29 255 150 283 156 376 426 55 108 39 184 309 80 3 228 131 224 354 412 415 15 67 443 249 357 58 281 129 130 107 208 31 127 343 297 192 125 75 361 123 193 337 51 25 
283
68 17 6 46 190 210 74 56 267 371 211 1 28 197 174 196 264 18 248 126 10 134 291 128 233 60 7 239 149 399 234 89 34 9 98 169 226 253 258 272 301 292 412 36 162 146 166 50 86 45 230 261 353 78 24 94 83 236 206 254 214 19 84 96 266 265 66 345 38 313 145 227 312 365 320 23 408 185 330 79 409 2 37 284 222 105 293 220 422 142 347 158 44 12 441 137 11 383 316 201 103 54 13 418 187 189 237 163 88 59 106 42 82 72 139 176 170 247 310 229 398 136 120 271 76 362 194 138 140 179 22 186 205 207 101 161 242 305 424 447 164 200 99 241 117 71 323 111 243 141 91 114 372 382 115 268 160 251 183 0 4 269 289 326 225 329 442 143 199 133 303 177 121 85 95 167 119 296 219 172 180 217 57 41 104 325 319 61 216 165 256 215 182 384 97 47 202 232 335 434 450 308 73 257 290 333 124 178 223 250 346 5 342 231 148 151 240 62 244 252 77 304 30 425 40 100 212 341 53 87 69 238 195 70 147 168 118 306 315 378 191 64 153 209 367 29 255 150 283 376 426 55 108 184 309 80 3 228 131 224 354 415 15 67 443 357 58 281 129 208 107 343 127 31 297 192 75 361 123 193 337 51 25 
271
68 17 6 46 190 210 74 56 267 371 211 1 28 197 264 196 18 248 126 10 134 291 128 233 60 7 239 149 399 234 89 169 98 253 258 226 272 301 412 34 292 36 162 146 166 50 86 45 230 261 353 78 24 94 83 236 206 254 214 19 84 96 266 265 66 345 38 313 145 312 365 320 23 408 185 330 79 409 2 37 284 222 105 293 220 422 142 347 158 44 12 441 137 11 383 316 201 103 54 13 187 189 237 163 88 59 106 42 82 72 139 176 170 247 310 229 398 136 120 271 76 362 194 138 140 179 22 186 205 207 101 161 242 305 424 447 164 200 99 241 117 71 323 111 243 141 91 114 372 382 268 160 251 183 0 4 269 289 326 225 329 442 143 199 133 303 177 121 85 95 167 296 219 172 180 217 57 41 104 325 319 61 216 165 215 182 384 97 47 202 232 335 434 450 308 73 257 290 333 124 178 223 250 346 5 342 231 148 151 240 62 244 252 77 304 425 40 100 212 341 53 87 69 238 195 70 147 168 118 306 315 378 191 64 153 209 367 29 255 150 283 376 426 55 108 184 309 80 3 228 131 224 415 15 67 443 357 129 208 107 343 127 31 297 192 75 123 193 337 51 25 
268
68 17 6 46 190 210 74 56 267 371 1 28 197 264 196 18 248 126 10 134 291 128 233 60 7 239 149 399 234 89 169 98 253 258 226 272 412 34 292 36 162 146 166 50 86 45 230 261 353 78 24 94 83 236 206 254 214 19 84 96 266 265 66 345 38 313 145 312 365 320 23 408 185 330 79 409 2 37 284 222 105 293 220 422 142 347 158 44 12 441 137 11 383 316 201 103 54 13 187 189 237 163 88 59 106 42 82 72 139 176 170 247 310 229 398 136 120 271 76 362 194 138 140 179 22 186 205 207 101 161 242 305 424 447 164 200 99 241 117 71 323 111 243 141 91 114 372 382 268 160 251 183 0 4 269 289 326 225 329 442 143 199 133 303 177 121 85 95 296 219 172 180 217 57 41 104 325 319 61 216 165 215 182 384 97 47 202 232 335 434 450 308 73 257 290 333 124 178 223 250 346 5 342 231 148 151 240 62 244 252 77 304 425 40 100 212 341 53 87 69 238 195 70 147 168 118 306 315 378 191 64 153 209 367 29 255 150 283 376 426 55 108 184 309 80 3 228 131 224 415 15 67 443 357 129 208 107 343 127 31 297 192 75 123 193 337 51 25 
253
68 17 6 46 190 210 74 56 267 371 1 28 197 264 196 18 248 126 10 134 291 128 233 60 7 239 149 399 234 89 169 98 253 258 226 272 412 34 292 36 162 146 166 50 86 45 230 261 353 78 24 94 83 236 206 254 214 19 84 96 266 265 66 345 313 312 365 320 23 408 185 330 79 409 2 37 284 222 105 293 220 422 142 158 44 441 137 11 383 316 201 103 54 13 187 189 237 163 88 59 106 42 82 72 139 176 170 247 310 229 398 136 120 194 76 362 138 140 179 22 186 205 207 101 161 242 305 424 447 164 200 99 241 323 243 141 91 114 372 268 160 183 0 4 269 289 326 225 329 442 199 133 177 121 85 95 296 219 172 180 217 57 41 104 325 319 61 216 165 215 182 97 47 202 232 335 434 450 308 73 257 290 333 124 178 223 250 346 5 342 231 148 151 240 62 244 252 77 304 425 40 100 212 341 53 87 69 238 195 70 147 168 118 306 315 378 191 64 153 209 367 29 255 150 283 376 426 55 108 184 309 80 3 228 131 415 15 67 443 357 129 208 107 343 127 297 192 75 123 193 337 51 25 
246
68 17 6 46 190 210 74 56 267 371 1 28 197 264 196 18 248 126 10 134 291 128 233 60 7 239 149 399 89 169 98 253 258 226 272 412 34 292 36 162 146 166 50 86 45 230 261 353 78 24 94 83 236 206 254 214 19 84 96 266 265 66 345 313 312 365 320 408 23 185 330 79 409 2 37 284 222 105 293 220 422 142 158 44 441 137 11 383 316 201 103 54 13 189 237 163 88 59 106 42 82 72 139 176 170 247 310 229 398 136 120 76 362 138 140 179 22 186 205 207 101 161 242 305 424 447 164 200 99 241 323 243 141 91 114 372 268 160 183 0 4 269 289 326 225 329 442 199 133 177 121 85 95 296 219 172 180 217 41 104 325 319 61 216 165 215 182 97 47 202 232 335 434 450 308 73 257 290 333 124 178 223 250 346 5 342 231 148 151 240 62 244 252 304 425 40 100 212 341 53 87 69 238 195 70 147 168 118 306 315 378 191 64 153 209 367 29 255 150 283 376 55 108 184 309 80 3 228 131 415 15 67 443 357 129 208 107 343 127 297 192 75 123 193 337 25 
