16
398
105 68 205 381 442 97 83 127 411 89 86 173 69 26 223 115 273 515 29 234 242 180 24 287 13 256 344 509 12 79 93 254 75 498 111 5 324 21 64 364 317 340 415 390 20 503 508 181 207 369 90 101 298 3 74 38 356 140 178 61 400 217 395 34 419 17 302 322 208 269 443 318 329 10 260 80 193 62 59 418 237 65 155 130 145 25 306 284 236 331 204 241 240 506 386 185 92 327 195 235 174 263 85 98 220 196 114 99 136 122 238 384 39 134 170 303 252 124 112 22 88 463 126 370 504 123 116 507 43 258 315 218 424 212 343 184 398 313 72 355 435 374 452 160 133 138 50 84 182 335 277 469 209 70 78 227 91 333 401 188 307 257 293 423 104 341 319 77 265 248 511 51 249 197 135 513 152 46 201 118 225 187 175 385 494 283 119 100 149 139 472 325 52 177 183 198 245 216 30 55 253 320 219 9 368 0 76 280 113 147 87 231 42 120 352 382 309 110 132 66 230 359 339 337 158 397 211 81 179 14 497 577 1 239 255 247 276 103 529 171 289 456 45 128 266 512 366 60 500 15 259 295 36 482 58 108 33 106 148 2 388 440 109 18 311 447 229 151 199 143 244 301 41 146 31 166 232 246 7 16 290 154 6 262 371 251 8 394 71 279 37 129 544 433 549 125 167 347 107 243 459 169 281 95 332 57 214 264 210 121 54 391 372 131 164 270 117 496 165 4 32 47 363 53 168 261 40 189 215 226 450 28 479 308 56 233 436 144 191 353 286 73 222 439 153 202 267 228 94 348 11 142 213 392 422 137 376 250 430 533 203 49 161 294 305 141 499 102 502 312 35 190 268 172 323 82 501 27 316 383 157 19 163 484 514 224 367 416 426 63 162 437 23 409 67 156 150 176 
388
105 68 205 381 442 97 83 127 411 89 86 173 69 26 223 115 273 515 29 234 242 180 24 287 13 344 509 12 79 93 254 75 498 111 5 324 21 64 364 317 340 415 390 20 503 508 181 207 369 90 101 298 3 74 38 356 140 178 61 400 217 395 34 419 17 302 322 208 269 443 318 329 10 260 80 193 62 59 418 237 65 155 130 145 25 306 284 236 331 204 241 240 506 386 185 92 327 195 235 174 263 85 98 220 196 114 99 136 238 384 39 134 170 303 252 124 112 22 88 463 126 370 123 116 507 43 258 315 218 424 212 343 184 313 72 355 435 374 452 160 133 138 50 84 182 335 277 469 209 70 78 227 91 333 401 188 307 257 293 423 104 341 319 77 265 248 511 51 249 197 135 513 152 46 201 118 225 175 385 494 283 119 100 149 139 472 325 52 177 183 198 245 216 30 55 253 320 219 9 368 0 76 280 113 147 87 231 42 120 352 382 110 132 66 230 359 339 337 158 397 211 81 179 497 1 239 255 247 276 103 529 171 289 456 45 128 266 512 366 60 500 15 259 295 36 482 58 108 33 106 148 2 388 440 109 18 311 447 229 151 199 143 244 301 41 146 31 166 232 246 7 16 290 154 6 262 371 251 8 394 71 279 37 129 544 433 549 125 167 347 107 459 169 281 95 332 57 214 264 210 121 54 391 372 131 164 270 117 496 165 4 32 47 363 53 168 261 40 189 215 226 450 28 479 308 56 233 436 144 191 353 286 73 222 439 153 202 267 228 94 348 11 142 213 392 422 137 376 250 430 533 203 49 161 294 305 141 499 102 502 312 35 190 268 323 82 501 27 316 383 157 19 163 484 514 224 367 416 426 63 162 437 23 409 67 156 150 176 
378
105 68 205 381 442 97 83 127 411 89 86 173 69 26 223 115 515 29 234 242 180 24 287 13 344 509 12 79 93 254 75 498 111 5 324 21 64 364 317 340 415 390 503 508 181 207 369 90 101 298 3 74 38 356 140 178 61 400 217 395 34 419 17 302 322 208 269 443 318 329 10 260 193 62 59 418 237 65 155 130 145 25 306 284 331 204 241 240 506 386 185 92 327 195 235 174 263 85 98 220 196 114 99 136 238 384 39 134 170 303 252 124 112 22 88 463 126 370 123 116 507 43 258 315 218 424 212 343 184 313 72 355 435 374 452 160 133 138 50 84 182 335 277 469 209 70 78 227 91 333 401 188 307 257 293 423 104 319 77 265 248 511 51 249 197 135 513 152 46 201 118 225 175 385 494 283 119 100 149 139 472 325 52 177 183 198 245 216 30 55 253 320 219 9 368 0 76 280 113 147 87 231 42 120 352 382 110 132 66 230 359 339 337 158 397 211 81 179 497 1 239 255 247 276 103 529 171 289 456 45 128 266 512 366 60 500 15 259 295 36 482 58 108 33 106 148 2 388 440 109 18 311 447 229 151 199 301 244 41 146 31 166 232 246 7 16 290 154 6 262 251 394 71 279 37 129 544 433 549 125 167 347 107 459 169 281 95 332 57 214 264 210 121 54 391 372 131 164 270 117 496 165 4 32 47 363 53 168 261 40 189 215 226 450 28 479 308 56 436 144 191 353 286 73 222 439 153 202 267 228 94 348 11 142 213 392 422 137 376 250 430 533 203 49 161 294 305 141 499 102 502 312 35 190 268 323 82 501 27 316 383 157 19 163 484 224 367 416 426 63 162 437 23 409 67 156 150 176 
365
105 68 205 381 442 97 83 127 411 89 86 173 69 26 223 115 515 29 234 242 180 24 287 13 344 509 12 79 93 254 75 498 111 5 324 21 64 364 317 340 415 390 503 508 181 207 369 90 101 298 3 74 38 356 140 178 61 400 217 395 34 419 17 302 322 208 269 443 318 329 10 260 193 62 59 418 237 65 155 130 145 25 306 284 331 204 241 240 506 386 185 92 327 195 235 174 263 85 98 220 196 114 99 136 238 384 39 134 170 303 252 124 112 22 88 463 126 370 123 116 507 43 258 315 424 218 212 343 184 313 72 355 435 374 452 160 133 138 50 84 182 335 277 469 209 70 78 227 91 333 401 188 307 257 293 423 104 319 77 265 248 511 51 249 197 135 513 152 46 118 225 175 385 494 283 119 100 149 139 472 325 52 177 183 198 245 216 30 55 253 320 219 9 368 0 76 280 113 147 87 231 42 120 352 382 110 132 66 230 339 337 158 397 211 81 179 497 1 255 247 276 103 529 171 289 456 45 128 266 512 366 60 500 15 259 295 36 482 58 108 33 106 148 2 388 440 109 18 311 447 229 151 199 301 244 41 146 31 166 232 246 7 16 290 154 6 262 251 71 279 37 129 544 433 549 125 167 347 107 459 169 281 95 332 57 214 264 210 54 391 131 164 270 117 496 165 4 32 47 363 53 168 261 40 189 215 226 450 28 479 308 56 144 191 73 222 439 153 202 267 228 94 348 11 142 213 392 422 137 376 250 430 533 203 49 161 294 305 141 499 102 502 312 35 190 268 323 82 501 27 383 157 19 163 224 367 426 63 162 437 23 409 156 150 176 
354
105 68 205 381 442 97 83 127 411 89 86 173 69 26 223 115 515 29 234 242 180 24 287 13 344 509 12 79 93 254 75 498 111 5 324 21 64 364 317 340 415 390 503 508 181 207 369 90 101 298 3 74 38 356 140 178 61 400 217 395 34 419 17 302 322 208 269 443 318 329 10 260 193 62 59 418 65 155 130 145 25 306 284 331 241 240 506 386 185 92 327 195 235 174 263 85 98 220 196 99 136 238 384 39 134 170 303 252 124 112 22 88 463 126 123 116 43 258 424 218 212 343 184 313 72 435 374 452 160 133 138 50 84 182 335 277 469 209 70 78 227 91 333 401 188 307 257 293 423 104 319 77 265 248 511 51 249 197 135 513 152 46 118 225 175 385 494 283 119 100 149 139 472 325 52 177 198 245 216 30 55 320 219 9 368 0 76 280 113 147 87 231 42 120 352 382 110 132 66 230 337 158 397 211 81 179 497 1 255 247 276 103 529 171 289 456 45 128 266 512 366 60 500 15 259 295 36 482 58 108 33 106 148 2 388 440 109 18 311 447 229 151 199 301 244 41 146 31 166 232 246 7 16 290 154 6 262 251 71 279 37 129 544 549 125 167 347 107 459 169 281 95 332 57 214 264 210 54 391 131 164 270 117 496 165 4 32 47 363 53 168 261 40 189 215 226 450 28 479 308 56 144 191 73 222 439 153 202 267 228 94 348 11 142 213 392 422 137 376 250 430 533 203 49 161 294 305 141 499 102 502 312 35 190 268 323 82 501 27 383 157 19 163 224 367 426 63 162 437 23 409 156 150 176 
342
105 68 205 381 442 97 83 127 411 89 86 173 69 26 223 115 515 29 234 242 180 24 287 13 344 509 12 79 93 254 75 498 111 5 324 21 64 364 317 340 415 390 503 508 181 207 369 90 101 298 3 74 38 356 140 178 61 400 217 395 34 17 302 322 208 269 443 318 329 10 260 193 62 59 418 65 155 130 145 25 306 284 331 241 240 506 386 185 92 327 195 235 174 263 85 98 220 196 99 136 238 39 134 170 303 252 124 112 22 88 463 126 123 116 43 258 424 218 212 343 184 313 72 435 374 452 160 133 138 50 84 182 335 277 469 209 70 78 227 91 333 401 188 307 257 293 423 104 319 77 265 248 511 51 249 197 135 513 152 46 118 225 175 385 494 283 119 100 149 139 472 325 52 177 198 245 216 30 55 320 219 9 368 0 76 280 113 147 87 231 42 120 352 382 110 230 337 158 397 211 81 179 1 255 247 276 529 171 289 456 45 128 512 366 60 500 15 259 295 36 482 58 108 33 106 148 2 388 440 109 18 311 447 229 151 199 301 244 41 146 31 166 232 246 7 16 290 154 6 262 251 71 279 37 129 544 549 125 167 347 107 459 169 281 95 332 57 214 264 210 54 391 131 164 270 117 496 165 4 32 47 363 53 168 261 40 189 215 226 450 28 308 56 144 191 73 222 439 153 202 267 228 94 348 11 422 142 213 137 250 430 533 203 161 294 305 141 499 102 502 312 35 268 323 82 501 27 383 157 19 163 224 367 426 63 162 437 23 409 156 150 176 
335
105 68 205 381 442 97 83 127 411 89 86 173 69 26 223 115 515 29 234 242 180 24 287 13 344 12 79 93 254 75 498 111 5 324 21 64 364 317 340 415 390 503 508 181 207 369 90 101 298 3 74 38 356 140 178 61 400 217 395 34 17 302 322 208 269 443 318 329 10 260 193 62 59 418 65 155 130 145 25 306 284 331 241 240 506 386 185 92 327 195 235 174 263 85 98 220 196 99 136 238 39 134 170 303 252 124 112 22 88 463 126 123 116 43 258 424 218 212 343 184 313 72 435 374 452 160 133 138 50 84 182 335 277 469 209 70 78 227 91 333 401 188 307 257 293 423 104 319 77 265 248 511 51 249 197 135 513 152 46 118 225 175 385 494 283 119 100 149 139 472 325 52 177 198 245 216 30 55 320 219 9 368 0 76 280 147 87 231 42 120 352 382 110 230 337 158 397 211 81 179 1 255 247 276 529 171 289 456 45 128 512 366 60 500 15 259 295 36 482 58 108 33 106 148 2 388 440 109 18 311 447 229 151 199 301 244 41 146 31 166 232 246 7 16 290 154 6 262 251 71 279 37 129 544 125 167 347 107 169 281 95 332 57 214 264 210 54 391 131 164 270 117 496 165 4 32 47 363 53 168 261 40 189 215 226 450 28 308 56 144 191 73 222 439 153 202 267 228 94 348 11 422 142 213 137 250 430 533 203 161 294 141 499 102 502 312 35 323 82 501 27 383 157 19 163 224 367 426 162 437 23 409 156 150 176 
321
105 68 205 381 442 97 83 127 411 89 86 173 69 26 223 115 515 29 234 242 180 24 287 13 344 12 79 254 75 498 111 5 324 21 64 364 317 340 415 390 503 508 181 207 369 90 101 298 3 74 38 356 140 178 61 400 217 395 34 17 302 322 208 269 443 318 329 10 260 193 62 59 418 65 155 130 145 25 306 284 331 241 240 506 386 185 92 327 195 235 174 263 85 98 220 196 99 136 238 39 134 170 303 252 124 112 22 88 463 123 116 43 258 424 218 212 343 184 313 72 435 374 452 160 138 133 50 84 182 335 277 469 209 70 78 227 91 333 401 188 307 257 293 423 104 319 77 265 248 511 51 249 197 135 513 152 118 225 175 385 494 283 119 100 149 139 472 325 52 177 245 216 30 55 320 9 368 0 76 280 147 87 231 42 120 352 382 110 230 337 158 211 81 179 1 255 247 276 529 171 289 45 128 512 60 500 15 259 295 482 58 108 33 106 148 2 388 440 109 18 311 447 229 151 199 301 244 146 31 166 232 246 7 16 290 154 6 262 251 71 279 544 125 167 107 169 281 95 332 57 214 264 210 54 391 131 164 270 117 496 165 4 32 47 363 53 168 40 189 215 226 450 28 308 56 144 191 73 222 439 153 202 267 228 94 348 11 422 142 213 137 250 430 533 203 161 294 141 499 102 502 312 35 323 82 501 27 383 157 19 163 224 367 426 162 437 23 409 156 150 176 
308
105 68 205 381 442 97 83 127 411 89 86 173 69 26 223 115 515 29 234 242 180 24 287 13 344 79 254 75 498 111 5 324 21 64 364 317 340 415 390 503 508 181 207 369 90 101 298 3 74 38 356 140 178 61 400 217 395 34 17 302 322 208 269 443 318 329 10 260 193 62 59 418 65 155 145 25 306 284 331 241 240 506 386 185 92 327 195 235 174 263 85 98 220 196 99 136 238 39 134 170 252 124 112 22 88 463 123 116 258 218 424 212 343 184 313 72 435 374 452 160 138 133 50 84 182 335 277 469 209 70 78 227 91 333 401 188 307 257 293 423 104 319 77 265 248 511 51 249 135 513 152 118 225 175 385 494 283 119 100 149 139 472 325 52 177 245 216 30 320 9 368 0 76 280 147 87 231 42 120 352 382 110 230 158 211 81 179 1 255 247 276 529 171 289 45 512 60 500 15 259 295 482 58 108 33 148 2 388 440 109 18 311 447 229 151 199 301 244 146 31 166 232 246 7 16 290 154 6 262 251 71 279 125 167 107 169 281 95 332 57 214 264 210 391 131 164 270 117 496 165 32 47 363 53 168 40 189 215 226 450 28 308 56 144 191 222 439 153 202 267 228 94 348 11 422 142 213 137 250 430 533 203 161 294 141 499 102 502 312 35 323 82 501 27 383 157 19 163 224 367 426 162 437 23 409 156 150 176 
302
105 6 196 68 205 220 262 99 136 9 251 97 381 442 368 71 83 127 76 0 89 86 238 173 279 411 280 39 69 147 26 170 134 252 87 124 112 22 223 88 463 231 42 167 120 107 123 352 115 382 116 320 515 110 169 230 29 281 95 234 332 57 214 242 218 264 210 424 158 212 180 343 24 391 184 131 164 270 211 313 422 72 81 13 287 117 435 344 496 79 374 165 179 160 254 452 138 32 133 75 47 363 50 84 498 53 1 111 182 255 335 247 5 168 21 64 276 277 324 40 209 469 189 70 78 171 529 289 215 226 364 45 317 227 450 340 28 415 308 512 56 91 390 333 503 60 508 181 144 188 191 401 307 500 257 90 369 15 259 222 295 482 293 101 423 439 104 3 298 153 74 38 58 356 108 202 178 140 176 319 33 61 267 400 77 228 265 217 94 348 248 34 395 148 511 11 2 142 51 213 17 302 322 249 208 269 388 137 318 329 10 443 260 135 513 250 193 152 430 440 533 62 109 59 18 118 418 65 203 311 155 161 225 447 229 145 151 294 175 25 306 385 141 284 499 102 502 494 312 35 283 119 149 331 199 241 301 244 240 323 82 139 506 501 27 472 386 383 325 157 185 19 52 163 224 146 177 92 367 245 31 327 426 162 166 195 235 437 174 23 246 263 216 409 30 156 150 16 7 85 154 98 
289
105 6 196 68 205 220 262 99 136 9 251 97 381 442 368 71 83 127 0 238 89 86 173 411 279 280 39 69 147 26 170 134 252 87 124 112 22 223 88 463 231 42 167 120 107 123 352 115 382 116 320 515 110 169 230 29 281 95 234 332 57 214 242 218 264 210 424 158 212 180 343 24 391 184 131 164 270 211 313 72 81 13 287 117 435 496 79 374 165 254 160 452 138 32 133 75 47 363 50 84 498 53 1 111 182 255 335 247 5 168 21 64 276 277 324 40 209 469 189 70 78 171 529 289 215 226 364 45 317 227 450 340 28 415 512 56 91 390 333 503 60 508 181 144 188 191 401 307 500 257 90 369 15 259 222 295 482 293 101 423 439 104 3 298 153 74 38 58 356 108 202 178 140 176 319 33 61 267 400 77 228 265 217 94 348 248 34 395 148 511 11 2 142 213 17 302 322 249 208 269 388 137 318 329 10 443 135 250 193 152 430 440 533 62 109 118 59 18 418 65 203 155 161 225 447 229 145 151 294 175 25 306 385 499 102 502 494 312 35 283 119 149 331 199 241 244 240 323 82 139 506 27 472 386 383 325 157 185 19 52 163 224 146 177 92 367 245 31 327 426 162 166 195 235 437 174 23 246 263 216 409 30 156 150 16 7 85 154 98 
276
105 6 196 68 205 220 262 99 136 9 251 97 381 442 368 71 83 127 0 238 411 86 173 279 280 39 69 147 26 170 134 252 87 124 112 22 88 463 231 42 167 120 107 123 352 115 382 116 320 515 169 230 29 281 95 234 57 214 242 218 264 210 424 158 212 180 343 24 391 184 131 164 270 313 72 81 13 287 117 435 496 79 452 165 254 160 138 32 133 75 47 363 50 84 498 53 1 111 182 255 335 247 5 168 21 64 276 277 324 40 209 469 189 70 78 171 529 289 215 226 364 45 317 227 450 340 28 415 512 56 91 390 333 503 60 508 181 144 191 307 500 257 90 369 15 259 222 295 482 293 439 423 104 3 298 153 74 38 58 356 108 202 178 140 176 319 33 61 267 400 77 228 217 94 348 248 34 395 148 511 11 2 142 213 17 302 322 249 269 388 443 137 318 329 10 135 250 193 152 430 440 533 62 109 118 59 18 418 65 203 155 161 225 447 229 145 151 294 175 25 306 385 499 102 502 494 312 35 283 119 149 199 241 244 240 323 82 139 506 27 472 386 383 325 157 185 19 52 163 224 146 177 367 245 31 327 426 162 166 195 235 437 174 23 246 263 216 409 30 156 150 16 7 85 154 98 
261
105 6 196 68 205 220 262 99 136 9 251 97 381 442 368 83 127 0 238 411 86 173 279 280 39 69 26 170 252 87 124 112 22 88 463 231 42 167 120 107 123 352 382 116 320 515 169 230 29 281 95 234 57 214 242 218 264 210 424 158 212 180 343 24 391 184 131 164 270 313 72 81 13 287 435 496 79 452 165 254 160 138 32 133 75 47 50 84 498 53 1 111 182 255 335 247 5 168 21 64 276 277 324 40 209 469 189 70 78 171 289 215 226 364 45 317 227 450 340 28 415 512 56 91 390 333 503 60 508 144 191 307 500 257 90 369 15 259 295 293 423 104 3 298 74 38 58 356 108 202 178 176 319 33 61 267 400 77 228 217 94 348 248 395 148 11 2 142 213 17 302 322 249 269 388 443 137 318 329 10 135 250 193 152 430 440 533 62 109 118 59 18 418 65 203 155 161 225 447 229 145 151 294 175 25 306 385 499 102 502 494 312 35 283 119 149 199 241 244 240 323 82 139 506 27 472 386 383 325 157 185 19 52 163 224 146 177 367 245 31 327 426 162 166 195 235 437 174 23 246 263 216 409 30 156 150 16 7 85 154 98 
245
105 6 196 68 205 220 262 99 136 9 381 442 368 83 127 0 411 86 173 279 280 69 26 170 252 87 124 112 22 88 463 231 42 167 120 107 123 352 382 116 320 515 169 230 29 281 95 234 57 214 242 218 264 210 424 158 212 180 343 24 391 184 131 270 313 81 287 13 435 496 79 452 165 254 160 138 32 133 75 50 84 498 53 1 111 182 255 335 247 5 168 21 64 276 277 324 40 209 469 189 70 78 171 289 215 226 364 45 317 227 450 340 28 415 512 56 91 333 503 60 508 144 191 307 500 257 90 369 259 295 423 298 3 104 74 38 58 356 108 202 178 176 319 33 61 267 400 248 94 348 395 148 11 2 142 213 17 302 322 249 269 388 443 137 318 329 10 135 250 193 152 430 440 533 62 109 118 59 18 418 203 155 161 225 447 229 145 151 294 175 25 306 385 499 102 502 494 312 35 283 119 149 199 241 244 240 323 82 27 472 386 383 325 157 185 19 52 163 224 146 177 367 245 31 327 426 162 166 195 235 437 174 23 246 263 216 409 30 156 150 16 7 85 154 98 
237
105 6 196 68 205 220 262 99 136 9 381 442 368 83 127 0 411 86 173 279 280 69 26 170 252 87 124 112 22 88 463 231 42 167 120 107 123 352 382 116 320 515 169 230 29 281 95 234 57 214 242 218 264 210 424 158 212 180 343 24 391 184 131 270 313 81 287 13 496 79 452 165 254 160 138 32 133 75 50 84 498 53 1 111 182 255 335 247 5 168 21 64 276 277 324 40 209 469 189 70 78 171 289 215 226 364 45 317 227 450 340 28 415 512 56 91 333 503 60 508 144 191 307 500 257 90 369 259 295 298 3 104 74 38 58 356 108 202 178 319 33 61 267 400 248 94 348 395 148 11 2 142 213 17 302 322 249 269 388 443 137 318 329 10 135 250 193 430 440 533 62 109 118 59 18 418 203 155 161 225 447 229 145 151 294 175 25 306 385 499 102 502 494 312 35 283 119 149 199 244 240 323 82 27 472 386 383 157 185 19 52 163 224 146 177 367 245 31 327 162 166 195 235 437 174 23 246 263 216 409 30 156 7 16 85 176 98 
230
105 6 196 68 205 220 262 99 136 9 381 442 368 83 127 0 411 86 173 279 280 69 26 170 252 87 124 112 22 88 463 231 42 167 120 107 123 352 382 116 320 515 169 230 29 281 95 234 57 214 242 218 264 210 424 212 180 343 24 391 184 131 270 313 81 287 13 496 79 452 165 254 160 138 32 133 75 50 84 498 53 1 111 182 255 335 247 5 168 21 64 276 277 324 40 209 469 189 70 78 171 289 215 226 364 45 317 227 450 340 28 415 512 56 91 333 503 60 508 144 191 500 257 90 259 295 298 3 104 74 58 356 108 202 178 319 33 61 267 400 248 94 348 395 148 11 2 142 213 17 302 322 249 269 388 443 137 318 329 10 135 193 430 440 62 109 118 59 18 418 203 155 161 225 447 229 145 151 294 175 25 306 385 499 102 502 494 312 35 283 119 149 199 244 240 323 82 27 472 386 383 157 185 52 163 224 146 177 367 245 31 327 162 166 195 235 437 174 23 246 263 216 409 30 156 7 16 85 176 98 
