15
366
51 255 56 15 228 114 494 170 292 82 302 190 163 299 52 200 178 347 256 257 304 136 273 3 213 74 348 7 174 419 47 236 158 183 396 168 4 148 92 388 308 171 45 381 275 49 237 37 155 326 157 42 446 294 64 151 48 95 20 271 176 202 242 54 353 335 235 269 331 98 162 175 244 325 212 230 130 185 357 116 420 88 254 139 19 69 53 231 65 100 27 251 90 268 164 240 113 36 466 152 265 412 25 207 384 239 156 21 369 24 344 76 104 266 470 182 99 249 431 301 203 132 313 258 442 460 288 62 135 57 122 356 35 150 127 39 85 149 128 80 383 320 161 55 83 1 28 118 121 172 229 218 360 248 2 73 259 375 33 16 40 63 368 120 321 8 50 146 437 31 188 193 306 339 346 67 138 81 318 184 241 314 330 216 366 201 307 194 75 38 245 112 66 385 58 338 210 205 349 26 264 234 206 181 140 77 197 186 109 345 198 217 119 126 272 129 317 46 94 358 252 445 10 107 23 410 238 34 390 247 461 214 328 159 117 233 108 189 192 96 367 106 221 220 9 253 283 44 332 222 211 323 399 93 285 191 30 451 102 439 22 227 111 12 448 115 160 370 143 250 312 89 18 68 5 72 78 433 70 290 465 450 84 393 59 376 86 101 208 387 133 405 351 219 14 179 196 209 29 177 322 246 260 123 286 434 215 195 243 110 87 154 435 124 224 173 147 280 225 13 61 91 105 17 134 125 199 341 137 0 43 60 232 32 180 329 278 324 97 145 144 363 397 287 131 414 169 274 153 11 166 372 298 41 6 141 262 103 204 71 261 79 226 289 167 319 
357
51 255 56 15 228 114 494 170 292 82 302 190 163 299 52 200 178 347 256 257 304 136 273 3 213 74 348 7 174 419 47 236 158 183 168 4 148 92 388 308 171 45 381 275 49 237 37 155 326 157 42 294 64 151 48 95 20 271 176 202 242 54 353 335 235 269 331 98 162 175 244 325 212 230 130 185 357 116 420 88 139 19 69 53 231 65 100 27 251 90 268 164 240 113 36 466 152 265 412 25 207 384 239 156 21 369 24 344 76 104 266 470 182 99 249 431 301 203 132 313 258 442 460 288 62 135 57 122 356 35 150 127 39 85 149 128 80 383 320 161 55 83 1 28 118 121 172 229 218 360 248 2 73 259 375 33 16 40 63 368 120 321 8 146 437 31 188 193 306 339 346 67 138 81 318 184 241 314 330 216 366 201 307 194 75 38 245 112 66 385 58 338 210 205 349 26 264 206 181 140 77 197 186 109 345 198 217 119 126 272 129 317 46 94 358 252 445 10 107 23 238 34 390 247 461 214 328 159 117 233 108 189 192 96 367 106 221 220 9 253 283 44 332 222 211 323 399 93 285 191 30 451 102 439 22 227 111 12 448 115 160 370 143 312 89 18 68 5 72 78 433 70 290 450 84 393 59 376 86 101 208 387 133 405 219 14 179 196 209 29 177 322 246 260 123 286 434 215 195 243 110 87 154 435 124 224 173 147 280 225 13 61 91 105 17 134 125 199 341 137 0 43 60 232 32 180 329 278 324 97 145 144 363 397 287 131 414 169 274 153 11 166 372 298 41 6 141 262 103 204 71 261 79 226 289 167 319 
350
51 255 56 15 228 114 494 170 292 82 302 190 163 299 52 200 178 347 256 257 304 136 273 3 213 74 348 7 174 419 47 236 158 183 168 4 148 92 388 308 171 45 381 275 49 237 37 155 326 157 42 294 64 151 48 95 20 271 176 202 242 54 353 335 235 269 331 98 162 175 244 325 212 230 130 185 357 116 420 88 139 19 69 53 231 65 100 27 251 90 268 164 240 113 36 466 152 265 412 25 207 384 239 156 21 369 24 344 76 104 266 470 182 99 249 431 301 203 132 313 258 442 460 288 62 135 57 122 356 35 150 127 39 85 149 128 80 383 320 161 55 83 1 28 118 121 172 229 218 360 248 2 73 259 375 16 40 63 368 120 321 8 146 437 31 188 193 306 339 346 67 138 81 318 184 241 314 330 216 366 201 307 194 75 38 245 112 66 385 58 338 210 205 349 26 264 206 181 77 197 186 109 345 198 217 119 126 272 129 317 46 94 358 252 445 10 107 23 238 34 390 247 461 214 328 159 117 233 108 189 192 96 367 106 221 220 9 253 44 332 222 211 323 399 93 285 191 30 451 102 439 22 227 111 12 448 115 370 143 312 89 18 68 5 72 78 433 70 290 450 84 393 59 376 86 101 208 387 133 405 219 14 179 196 209 29 177 246 260 123 286 434 195 243 110 87 154 435 124 224 173 147 280 225 13 61 91 105 17 134 125 199 341 137 0 43 60 232 32 180 329 278 324 97 145 144 363 397 287 131 414 169 153 11 166 372 298 41 6 141 262 103 204 71 261 79 226 289 167 319 
342
51 255 56 15 228 114 494 170 292 82 302 190 299 52 200 178 347 256 257 304 136 273 3 213 74 348 7 174 419 47 236 158 183 168 4 148 92 388 308 171 45 381 275 49 237 37 155 326 157 42 294 64 151 48 95 20 271 176 202 242 54 353 335 235 269 331 98 162 175 244 325 212 230 130 185 357 116 420 88 139 69 53 231 65 100 27 251 90 268 164 240 113 36 466 152 265 412 25 207 384 239 156 21 369 24 344 76 104 266 470 182 99 249 431 301 203 132 313 258 442 460 288 62 135 57 122 356 35 150 127 39 85 149 128 80 383 320 161 55 83 1 28 118 121 172 229 218 360 248 2 73 259 16 40 63 368 120 321 8 146 437 31 188 193 306 339 346 67 138 81 318 184 241 314 330 216 366 201 194 75 38 245 112 66 385 58 338 210 205 349 26 264 206 181 77 197 186 109 345 198 217 119 126 272 129 317 46 94 358 252 10 107 23 238 34 390 247 461 214 328 159 117 233 108 189 192 96 367 106 221 220 9 253 44 332 222 211 323 399 93 285 451 30 102 439 22 227 111 12 448 115 370 143 312 89 18 68 5 72 78 433 70 290 450 84 393 376 86 101 208 387 133 405 219 14 179 196 209 29 177 246 260 123 286 434 195 243 110 154 435 124 224 173 147 280 225 13 61 91 105 17 134 125 199 341 137 0 43 60 232 32 180 329 278 324 97 145 144 363 397 287 131 414 169 153 11 166 372 298 41 6 141 262 103 204 71 261 79 226 289 167 319 
330
51 255 56 15 228 114 494 170 292 82 302 190 299 52 200 178 256 257 304 136 273 3 213 74 348 7 174 419 47 236 158 183 168 4 148 92 388 308 171 45 381 275 49 237 37 155 326 157 42 64 151 48 95 20 271 176 202 242 54 353 335 235 269 331 98 162 175 244 325 212 230 130 185 116 420 88 139 69 53 231 65 100 27 90 268 164 240 113 36 466 152 265 412 25 207 384 239 156 21 369 24 344 76 104 266 470 182 99 249 431 301 203 132 313 258 442 460 288 62 135 57 122 356 35 150 127 39 85 149 128 80 383 320 161 55 83 1 28 118 121 172 218 360 248 2 73 259 16 40 63 368 120 321 8 146 437 31 188 193 306 339 346 67 138 81 318 184 241 314 330 216 366 201 194 75 38 245 112 66 385 58 338 210 205 349 26 264 206 181 77 197 186 109 345 198 217 119 126 272 129 317 46 94 358 252 10 107 23 238 34 390 247 461 328 159 117 233 108 189 192 96 367 221 220 9 253 44 332 222 211 323 399 93 285 451 30 102 439 22 227 111 12 448 115 370 143 312 89 18 68 5 72 78 433 70 290 450 393 84 376 86 101 208 387 133 405 219 14 179 196 209 29 177 246 260 123 286 434 195 243 110 154 435 124 224 173 147 280 225 13 61 91 105 17 134 125 199 341 137 0 43 60 232 32 180 329 278 324 97 145 144 363 287 414 169 153 11 166 372 298 41 103 204 71 261 79 226 289 167 319 
313
51 255 56 15 228 114 494 170 292 82 302 190 299 52 200 178 256 257 304 136 273 3 213 74 348 7 174 419 47 236 158 183 168 4 148 92 388 308 171 45 381 275 49 237 37 155 326 157 42 64 151 48 95 20 271 176 202 54 353 235 331 98 162 175 244 325 212 230 130 185 116 420 88 139 69 53 231 65 100 27 90 268 164 240 113 36 466 152 412 25 207 384 239 156 21 369 24 344 104 266 470 182 99 249 431 301 203 132 313 258 460 288 57 122 356 35 150 127 85 149 128 80 383 320 161 55 83 1 118 121 172 218 360 248 2 73 259 16 63 40 368 120 321 8 146 437 31 188 193 306 339 346 67 138 81 318 184 241 314 330 216 366 201 194 75 38 245 112 66 385 58 338 210 205 349 26 264 206 181 77 197 186 109 345 198 217 119 126 272 129 317 46 94 358 252 10 107 238 34 390 247 461 328 159 117 233 108 189 192 96 367 221 220 9 253 44 332 222 211 323 399 93 285 451 30 102 439 22 227 111 12 448 115 370 143 312 89 18 68 5 72 78 433 70 290 450 84 393 376 86 101 208 387 133 405 219 14 179 196 209 29 177 246 123 434 195 243 110 154 435 124 224 173 147 280 225 13 61 91 105 17 134 125 199 341 137 0 43 60 232 32 180 324 97 145 144 363 287 169 153 11 166 372 298 41 103 204 71 79 226 289 167 319 
306
51 241 255 56 376 15 228 69 86 114 216 101 53 231 314 330 494 170 292 65 208 82 366 190 302 100 387 201 299 133 52 27 90 194 200 268 75 405 164 219 14 240 178 38 113 179 245 36 196 256 112 136 152 66 273 209 304 385 3 29 25 58 213 177 207 74 210 384 412 338 205 246 349 239 26 123 264 318 434 156 21 195 206 243 7 348 369 181 24 110 174 344 419 47 154 266 435 124 77 224 197 182 236 186 470 147 109 345 198 280 225 99 183 217 249 168 126 13 431 119 272 129 317 4 94 46 301 203 358 132 148 313 92 252 84 388 61 10 107 105 17 134 308 125 460 288 238 34 319 171 199 390 341 45 247 57 122 381 137 275 0 43 49 356 461 237 60 35 37 232 150 127 155 326 32 85 149 157 328 159 117 128 80 180 233 42 383 466 64 108 189 192 324 320 161 55 83 96 1 367 393 97 220 221 9 118 145 253 151 48 332 121 144 222 363 95 211 20 172 271 323 399 176 287 218 360 248 202 93 285 451 30 2 102 54 439 169 73 259 22 227 16 63 353 111 153 235 257 11 368 12 120 321 448 115 370 166 372 8 298 41 98 143 162 331 146 312 89 437 18 31 68 5 72 193 188 175 103 244 184 325 212 204 230 71 130 306 78 79 346 339 67 433 70 185 226 450 116 138 81 420 289 167 88 158 139 
297
51 241 255 56 376 15 228 69 86 114 216 101 53 231 314 330 494 292 65 208 82 366 190 302 100 387 201 299 133 52 27 90 194 200 268 75 405 164 219 14 240 178 38 113 179 245 36 196 256 112 136 152 66 304 209 257 385 3 273 29 25 58 213 177 207 74 210 384 412 338 205 246 349 239 26 123 264 318 434 156 21 195 206 243 7 348 369 181 110 174 344 419 47 154 266 435 124 77 224 197 182 236 186 470 147 109 345 198 280 225 183 217 249 168 126 13 431 119 272 129 317 4 94 301 46 203 358 132 148 313 92 252 388 61 10 107 105 17 134 308 125 460 288 238 34 319 171 199 390 341 45 247 57 122 381 137 275 0 43 49 356 237 60 35 37 232 150 127 155 32 85 149 157 328 159 117 128 80 180 233 42 383 466 64 108 189 192 324 320 161 55 83 96 1 367 393 97 220 221 9 118 145 253 151 48 332 121 144 222 363 95 211 20 172 271 323 399 176 287 218 360 248 202 93 285 30 2 102 54 439 169 73 259 22 227 16 63 353 111 235 11 368 12 120 321 448 115 370 166 372 8 298 41 98 143 162 331 146 312 89 437 18 31 68 5 72 193 188 175 103 244 184 325 212 204 306 71 130 339 78 79 346 433 67 70 185 226 450 116 138 81 420 289 167 84 158 139 
290
51 241 255 56 376 15 228 69 86 114 216 101 53 231 314 330 494 292 65 208 82 366 190 302 100 387 201 299 133 52 27 90 194 200 268 75 405 164 219 14 240 178 38 113 179 245 256 196 304 112 136 152 66 257 209 385 466 3 273 29 25 58 213 177 207 74 210 384 412 338 205 246 349 239 26 123 264 318 434 156 21 195 206 243 7 348 369 181 110 174 344 419 47 154 266 435 124 77 224 197 182 236 186 470 147 109 345 198 280 225 183 249 168 126 13 431 119 272 129 317 4 94 301 46 203 358 132 148 313 92 252 388 61 10 107 105 17 134 308 125 460 238 34 319 171 199 390 341 45 247 57 122 381 137 275 0 43 49 356 237 60 35 37 232 150 127 155 32 85 149 157 328 159 117 128 80 180 233 42 383 64 108 189 192 324 320 161 55 83 96 1 367 393 97 220 221 9 118 145 253 151 332 121 144 363 95 211 20 172 271 323 399 176 287 218 360 202 93 285 30 2 102 54 439 169 259 22 227 16 63 353 111 235 11 368 12 120 321 448 115 370 166 372 8 298 41 98 143 162 331 146 312 89 437 18 31 68 5 72 193 188 175 103 244 184 325 212 204 306 71 130 339 78 79 346 433 67 70 185 226 450 116 138 81 420 289 167 84 158 139 
281
51 241 255 56 376 15 228 69 114 86 216 101 53 231 314 330 292 65 208 82 366 190 302 100 387 201 299 133 52 27 90 194 200 268 75 405 164 219 14 240 178 38 113 179 245 256 304 257 112 136 152 66 385 209 466 273 3 29 25 58 213 177 207 74 210 384 412 338 246 205 349 239 26 123 264 156 206 195 243 348 369 21 181 110 174 344 419 47 154 266 435 124 77 224 197 182 236 186 470 147 109 345 198 280 225 183 249 168 126 13 431 119 272 129 317 4 94 301 46 203 358 132 148 313 92 252 388 61 10 107 105 17 134 308 125 460 238 34 319 171 199 390 341 45 247 57 122 381 137 275 0 43 49 356 237 60 35 37 232 150 127 155 32 85 149 157 328 159 117 128 80 180 233 42 383 64 189 192 324 320 161 55 83 96 1 367 393 97 220 221 9 118 145 253 151 332 121 144 363 95 211 20 172 271 323 399 176 287 218 360 202 93 285 30 2 102 54 259 22 227 16 63 353 111 235 11 368 12 120 321 448 115 370 166 372 8 298 41 98 143 162 331 146 312 89 437 18 31 68 5 72 193 188 175 103 244 184 325 212 204 306 71 130 339 78 79 346 433 67 70 185 226 450 116 138 81 420 167 84 158 139 
278
51 241 255 56 376 15 228 69 114 86 216 101 53 231 314 330 292 65 208 82 366 190 302 100 387 201 299 133 52 27 90 194 200 268 75 405 164 219 14 240 178 38 113 179 245 256 304 257 112 136 152 66 385 209 466 273 3 29 25 58 213 412 207 74 210 384 338 246 205 349 239 26 264 156 206 195 243 348 369 21 181 110 174 344 419 47 154 266 435 124 77 224 197 182 236 186 470 147 109 345 198 280 225 183 249 168 126 13 431 119 272 129 317 4 94 301 46 203 358 132 148 313 92 252 388 61 10 107 105 17 134 308 125 460 238 34 319 171 199 390 341 45 247 57 122 381 137 275 0 43 49 356 237 60 35 37 232 150 127 155 32 85 149 157 328 159 117 128 80 180 233 42 383 64 189 192 324 320 161 55 83 96 1 367 393 97 220 221 9 118 145 253 151 332 121 144 363 95 211 20 172 271 323 399 176 287 218 360 202 93 285 30 2 102 54 259 22 227 16 63 353 111 235 11 368 12 120 321 115 370 166 372 8 298 41 98 143 162 331 146 312 89 437 18 31 68 5 72 193 188 175 103 244 184 325 212 204 306 71 130 339 78 79 346 433 67 70 185 226 450 116 138 81 420 167 84 158 139 
264
51 241 255 56 376 15 228 86 114 314 216 101 53 231 330 292 65 208 82 366 190 302 100 387 201 299 133 52 27 90 194 200 268 75 405 164 219 14 240 178 38 113 179 256 257 304 466 112 136 152 66 385 209 273 3 29 25 58 412 338 207 74 210 384 246 205 349 26 264 156 206 195 243 348 369 21 181 110 174 344 419 47 154 266 435 124 77 236 197 182 470 186 147 109 345 198 280 225 183 168 126 13 431 119 272 129 317 4 94 301 46 203 358 132 148 313 92 252 388 61 10 107 105 17 134 308 125 460 238 34 319 171 199 341 45 247 57 122 381 137 275 0 43 49 356 237 35 37 150 127 155 32 85 149 157 328 159 117 128 80 180 233 42 383 64 192 324 320 161 55 367 1 393 97 220 221 9 118 145 253 151 332 121 144 363 95 211 20 172 271 323 399 176 287 218 360 202 93 285 30 2 102 54 259 22 353 16 63 111 235 11 368 12 120 321 370 166 372 8 298 41 98 143 162 331 146 312 89 437 18 31 68 5 72 193 188 175 103 244 184 325 212 204 306 71 130 339 78 79 346 433 67 70 185 226 450 116 138 81 420 167 84 158 139 
255
51 241 255 56 376 15 228 86 114 314 216 101 53 231 330 292 65 208 82 366 190 302 100 387 201 299 133 52 27 90 194 200 268 75 164 219 14 240 178 38 113 179 256 257 304 466 112 136 152 66 385 209 273 3 29 25 58 412 338 207 74 210 384 246 205 349 26 264 156 206 195 243 348 369 21 181 110 174 344 419 47 154 266 435 124 77 236 197 470 186 147 109 345 198 280 225 183 168 126 13 431 119 272 129 317 4 94 301 46 203 358 132 148 313 92 252 388 61 10 107 105 134 308 460 238 34 171 199 341 45 247 57 122 381 137 275 0 43 49 356 35 37 155 127 32 85 149 157 328 159 117 128 80 180 233 42 383 64 192 324 320 161 55 367 1 393 97 220 221 9 118 145 253 151 332 121 144 363 95 211 20 172 271 323 399 176 287 218 360 202 93 285 30 2 102 54 259 22 16 63 111 235 11 12 120 321 370 166 372 8 298 41 98 143 162 331 146 312 89 437 18 31 68 5 72 193 188 175 103 244 184 325 212 204 306 71 130 339 78 79 346 433 67 70 185 226 450 116 138 420 81 167 84 158 139 
254
51 241 255 56 376 15 228 86 114 314 216 101 53 231 330 292 65 208 82 366 190 302 100 387 201 299 133 52 27 90 194 200 268 75 164 219 14 240 178 38 113 179 256 257 304 466 112 136 152 66 385 209 273 3 29 25 58 412 338 207 74 210 384 246 205 349 26 264 156 206 195 243 348 369 21 181 110 174 344 419 47 154 266 435 124 77 236 197 470 186 147 109 345 198 280 225 183 168 126 13 431 119 272 129 317 4 94 301 46 203 358 132 148 313 92 252 388 61 10 107 105 134 308 460 238 34 171 199 341 45 247 57 122 137 275 0 43 49 356 35 37 155 127 32 85 149 157 328 159 117 128 80 180 233 42 383 64 192 324 320 161 55 367 1 393 97 220 221 9 118 145 253 151 332 121 144 363 95 211 20 172 271 323 399 176 287 218 360 202 93 285 30 2 102 54 259 22 16 63 111 235 11 12 120 321 370 166 372 8 298 41 98 143 162 331 146 312 89 437 18 31 68 5 72 193 188 175 103 244 184 325 212 204 306 71 130 339 78 79 346 433 67 70 185 226 450 116 138 420 81 167 84 158 139 
242
51 241 255 56 376 15 228 86 114 314 216 101 231 330 292 65 208 82 366 190 302 100 387 201 299 133 52 27 90 194 200 268 75 164 219 240 178 38 113 179 256 257 304 466 112 152 66 385 209 273 3 29 25 58 412 338 207 74 384 210 246 205 349 26 264 156 206 195 243 348 369 21 181 110 344 47 154 266 435 124 77 236 197 470 186 147 109 345 198 280 225 183 168 126 13 431 119 272 129 317 4 94 301 46 203 358 132 148 313 92 388 252 61 10 107 105 134 308 460 238 34 171 199 341 45 247 57 122 137 275 0 43 49 356 35 37 155 32 85 149 157 328 117 128 80 180 233 42 383 64 192 324 320 161 55 367 1 393 97 220 221 9 145 118 253 151 332 121 363 95 211 20 172 271 323 399 176 287 360 202 93 285 30 2 102 54 259 22 16 63 111 235 11 12 120 321 370 372 8 298 41 98 143 162 331 146 312 89 437 18 31 68 5 72 193 188 175 103 244 184 325 212 204 306 339 130 78 79 346 433 67 70 185 226 450 138 420 81 167 84 158 139 
