10
384
113 24 41 306 215 92 422 42 154 100 141 158 62 209 348 381 91 164 329 510 484 446 265 279 194 125 250 58 179 258 59 51 190 108 423 343 115 398 449 107 56 184 131 380 333 105 79 448 220 119 55 20 27 301 302 111 481 98 276 217 475 218 308 109 204 168 46 118 224 61 90 327 185 57 269 310 83 144 282 316 171 222 428 126 326 161 39 2 76 497 478 297 97 123 84 18 334 35 106 177 19 245 248 120 138 221 364 231 390 504 353 214 317 319 485 315 289 1 48 64 133 196 14 198 223 321 203 191 122 229 148 63 187 137 389 494 124 165 249 323 351 354 156 499 244 256 429 65 129 309 382 172 331 401 339 36 259 197 167 30 407 442 241 52 439 386 162 459 89 238 219 81 358 257 181 188 399 85 139 11 143 23 304 230 212 142 21 136 287 33 134 419 8 193 491 476 199 235 506 13 7 101 232 488 307 503 9 356 182 383 127 370 372 335 355 72 132 303 505 68 242 384 286 243 274 114 96 357 247 500 225 77 366 391 186 121 213 210 88 201 508 271 17 233 466 438 4 350 240 512 367 153 509 236 53 206 216 405 43 73 66 75 205 403 174 69 296 261 67 418 501 31 483 3 40 103 130 176 26 86 511 102 195 170 47 80 379 145 87 151 49 200 28 71 94 149 44 95 160 280 173 22 252 93 273 38 15 32 338 362 234 82 155 226 207 104 140 325 70 189 284 305 314 371 352 157 369 290 260 78 99 299 468 183 159 267 6 25 152 180 294 54 368 239 175 5 437 208 16 346 211 227 395 169 178 228 507 34 135 45 117 50 394 202 360 10 146 163 471 0 275 292 110 74 60 150 116 166 112 37 469 147 385 237 
372
113 24 41 306 215 92 422 42 154 100 141 158 62 209 348 91 164 329 510 484 446 265 279 125 250 58 179 258 59 51 190 108 423 343 115 398 449 107 56 184 131 380 333 105 79 448 220 119 55 20 27 301 302 111 481 98 276 217 475 218 308 109 204 168 46 118 224 61 90 327 185 57 269 310 83 144 282 316 171 222 428 126 161 39 2 76 497 478 297 97 123 84 18 334 35 106 177 19 245 248 120 138 221 364 231 390 504 353 214 317 319 485 315 289 1 48 64 133 14 198 223 321 203 191 122 229 148 63 187 137 389 494 124 165 249 323 351 354 156 499 244 256 429 65 129 309 382 172 331 401 339 36 259 197 167 30 442 241 52 439 386 162 459 89 238 219 81 358 257 181 188 399 85 139 11 143 23 304 230 212 142 21 136 287 33 134 419 8 193 491 476 199 235 506 13 7 101 232 488 307 503 9 356 182 383 127 370 372 335 355 72 132 303 505 68 242 384 286 243 274 114 96 357 247 500 225 77 366 391 186 121 213 210 88 201 508 17 233 466 438 4 350 240 367 153 509 236 53 206 216 405 43 73 66 205 403 174 69 296 261 418 501 31 483 3 40 103 130 176 26 86 511 102 195 170 47 80 379 87 151 49 200 28 71 94 149 44 95 160 280 173 22 252 93 273 38 15 32 338 362 234 82 155 226 207 104 140 325 70 189 284 305 314 371 352 157 369 290 260 78 99 299 468 183 159 267 6 25 152 180 294 54 368 239 175 5 437 208 16 346 211 227 169 178 228 507 34 45 117 50 394 202 360 10 146 163 471 0 275 292 110 74 60 150 116 166 112 37 469 147 385 237 
354
113 24 41 306 215 92 422 42 154 100 141 158 62 209 348 91 164 510 484 446 265 279 125 250 58 179 258 59 51 190 108 423 343 115 398 449 107 56 184 131 380 333 105 79 448 220 119 55 20 27 301 302 111 481 98 276 217 475 218 308 109 204 168 46 118 224 61 90 327 185 57 269 310 83 144 282 316 171 222 428 126 161 39 2 497 478 297 97 123 84 18 334 35 106 177 19 245 248 120 138 221 364 231 390 504 353 214 317 319 485 315 289 1 48 64 133 14 198 223 321 203 191 122 229 148 63 187 137 389 494 124 165 249 323 351 354 499 244 256 429 65 129 309 382 331 401 339 36 259 197 167 30 442 241 52 439 386 162 459 89 238 219 81 358 257 181 188 399 85 139 11 143 23 304 230 212 142 21 136 287 33 134 419 8 193 491 476 199 235 506 13 7 101 232 488 307 503 9 356 182 383 127 370 372 335 355 72 132 303 505 68 242 384 286 243 274 114 96 357 247 500 225 77 366 186 121 88 201 508 17 233 466 438 4 350 367 153 509 236 53 206 216 405 43 73 66 205 403 174 69 296 261 418 501 483 3 40 103 130 176 26 86 511 102 195 170 47 80 379 87 151 49 200 28 71 94 149 44 95 160 280 173 22 252 93 273 38 15 32 338 362 234 82 226 155 207 104 140 70 189 284 305 314 352 157 369 290 260 78 99 299 468 159 267 6 25 152 180 294 54 368 239 175 5 437 208 16 346 211 227 169 178 228 507 34 45 117 50 394 202 360 10 146 471 0 275 74 116 166 112 37 469 385 237 
347
113 24 41 306 215 92 422 42 154 100 141 158 62 209 348 91 164 510 484 446 265 279 125 250 58 179 258 59 51 190 108 423 343 115 398 449 107 56 184 131 380 333 105 79 448 220 119 55 20 27 301 302 111 481 98 276 217 475 218 308 109 204 168 46 118 224 61 90 327 185 57 269 310 83 144 282 316 171 222 428 126 161 39 2 497 478 297 97 123 84 18 334 35 106 177 19 245 248 120 138 221 364 231 390 504 353 214 317 319 485 315 289 1 48 64 133 198 223 321 203 191 122 229 148 63 187 137 389 494 124 165 249 323 351 354 499 244 256 429 65 129 309 382 331 401 339 36 259 197 167 30 442 241 52 439 386 162 459 89 238 219 81 358 257 181 188 399 85 139 11 143 23 304 230 212 142 21 136 287 33 134 419 8 193 491 476 199 235 506 13 7 101 232 488 503 9 356 182 383 127 370 372 335 355 72 132 303 505 68 242 384 286 243 274 114 96 357 247 500 225 77 366 186 121 88 201 508 17 466 438 4 350 367 153 509 236 53 206 216 405 43 73 66 205 403 174 69 296 261 418 501 483 3 40 103 130 176 26 86 511 102 195 170 47 80 379 87 151 49 200 28 71 94 149 44 95 160 280 173 22 252 93 273 15 338 362 234 82 226 155 207 104 140 70 189 284 305 314 352 157 369 290 260 78 99 299 468 159 267 6 25 152 180 294 54 368 239 5 437 208 16 346 211 227 169 178 228 507 34 45 117 50 394 202 360 10 146 471 275 74 116 166 112 37 469 385 237 
331
113 24 41 306 215 92 422 42 154 100 141 158 62 209 348 91 164 510 484 446 265 125 250 58 179 258 59 51 190 108 423 343 115 398 449 107 56 184 131 380 333 105 79 448 220 119 55 20 27 301 302 111 481 276 217 475 218 308 109 204 168 46 118 224 61 90 327 185 57 269 310 83 144 282 316 171 428 126 161 39 2 497 478 297 97 123 84 18 334 106 177 19 245 248 120 138 221 364 390 504 353 214 317 319 485 315 289 1 48 64 133 198 223 321 203 191 122 229 148 63 187 137 389 494 124 165 249 323 351 354 499 244 256 429 65 129 309 382 331 401 339 36 259 197 167 30 442 241 52 439 386 162 459 89 238 219 358 257 181 188 399 85 139 11 143 23 304 230 212 142 21 136 287 33 134 419 8 193 491 476 199 235 506 13 7 232 488 503 9 356 182 127 370 372 335 355 72 132 505 68 242 384 286 243 274 114 96 357 500 225 77 366 186 121 88 201 508 17 466 4 350 367 153 509 236 53 206 216 405 43 73 66 205 403 174 69 296 261 418 501 483 40 103 130 176 26 86 511 102 195 170 47 80 379 87 151 49 200 28 71 94 149 44 160 280 173 22 252 93 273 15 338 362 234 82 226 155 207 104 140 70 189 284 305 314 352 157 369 290 260 99 78 468 159 6 25 152 180 294 54 368 239 5 437 208 16 346 211 227 169 178 228 507 34 45 117 50 202 360 10 146 471 275 74 116 166 112 37 469 385 237 
316
113 24 41 306 215 92 422 42 154 100 141 158 62 209 348 91 164 510 484 446 265 125 250 179 58 258 59 51 190 108 423 343 115 398 449 107 56 184 131 380 333 105 79 448 220 119 20 27 301 302 111 481 276 217 475 218 308 109 204 168 46 118 224 61 90 327 185 57 310 83 282 316 171 428 126 161 39 497 478 297 97 123 84 18 334 106 177 19 245 248 138 221 364 390 504 353 214 317 319 485 315 289 1 48 64 133 198 223 321 203 191 122 229 63 187 137 389 494 124 165 249 323 351 354 499 244 256 429 65 129 309 382 331 401 339 36 259 197 167 30 442 241 52 439 386 162 459 89 238 219 358 257 181 188 399 85 139 11 143 23 304 230 212 142 21 136 287 33 134 419 8 193 491 476 199 235 506 13 7 232 488 503 9 356 182 127 370 372 335 355 72 132 505 68 242 384 286 243 274 114 96 357 225 77 366 186 121 88 201 508 17 466 4 350 367 153 509 236 53 206 216 405 43 73 66 205 403 174 69 296 261 418 501 483 40 103 130 176 26 86 102 195 170 47 80 379 87 151 49 200 28 71 94 149 44 160 280 173 22 252 93 273 15 338 234 82 226 155 207 104 140 70 189 284 314 352 157 369 290 260 78 468 159 6 25 152 294 54 368 239 5 437 208 346 211 227 169 178 228 34 45 117 50 202 360 146 471 275 74 116 166 112 37 469 385 237 
300
113 478 87 151 136 49 287 297 97 33 123 134 200 41 419 28 8 18 71 84 193 491 334 306 215 94 92 422 476 149 199 42 44 154 235 100 160 141 506 280 62 13 106 7 22 252 19 93 173 177 348 209 248 273 245 138 232 488 91 338 503 221 364 9 164 234 356 390 504 82 510 226 155 446 484 265 353 182 207 125 104 140 70 189 214 317 319 250 127 179 58 485 284 370 335 355 258 315 289 72 132 59 1 505 48 51 64 68 242 108 314 384 133 423 343 352 286 157 115 369 198 223 290 398 449 321 243 107 114 260 274 56 78 184 96 131 468 203 225 380 77 159 333 105 79 122 191 6 366 186 121 229 448 25 88 152 63 187 137 201 220 119 294 389 54 368 239 20 27 437 494 208 346 17 124 211 227 165 249 301 302 323 354 351 111 481 466 4 276 499 350 217 244 169 475 367 153 178 218 190 256 509 308 228 236 204 429 206 34 216 168 405 45 46 117 73 50 43 118 224 61 90 202 65 66 129 309 327 185 331 205 36 360 259 146 339 471 197 167 30 57 69 174 403 261 296 442 241 275 52 418 439 501 386 483 310 83 282 40 162 103 89 130 176 74 171 238 219 358 116 166 112 37 26 86 181 188 428 469 399 126 385 102 195 170 85 139 11 143 23 161 39 47 237 304 212 142 21 497 379 
285
113 478 87 151 136 49 287 297 123 33 200 134 41 419 28 8 18 71 84 193 491 334 306 215 94 92 422 476 42 44 154 235 100 160 141 506 280 62 13 106 173 22 252 19 93 177 348 209 273 248 245 138 232 488 91 338 503 221 364 9 164 234 356 390 504 82 510 226 155 446 484 265 353 182 207 125 104 140 70 189 214 317 250 319 127 179 58 485 284 370 335 355 258 315 289 72 132 59 1 51 64 190 68 242 108 314 384 133 423 343 352 286 157 115 369 198 223 290 398 449 321 243 107 114 274 56 78 184 96 131 468 203 380 77 159 333 105 79 122 191 6 366 186 121 229 448 25 88 152 63 187 137 201 220 119 294 389 54 368 239 20 27 437 494 208 346 17 124 211 227 165 249 301 302 323 354 351 111 481 466 4 276 499 350 217 244 169 475 367 153 178 218 509 308 228 236 204 429 206 34 405 168 216 45 46 117 43 50 224 61 90 202 65 66 129 309 327 185 331 205 36 360 259 146 167 30 57 69 174 403 261 296 442 241 275 52 418 439 501 386 483 310 83 282 40 162 103 89 130 176 74 171 238 219 358 116 166 181 37 26 86 188 112 428 469 399 126 385 102 195 170 85 139 143 161 23 39 47 237 304 212 142 21 497 379 
269
113 478 87 151 49 287 297 123 33 200 134 41 419 28 8 18 84 193 71 491 334 306 215 94 92 422 476 42 44 154 100 160 141 506 280 62 13 106 173 22 252 19 93 177 348 209 273 248 245 138 232 488 91 338 503 221 364 9 164 234 356 390 504 82 510 226 155 446 484 265 353 182 207 125 104 140 70 189 214 317 250 319 127 179 58 485 284 370 335 258 315 289 72 132 59 1 51 64 190 242 108 314 384 133 343 352 286 157 369 115 198 223 290 398 449 243 107 114 274 56 78 184 131 468 203 77 159 333 105 79 122 191 6 366 186 121 229 448 88 152 63 187 137 201 220 119 389 54 368 239 20 27 437 494 208 17 124 211 301 165 249 302 323 227 354 351 111 481 466 4 276 499 350 217 244 169 475 367 153 178 218 509 308 228 236 204 429 206 34 405 168 216 45 46 117 43 50 224 61 90 202 65 66 129 309 327 185 331 205 36 259 146 167 30 57 69 174 403 261 296 442 241 275 52 418 501 386 483 310 83 282 40 162 103 89 130 74 171 238 219 358 116 166 181 37 26 86 188 112 428 469 399 126 385 102 170 85 139 143 161 23 39 47 237 212 142 21 497 379 
258
113 478 87 151 49 287 297 123 33 200 134 41 419 28 8 18 84 193 71 491 334 306 215 94 92 422 476 42 44 154 100 160 141 506 280 62 13 106 209 22 252 19 93 177 348 273 245 138 232 488 91 338 503 221 364 9 164 234 356 390 504 82 510 226 484 446 265 353 182 207 125 104 140 70 189 214 319 250 127 179 58 485 284 370 335 258 315 289 72 59 1 51 64 190 242 108 314 384 133 343 352 286 157 369 115 198 223 290 398 449 243 107 114 274 56 184 131 468 203 77 159 333 105 79 122 191 6 366 186 121 229 448 88 152 63 187 137 201 220 119 389 54 368 20 27 437 494 208 17 124 211 301 165 249 302 227 351 354 323 111 481 466 4 276 499 350 217 244 169 475 367 153 178 509 308 228 236 204 429 206 34 405 168 216 45 46 117 50 224 61 90 202 65 66 129 309 327 185 331 205 36 259 146 167 30 57 69 174 403 261 296 442 241 275 52 501 386 483 310 83 282 40 162 103 89 130 74 171 238 219 358 116 166 181 37 26 86 188 112 469 126 399 385 102 170 85 139 143 161 23 39 47 237 212 142 21 497 379 
