16
318
22 24 203 303 132 50 168 37 446 190 189 202 39 64 241 205 20 16 73 78 226 53 210 58 62 36 134 165 147 159 177 44 413 158 29 15 21 151 285 100 283 214 56 286 176 174 181 211 14 389 116 195 38 311 342 300 440 31 166 385 52 155 184 236 235 84 213 265 263 68 118 106 162 188 185 17 196 59 278 6 66 356 365 80 206 186 72 65 279 180 10 156 192 321 61 2 81 349 208 225 117 281 173 97 93 345 75 175 19 182 276 55 70 161 34 102 135 23 291 153 145 301 353 164 33 126 129 238 377 92 227 222 293 57 231 191 13 131 318 4 199 326 79 374 63 69 197 432 212 330 98 48 240 120 221 229 148 193 121 341 179 178 32 74 11 122 337 163 167 83 251 0 127 12 218 242 40 114 401 441 170 201 260 183 194 87 8 409 67 350 113 157 96 141 144 200 388 334 270 27 71 237 112 256 320 433 154 233 387 47 424 26 417 228 101 280 234 230 42 262 220 108 142 5 394 289 41 308 325 150 223 217 76 246 160 133 43 266 123 198 85 128 124 224 35 77 207 292 348 254 137 45 304 209 89 422 94 204 443 105 25 172 247 287 3 51 136 232 46 140 7 30 18 187 410 109 115 139 1 339 295 91 288 309 88 152 104 335 111 298 99 90 169 299 248 130 146 428 171 103 215 324 54 355 219 239 416 119 9 243 358 284 110 82 86 95 49 143 
308
22 24 203 303 132 50 168 37 446 190 189 202 64 241 205 20 73 78 226 53 210 58 62 36 134 165 147 159 177 44 413 158 29 15 21 151 285 100 214 56 286 176 174 181 211 14 389 116 195 38 311 342 300 440 31 166 385 52 155 184 236 235 84 213 265 263 68 118 106 162 188 185 17 196 59 278 6 66 356 365 80 206 186 72 65 279 180 10 156 192 321 61 2 81 349 208 225 117 281 173 93 345 75 175 19 182 276 55 70 161 34 102 135 23 291 153 145 301 353 164 33 126 129 238 377 92 227 222 293 57 231 191 13 131 318 4 199 326 79 374 63 69 197 432 212 330 98 48 240 120 221 229 148 193 121 341 179 178 32 74 11 122 337 163 167 83 251 0 127 12 218 242 40 114 401 170 201 260 183 194 87 8 409 67 350 113 157 96 141 144 200 388 334 270 27 71 237 112 256 320 433 154 233 387 47 424 26 417 228 101 280 234 230 42 262 220 108 142 5 394 289 41 325 150 217 76 246 160 133 43 266 123 198 85 128 124 224 77 207 292 348 254 137 45 304 209 89 422 94 204 443 105 25 172 247 287 3 51 136 232 46 140 7 30 18 187 410 109 115 139 1 339 295 91 288 309 88 152 104 335 298 99 169 299 248 130 146 428 171 103 215 324 54 355 219 239 416 119 9 243 358 284 110 82 86 95 49 143 
297
59 22 278 24 224 203 303 132 229 148 6 77 66 207 50 292 356 365 168 37 193 446 348 80 254 206 121 341 179 186 178 137 45 72 190 32 189 202 74 64 209 89 11 122 205 422 20 65 73 94 204 226 105 53 337 279 443 180 25 163 167 83 251 221 172 247 10 0 127 12 156 192 210 40 218 242 114 3 287 321 61 401 2 58 51 62 134 170 201 349 260 165 136 183 194 87 8 208 225 46 409 117 67 140 7 147 281 173 159 350 345 113 30 177 18 157 96 44 75 141 144 200 388 413 158 175 19 29 187 15 124 334 270 21 27 71 237 410 109 151 112 285 115 256 320 433 139 1 276 55 100 154 233 70 161 339 387 34 102 214 295 56 286 91 288 47 176 309 174 26 181 424 135 417 211 228 88 23 291 101 153 14 145 301 152 280 389 116 234 195 230 353 104 38 42 164 33 126 262 129 238 311 377 335 108 342 92 227 142 300 222 440 298 293 99 5 31 57 169 166 231 299 385 191 13 289 41 394 248 131 318 52 155 4 199 325 184 150 326 236 79 130 63 69 235 217 146 428 171 84 213 103 196 197 215 246 263 265 76 160 324 54 355 212 432 133 43 266 330 98 48 68 118 123 106 219 119 9 120 240 243 162 198 284 358 416 188 110 85 82 86 128 185 17 81 49 143 
287
59 22 278 24 224 203 303 132 229 148 6 77 66 207 50 356 365 168 37 193 446 348 80 254 206 121 341 179 186 178 137 45 72 190 32 189 202 74 64 209 89 11 122 205 422 20 65 73 94 204 226 105 53 337 279 443 180 25 163 167 83 251 221 172 247 10 0 127 12 210 192 218 40 242 287 114 3 321 61 401 2 58 51 62 134 170 201 349 260 165 136 194 87 8 208 225 46 409 117 67 140 7 147 281 173 159 345 113 30 177 18 157 96 44 75 141 144 200 388 413 158 175 29 187 15 124 334 270 21 27 71 237 410 109 151 112 285 115 256 320 433 139 1 276 55 100 154 70 161 339 387 34 102 214 56 286 91 288 47 176 309 174 26 181 424 135 417 211 228 88 23 291 101 153 14 145 301 152 280 389 116 234 195 230 353 104 38 42 164 33 126 262 129 238 311 377 335 108 342 92 227 142 300 222 298 99 5 31 57 169 166 231 299 385 191 13 289 41 394 248 131 318 52 155 4 199 325 184 150 326 236 79 130 63 69 235 217 146 428 84 213 103 196 197 215 246 263 265 76 160 324 54 355 212 432 133 43 266 330 98 48 68 118 123 106 219 119 9 120 240 243 162 198 284 358 416 188 110 85 82 86 128 185 17 81 49 143 
271
59 22 278 24 224 303 132 229 148 6 77 66 207 50 356 365 168 37 193 446 348 80 254 206 121 341 179 186 178 137 45 72 190 32 189 202 74 64 209 89 11 122 205 422 20 73 94 204 226 337 105 53 279 443 25 163 167 83 251 221 10 0 127 12 218 192 242 40 210 287 114 3 321 61 2 58 51 62 134 170 201 349 260 136 194 87 8 208 225 46 409 117 67 140 7 147 281 173 159 345 113 30 177 18 96 44 75 141 144 200 388 158 175 29 187 15 124 334 270 21 27 71 237 410 151 112 285 115 256 320 433 139 1 276 55 100 154 70 161 339 387 34 102 214 56 286 91 288 47 176 309 174 26 181 424 135 417 211 228 88 23 101 153 14 145 301 152 280 389 116 234 195 230 104 38 42 164 33 126 262 129 238 311 335 108 342 92 227 142 300 222 298 99 5 57 169 166 231 299 385 191 13 289 41 394 248 131 318 52 155 4 199 325 184 150 326 236 79 130 63 69 235 217 146 428 84 213 103 196 197 215 246 263 265 76 160 324 54 355 212 432 133 43 266 330 98 48 118 123 106 219 119 9 240 243 358 162 198 284 416 188 110 85 82 86 128 185 17 81 49 143 
266
59 22 278 24 224 303 132 229 148 6 77 66 207 50 356 168 37 193 446 348 80 254 206 121 341 179 186 178 137 45 72 190 32 189 202 74 64 209 89 11 122 205 422 20 73 94 337 226 443 105 53 279 25 163 167 83 251 221 10 0 127 12 218 192 242 40 210 287 114 3 321 61 2 58 51 62 134 170 201 349 260 136 194 87 8 225 46 409 117 67 140 7 147 281 173 159 345 113 30 177 18 96 44 75 141 144 200 388 158 175 29 187 15 124 334 270 21 27 71 237 410 151 112 285 115 256 320 433 139 1 276 55 100 154 70 161 339 387 34 102 214 56 286 91 288 47 176 309 174 26 181 424 135 417 211 228 88 23 101 153 14 145 301 152 280 389 116 234 195 230 104 38 42 164 33 126 262 129 238 311 335 108 342 92 227 142 300 222 298 99 5 57 169 166 231 299 385 191 13 289 394 248 131 318 52 155 4 199 325 184 150 326 236 79 130 63 69 235 217 146 428 84 213 103 196 197 215 246 263 265 76 160 324 54 355 212 432 133 43 266 330 98 48 118 123 106 219 119 9 240 243 358 162 198 284 416 188 110 85 82 86 128 185 17 81 49 
258
59 22 278 24 303 132 229 148 6 77 66 207 50 356 168 37 193 446 80 254 206 121 341 179 186 178 137 45 72 190 32 189 202 74 64 209 89 11 122 205 422 20 73 94 337 226 443 105 53 279 25 167 83 251 221 10 0 127 12 218 192 242 40 210 287 114 3 321 61 2 58 51 62 134 170 349 260 136 194 87 8 225 46 409 117 67 140 7 147 281 173 159 345 113 30 177 18 96 44 75 141 144 200 388 158 175 29 187 15 124 334 270 21 27 71 237 410 151 112 285 115 256 320 433 139 1 276 55 100 154 70 161 339 387 34 102 214 56 288 47 176 309 174 26 181 424 135 417 211 228 88 23 101 153 14 145 301 152 280 116 234 195 230 104 38 42 164 33 126 262 129 238 311 335 108 342 92 227 142 300 222 298 99 5 57 169 166 231 299 385 191 13 289 394 248 131 318 52 155 4 199 325 184 150 326 236 79 130 63 69 235 217 146 84 213 103 196 197 215 246 263 265 76 160 324 54 355 212 432 133 43 266 330 98 48 118 123 106 219 119 9 240 243 358 162 198 284 416 188 110 85 82 86 128 185 17 81 49 
246
59 22 278 24 303 229 148 6 77 66 207 50 356 168 37 193 446 254 206 121 341 179 186 178 137 45 72 190 32 189 202 74 64 89 11 122 205 422 20 73 94 337 226 443 105 53 279 25 167 83 251 221 10 0 127 12 218 192 242 40 210 287 114 3 321 61 2 58 51 134 62 170 349 260 194 87 8 225 46 409 117 67 140 7 147 281 173 345 113 30 177 18 96 44 75 141 144 388 158 175 29 187 15 124 334 270 21 27 71 237 410 151 112 285 115 256 320 433 139 1 276 55 100 154 161 387 34 214 102 56 288 47 176 309 174 26 181 424 135 417 211 228 88 23 101 153 14 145 301 152 280 116 234 195 230 104 38 164 33 126 262 129 238 311 335 108 342 92 227 142 300 222 298 99 5 57 169 166 231 299 385 191 394 289 248 131 318 52 155 4 199 325 184 150 326 236 79 130 63 69 235 217 146 84 213 197 196 215 263 246 265 76 160 324 54 355 212 432 133 43 266 330 98 48 118 123 106 219 119 9 240 243 358 162 198 416 188 110 85 82 86 128 185 17 81 49 
234
59 22 278 24 303 229 148 6 77 207 50 356 168 37 193 446 254 206 121 341 179 186 178 137 45 72 190 32 189 202 74 64 89 11 122 205 422 20 73 94 337 226 443 105 53 279 25 167 83 251 221 10 0 127 12 218 192 242 40 210 287 114 321 61 2 58 51 134 62 170 349 260 194 87 8 225 46 409 117 67 140 7 147 281 173 345 113 30 177 18 96 44 75 141 144 388 158 175 29 187 15 124 334 270 27 21 71 237 410 151 112 285 115 256 320 433 139 1 276 55 100 154 161 387 34 214 102 56 288 47 176 309 174 26 181 424 135 417 211 228 88 23 101 153 145 301 152 280 116 234 195 230 104 38 164 33 126 262 129 238 311 335 108 92 227 142 300 222 298 99 5 57 169 166 231 299 385 191 394 289 248 131 52 155 199 325 184 150 326 236 79 130 63 69 235 217 146 84 213 197 196 215 263 265 76 160 54 355 212 133 43 266 330 48 123 106 219 119 9 240 243 358 162 198 416 188 110 85 82 86 185 17 81 49 
226
59 22 278 303 229 148 6 77 207 50 356 168 37 193 446 206 121 341 179 186 178 137 45 72 190 32 189 202 74 64 89 11 122 205 422 20 73 94 337 226 443 105 53 279 25 167 83 251 221 10 0 127 12 218 192 242 40 210 287 114 321 61 2 58 51 134 62 170 349 260 194 87 8 225 46 117 67 140 7 147 281 173 345 113 30 177 18 96 44 75 141 144 388 158 175 29 187 124 334 270 27 21 71 237 410 151 112 285 115 256 320 433 139 1 276 55 100 154 161 387 34 214 102 56 288 47 176 309 174 26 181 424 135 417 211 228 88 23 101 153 145 301 152 280 116 234 195 230 104 38 164 33 126 262 129 238 311 335 108 92 227 300 222 298 99 5 57 169 166 231 299 385 191 394 289 248 52 155 199 325 184 150 326 236 79 130 69 235 217 146 84 213 197 196 215 263 265 76 160 54 355 212 133 43 266 330 48 123 106 219 119 9 358 243 416 162 198 188 110 85 82 86 185 17 81 49 
220
59 22 278 303 229 148 6 77 207 50 356 168 37 446 49 206 121 341 179 186 178 137 45 72 190 32 189 202 74 64 89 11 122 205 422 20 73 94 337 226 443 105 53 279 25 167 83 251 221 10 0 127 12 218 192 242 40 210 287 114 321 61 2 58 51 134 62 170 349 260 194 87 8 225 46 117 67 140 7 147 281 173 345 113 30 177 18 141 44 75 144 96 388 158 175 29 187 334 270 27 410 71 237 151 112 285 115 256 320 433 139 1 276 55 100 154 161 387 34 214 102 56 288 47 176 309 174 26 181 424 135 417 211 228 23 101 153 145 301 152 280 116 234 195 230 104 38 164 33 126 262 129 238 311 108 92 227 300 222 298 99 5 57 169 166 231 299 385 191 394 289 248 52 155 199 325 184 150 326 236 79 69 235 217 146 84 213 197 196 215 263 265 76 160 54 355 212 133 43 266 330 48 123 219 106 119 9 358 243 162 198 188 110 85 82 86 185 17 81 124 
212
59 22 278 229 148 6 77 207 50 356 168 37 446 49 206 121 341 179 186 178 137 45 72 190 32 189 202 74 64 89 11 122 205 422 20 73 94 337 226 443 105 53 279 25 167 83 251 221 10 0 127 12 218 192 242 210 287 321 114 61 2 58 51 134 170 349 260 194 87 8 225 46 117 67 140 7 147 281 173 345 113 30 177 18 141 44 75 144 96 388 158 175 29 187 334 270 27 71 237 151 112 285 115 256 433 139 1 276 55 100 154 161 387 102 214 56 288 47 176 309 174 26 181 424 135 417 211 228 23 101 153 145 301 152 280 116 234 195 230 104 38 164 33 126 262 129 238 311 108 92 227 300 222 298 99 5 57 169 166 231 299 385 191 394 289 248 52 155 199 325 326 150 236 79 69 235 217 146 84 213 197 196 215 263 265 76 160 54 355 212 133 43 266 330 48 123 219 106 119 9 358 243 162 188 110 85 82 86 185 17 81 124 
205
59 22 278 229 148 6 77 207 50 356 168 37 446 49 206 121 341 179 186 178 137 45 72 190 32 189 202 74 64 89 11 122 205 422 20 94 337 73 226 443 105 53 279 25 167 83 251 221 10 0 218 12 242 192 210 287 321 114 61 2 58 51 134 170 260 194 87 8 225 46 117 67 140 7 147 281 173 345 113 30 177 141 44 75 144 96 388 158 175 29 187 334 270 27 71 237 151 112 285 115 256 433 139 1 276 55 100 154 161 387 102 214 56 288 47 176 309 174 26 181 424 135 417 211 228 23 101 153 145 301 152 280 116 234 230 104 38 164 126 262 129 238 311 108 92 227 300 222 298 99 5 57 169 166 231 299 191 394 289 248 52 155 199 325 326 150 236 79 69 235 217 146 84 265 197 196 215 263 76 160 54 355 212 133 43 266 330 48 123 219 106 119 9 358 243 162 188 110 85 82 86 185 17 81 124 
195
59 22 278 229 148 6 77 207 50 356 37 446 49 206 121 341 179 186 178 137 45 72 190 32 189 202 74 64 89 11 122 205 422 20 94 337 73 226 443 105 53 279 25 167 83 251 221 10 0 218 12 242 192 210 287 321 114 61 2 58 51 170 260 87 8 225 46 117 67 140 7 147 281 173 345 30 177 141 44 75 144 96 388 158 175 29 187 334 270 27 71 237 151 112 115 256 433 139 1 55 100 154 161 387 102 214 56 288 47 176 309 174 26 181 424 135 417 211 228 23 101 153 145 301 152 280 116 234 230 104 38 164 126 262 311 108 92 227 300 222 298 99 5 57 169 166 231 299 394 289 248 52 155 199 325 326 150 236 79 69 235 217 146 84 265 197 196 215 263 76 160 54 355 212 43 266 330 48 123 219 106 119 9 358 243 162 188 110 85 82 86 185 17 81 124 
184
59 278 229 6 77 207 50 356 37 446 49 206 121 341 179 186 178 137 45 72 190 32 189 202 74 64 89 11 122 205 422 20 94 337 73 226 443 105 279 25 167 83 251 221 10 0 218 12 242 192 210 287 321 114 61 58 51 170 260 87 8 225 46 117 67 140 7 147 281 173 345 30 177 141 44 75 144 96 388 158 175 29 187 334 270 27 71 237 151 112 115 256 139 1 55 100 161 387 102 56 288 47 176 309 174 26 181 424 135 417 211 228 23 101 153 145 301 152 280 116 234 230 104 38 164 126 262 311 92 227 222 298 99 5 57 169 166 231 299 394 289 248 52 155 199 325 326 150 236 79 69 217 146 84 265 197 196 215 263 160 54 355 212 43 266 330 48 123 219 106 119 9 358 243 162 188 110 85 82 86 185 17 81 124 
177
59 278 229 6 77 207 50 356 37 446 206 121 341 179 186 178 137 45 72 190 32 189 202 74 64 89 11 122 205 422 20 94 337 73 226 443 105 279 25 167 83 251 221 10 0 218 12 242 192 210 287 321 61 58 170 260 87 8 225 46 117 67 140 7 147 281 173 345 30 177 141 44 75 144 96 388 158 175 29 187 334 270 27 71 237 151 112 115 256 139 1 100 161 387 56 288 47 176 309 174 26 181 424 135 417 211 228 23 101 153 145 301 152 280 116 234 230 104 38 164 126 262 311 92 227 222 298 99 5 57 169 166 231 299 394 289 248 52 325 199 155 326 150 79 69 217 146 84 265 197 196 215 263 160 54 355 212 43 266 330 48 123 219 106 9 358 243 162 188 110 85 82 86 185 17 81 124 
