6
289
92 63 277 23 149 87 134 57 102 96 129 187 21 223 6 215 27 235 22 127 101 11 268 125 267 175 145 14 7 259 212 142 56 48 66 1 37 220 30 81 78 279 139 100 16 68 111 190 110 254 140 271 114 153 173 74 132 151 195 136 276 228 253 183 170 54 99 108 106 93 209 201 152 144 47 122 245 246 287 270 198 150 208 94 161 233 202 45 258 178 224 29 251 185 9 247 189 70 79 250 143 5 49 77 18 86 216 239 196 103 19 283 46 83 137 109 200 15 147 231 221 269 26 181 112 160 241 118 60 107 236 177 194 162 222 264 155 105 85 88 53 40 36 164 180 203 182 172 67 138 117 133 71 280 121 167 176 199 244 141 192 184 95 272 116 10 65 206 191 169 55 35 281 32 163 61 52 25 75 286 13 275 278 84 261 186 273 50 284 39 82 165 131 204 148 59 158 3 193 227 232 218 69 225 124 28 38 44 197 255 266 33 282 115 289 43 188 237 0 31 34 51 73 288 174 98 263 230 12 97 120 179 205 249 42 157 17 214 248 257 4 210 159 135 168 211 219 90 229 242 20 156 126 154 274 252 243 166 24 123 213 146 64 238 104 41 113 262 80 171 119 62 76 260 128 8 207 91 89 265 285 72 226 2 256 234 217 130 58 
270
92 149 87 134 57 102 96 129 187 21 223 6 215 27 22 235 101 11 268 125 267 175 145 14 7 259 212 142 56 48 66 1 37 220 30 81 78 139 100 16 68 111 190 110 254 140 271 114 173 74 151 132 136 195 276 228 170 183 253 54 99 108 93 209 152 144 122 47 245 246 287 270 198 161 208 94 150 233 202 45 258 224 178 29 251 185 9 247 189 79 250 143 77 49 18 5 86 216 239 196 103 19 46 83 137 109 200 15 147 225 231 221 269 26 181 112 160 241 118 60 107 236 177 194 162 264 155 105 88 53 85 40 36 164 180 203 182 172 67 138 117 133 121 280 71 167 95 176 192 141 272 184 116 244 199 10 65 206 169 55 35 281 32 163 61 52 25 286 13 278 84 275 261 186 273 50 284 39 165 82 204 131 148 59 158 3 193 227 232 218 69 28 124 237 38 44 255 266 33 197 289 115 282 43 188 0 34 51 31 174 288 73 98 263 230 179 97 120 205 249 42 17 157 248 257 4 210 159 135 211 168 219 90 229 156 274 242 126 154 20 252 243 166 24 123 213 23 64 146 104 41 113 238 262 171 119 62 76 260 128 8 207 91 89 285 2 256 234 217 130 
207
92 149 87 57 96 129 187 21 223 6 215 27 22 235 11 268 267 175 14 7 48 37 220 30 78 100 68 190 111 254 114 74 173 151 136 195 132 276 228 253 183 54 99 93 108 152 144 122 47 245 246 198 161 208 94 233 45 258 29 178 251 185 247 189 79 143 5 216 49 18 86 239 196 103 19 200 83 109 15 147 221 26 181 112 160 241 118 60 107 236 177 194 264 105 88 53 40 36 164 180 203 172 71 138 117 133 280 116 95 176 192 141 199 184 167 10 65 206 169 281 35 32 61 163 25 13 84 278 261 186 273 50 284 165 82 204 148 59 158 232 69 28 124 266 44 255 33 38 197 289 115 282 43 188 0 34 31 174 98 263 230 179 97 120 17 42 157 248 257 4 211 135 168 159 219 90 229 274 242 156 126 20 154 252 243 213 24 23 146 123 64 238 104 41 113 262 119 62 76 260 8 128 89 2 234 217 130 
132
92 57 96 129 187 223 215 27 235 11 268 267 175 14 7 37 30 78 100 190 111 254 173 74 276 195 228 183 99 93 108 152 122 245 198 161 233 45 258 178 251 247 189 143 216 86 196 103 200 109 15 147 221 26 160 241 60 107 236 177 264 105 88 53 40 36 164 180 71 138 117 133 176 192 199 141 184 10 65 169 281 35 61 163 13 84 261 273 50 284 165 204 148 59 158 69 124 44 33 282 115 188 0 34 31 98 120 42 4 211 159 135 229 168 274 242 154 213 24 23 146 64 113 104 119 62 76 260 89 234 217 130 
76
195 282 228 99 108 188 34 264 53 88 152 98 122 236 245 36 120 180 164 71 42 107 138 133 117 215 27 235 4 176 199 161 198 11 268 258 229 192 168 10 175 169 14 35 154 61 163 189 24 216 64 113 196 37 62 30 200 260 261 15 78 147 100 165 190 111 204 148 254 26 276 217 60 173 44 124 
31
282 98 122 236 36 180 138 117 161 198 27 4 176 199 11 258 14 189 30 261 78 147 190 111 148 276 26 254 124 173 44 
